ply
format ascii 1.0
comment PCL generated
element vertex 3063
property list uint float x_axis
property list uint float y_axis
property list uint float z_axis
element camera 1
property float view_px
property float view_py
property float view_pz
property float x_axisx
property float x_axisy
property float x_axisz
property float y_axisx
property float y_axisy
property float y_axisz
property float z_axisx
property float z_axisy
property float z_axisz
property float focal
property float scalex
property float scaley
property float centerx
property float centery
property int viewportx
property int viewporty
property float k1
property float k2
end_header
3 0.82279235 0.50529957 -0.26016375 3 0.45240691 -0.30522937 0.83795184 3 0.3440071 -0.80716014 -0.47974136
3 0.9581846 0.28491619 0.026554734 3 0.15431049 -0.59263343 0.79055309 3 0.24097857 -0.753398 -0.61181772
3 0.25482246 0.66232312 -0.70455229 3 0.93609917 0.013723701 0.35146946 3 0.24245533 -0.74909288 -0.61650276
3 -0.94760293 -0.091389984 -0.30609909 3 0.14309767 0.73525465 -0.66251326 3 0.28560784 -0.67160147 -0.68365175
3 -0.92609549 0.092296869 -0.36582574 3 -0.15676668 0.78781855 0.5956226 3 0.34317839 0.6089527 -0.7151261
3 -0.36582118 0.51237571 -0.7769466 3 0.93031496 0.22486144 -0.28974369 3 0.026247686 -0.82879943 -0.55892986
3 -0.70419163 -0.4440968 0.55397892 3 -0.70649505 0.36073077 -0.60888332 3 0.070565872 -0.82015353 -0.56777555
3 0.78479326 0.071774796 -0.61558765 3 -0.6114248 -0.072668239 -0.78795898 3 -0.10128925 0.99477023 -0.013144642
3 0.68181837 0.34896991 -0.64291823 3 -0.31452477 -0.6536451 -0.68834764 3 -0.6604529 0.67154169 -0.33590749
3 -0.83409727 -0.11392565 -0.53972459 3 -0.38327935 0.82336581 0.41852784 3 0.3967098 0.55595827 -0.73043257
3 -0.6659162 0.061188251 0.74351299 3 0.65785724 0.51816952 0.54655659 3 -0.35182294 0.85308629 -0.38531065
3 -0.94581163 -0.2742537 -0.17385498 3 -0.25938842 0.31602859 0.9126029 3 -0.19534154 0.90824616 -0.37004164
3 -0.39803496 -0.41836345 -0.8164193 3 -0.91064686 0.072640464 0.40675077 3 -0.11086456 0.90537041 -0.4098947
3 -0.4631598 -0.43275955 -0.77343524 3 -0.878519 0.33937603 0.33619684 3 0.11699298 0.83519047 -0.53737289
3 -0.51470792 -0.219521 -0.82878602 3 -0.85190058 0.021976359 0.52324206 3 -0.096648932 0.97536016 -0.19832149
3 0.8640027 0.49757037 -0.076963395 3 0.26748383 -0.3241128 0.90741599 3 0.42655838 -0.80459613 -0.41312623
3 0.10931495 0.57753754 0.80901212 3 0.95163214 -0.29591149 0.082659312 3 0.28713486 0.76084608 -0.58195078
3 -0.92189616 0.33201173 0.19968942 3 -0.074832417 0.35311705 -0.93258178 3 -0.38014176 -0.87468666 -0.30069196
3 0.28548756 -0.85824406 0.426514 3 -0.27031821 0.3548559 0.89498931 3 -0.91947007 -0.37080273 -0.13069202
3 0.027178317 -0.62959945 -0.77644432 3 -0.94563103 0.2356413 -0.22417615 3 0.32410356 0.74032265 -0.58896452
3 -0.56407934 -0.12722805 0.81586015 3 -0.81036013 0.27499217 -0.51739347 3 -0.15852816 -0.95299131 -0.25821787
3 -0.40660623 -0.91021693 -0.078590855 3 -0.7559219 0.38349244 -0.53058064 3 0.51308244 -0.15632884 -0.84398329
3 -0.62390554 -0.77971935 -0.052723892 3 -0.62558699 0.53872997 -0.5642795 3 0.46838349 -0.31907368 -0.82389873
3 0.20796651 0.96351141 -0.16851015 3 0.83537245 -0.085339084 0.54301959 3 0.50882506 -0.25369862 -0.82263857
3 -0.83364391 -0.43914235 -0.33495033 3 -0.47738338 0.87790978 0.037140913 3 0.27774608 0.19086204 -0.94150352
3 -0.80453783 -0.45927092 -0.37654912 3 -0.35603717 0.88044089 -0.31314778 3 0.47534892 -0.11787371 -0.87186539
3 -0.13496174 -0.63348639 -0.76189268 3 -0.88336694 -0.27137867 0.38212132 3 -0.44883001 0.72460246 -0.52297521
3 -0.58699179 -0.61465216 -0.52691895 3 -0.70386821 0.70902997 -0.042970449 3 0.40001312 0.34565812 -0.84882873
3 -0.52632707 0.67800534 0.51311648 3 0.80215472 0.19578537 0.56410623 3 0.28200635 0.70850325 -0.64691234
3 0.82206666 -0.52202624 -0.22736572 3 -0.5028758 -0.47834727 -0.71993077 3 0.26706293 0.70616764 -0.65574759
3 -0.075452082 -0.48886657 -0.86908942 3 -0.93065035 -0.27843109 0.23741533 3 -0.35804585 0.82673258 -0.43395442
3 -0.47987649 0.49221057 0.72625577 3 0.85837591 0.43457299 0.27264911 3 -0.18141033 0.75423825 -0.63104296
3 0.7914561 0.36422658 0.49085274 3 0.60966909 -0.52770859 -0.59146214 3 0.04360098 0.76737392 -0.63971579
3 -0.6391083 -0.76249546 -0.10070478 3 -0.75243342 0.64698607 -0.12350483 3 0.15932643 -0.0031593209 -0.98722106
3 -0.83749145 0.11870275 -0.53340185 3 0.351091 0.86487788 -0.35877702 3 0.41873971 -0.48774537 -0.76600343
3 -0.11127242 0.93332916 -0.34134293 3 0.90895653 0.23444155 0.34472468 3 0.40176663 -0.2719076 -0.87444264
3 -0.86736429 0.082344539 -0.49081394 3 0.26633573 0.90990889 -0.31801069 3 0.42040959 -0.40655249 -0.81115401
3 -0.67711633 0.65012413 0.34474915 3 0.72886634 0.52800465 0.43584952 3 0.10132715 0.54639691 -0.83137423
3 0.92957467 -0.35654521 -0.093629807 3 -0.28192076 -0.52395189 -0.8037383 3 0.2375115 0.77353084 -0.58756983
3 0.072654799 0.93401289 0.3497732 3 0.90068537 -0.21206722 0.37920111 3 0.42835411 0.28748482 -0.85665941
3 -0.88923836 -0.048305541 -0.45488653 3 0.13899347 0.91886163 -0.36928865 3 0.43581647 -0.39161187 -0.81037283
3 -0.18914279 0.73894423 -0.64667326 3 0.90313065 0.38942575 0.18083821 3 0.38546064 -0.54982638 -0.74102032
3 0.75107002 0.51281893 0.41582504 3 0.33034712 -0.83721524 0.43582273 3 0.57163328 -0.18996677 -0.79821557
3 0.087619051 0.32949772 0.94008213 3 0.7897929 0.55214578 -0.26713803 3 -0.60708362 0.76587635 -0.21185642
3 0.62832034 -0.49781108 -0.59782743 3 -0.74610776 -0.16797972 -0.64428717 3 0.2203104 0.85086244 -0.47696581
3 0.74096859 -0.49916252 -0.44922423 3 -0.62031412 -0.25250289 -0.74259865 3 0.25724697 0.82890236 -0.49673423
3 -0.63351613 -0.32081294 -0.70408553 3 -0.73620033 0.52990443 0.42096388 3 0.23804741 0.78503537 -0.57188553
3 0.20079246 0.95672619 -0.21061194 3 0.079203472 -0.23014115 -0.96992886 3 -0.97642684 0.17807321 -0.12198664
3 0.17466731 0.78059763 -0.60013229 3 0.88459843 0.14326264 0.4438037 3 0.4324086 -0.60839403 -0.66549206
3 0.27180421 -0.94353575 -0.1893751 3 -0.85201544 -0.14444467 -0.50319535 3 0.44742849 0.29812112 -0.84316754
3 -0.43142143 -0.50571352 -0.7470805 3 -0.85636115 0.49003938 0.1628111 3 0.28376314 0.71001101 -0.6444869
3 -0.23750827 0.73846233 -0.63108099 3 0.86214244 0.45957652 0.21330699 3 0.44754851 -0.49341747 -0.74581474
3 -0.077513397 0.8438611 0.53093326 3 0.8932994 -0.17769544 0.41284463 3 0.44272792 0.5062834 -0.7400468
3 nan nan nan 3 nan nan nan 3 nan nan nan
3 0.25165746 -0.65198624 0.71525002 3 -0.83482134 -0.52012664 -0.18039343 3 0.48963454 -0.55170852 -0.67518574
3 -0.24909146 0.74580896 -0.61783683 3 0.81199598 0.50851977 0.28647903 3 0.52784091 -0.43032163 -0.73226184
3 -0.67570531 -0.44773164 -0.5856269 3 -0.643718 0.74550593 0.17276713 3 0.35923499 0.49371821 -0.79195505
3 -0.41171187 0.63447821 -0.6541642 3 0.7414692 0.65055561 0.16431913 3 0.52982706 -0.41739044 -0.73828751
3 0.035807852 -0.84130335 0.53937602 3 -0.019892922 0.53901523 0.84206116 3 -0.99916077 -0.040882166 0.0025649932
3 0.51185107 -0.83216375 -0.21333548 3 -0.59706789 -0.16604972 -0.78481686 3 0.61767185 0.5290851 -0.58185095
3 0.33401689 0.93021572 0.15209049 3 0.69344127 -0.35180405 0.6287871 3 0.63841367 -0.10455962 -0.7625584
3 0.29127169 -0.95612693 -0.031336337 3 -0.78695762 -0.22085437 -0.57612568 3 0.54392856 0.19246948 -0.81676012
3 -0.12708642 0.5984931 -0.79098356 3 0.11140496 -0.78379118 -0.61095035 3 -0.98561555 -0.16576298 0.032934114
3 -0.27912456 -0.91474026 0.29212973 3 -0.6097694 -0.066167399 -0.78981209 3 0.74180239 -0.39858767 -0.53931171
3 -0.28816909 0.60654527 -0.7409867 3 0.85372519 0.51321876 0.088089585 3 0.43371865 -0.60721433 -0.66571683
3 0.040525615 -0.99917847 0.00021845431 3 0.0010326604 0.00026051741 0.99999946 3 -0.99917799 -0.040525619 0.0010423698
3 -0.31797957 -0.90177095 -0.29274237 3 -0.79310352 0.42218414 -0.43902993 3 0.51949567 0.092572503 -0.84944367
3 -0.7971772 0.048761461 0.60177314 3 0.60025024 0.17110798 0.78129494 3 -0.064871088 0.98404491 -0.16567245
3 0.85673529 -0.32481098 -0.40062767 3 -0.50745082 -0.39202136 -0.76734143 3 0.092187546 0.86070681 -0.50068468
3 0.14115211 -0.52040058 -0.84217536 3 -0.98875701 -0.031697076 -0.14613342 3 0.049353424 0.85333383 -0.51902384
3 0.44518709 0.88198572 -0.15462725 3 0.62477899 -0.18225399 0.75923306 3 0.64145172 -0.43460786 -0.63218343
3 -0.15664758 -0.95405728 -0.2554141 3 -0.81714392 0.27044779 -0.50905198 3 0.55474085 0.1289683 -0.82196701
3 0.080208339 0.23412605 -0.96889192 3 -0.60177064 -0.76352322 -0.23431686 3 -0.79463124 0.60184491 0.079649262
3 -0.92871135 -0.12204242 -0.3501443 3 -0.36716482 0.1706994 0.91435885 3 -0.051821165 0.977736 -0.20334014
3 -0.82666308 -0.21412832 -0.52036268 3 -0.56248057 0.28878844 0.77473688 3 -0.015618435 0.93314016 -0.35917374
3 0.3400088 -0.39100128 -0.85528475 3 -0.9404195 -0.14357068 -0.30821848 3 -0.0022804234 0.90912396 -0.41651943
3 0.74210948 -0.43898755 -0.50652128 3 -0.66252303 -0.36578006 -0.65365809 3 0.10167234 0.82066756 -0.56228799
3 -0.10579363 -0.61676317 -0.780007 3 -0.99206173 0.11909012 0.040388625 3 0.067980915 0.77808797 -0.62446606
3 0.047373354 0.69616854 0.7163136 3 0.9489283 -0.25529724 0.18536013 3 0.31191477 0.6709491 -0.67270827
3 -0.64398408 0.7647357 0.021546543 3 0.65459442 0.53621978 0.5328933 3 0.39596865 0.35727888 -0.84590834
3 0.52525467 -0.65931273 -0.53797245 3 -0.81043452 -0.19485144 -0.55247527 3 0.25942925 0.72618157 -0.63667637
3 nan nan nan 3 nan nan nan 3 nan nan nan
3 0.89923233 0.42149299 -0.11715407 3 0.26817125 -0.31951579 0.90884233 3 0.34563804 -0.84867758 -0.40035114
3 0.93804187 0.01987459 -0.34595168 3 -0.3375037 -0.17388338 -0.92512482 3 -0.078541711 0.98456568 -0.15640213
3 -0.45630413 0.66782331 0.58804631 3 0.86481977 0.17727631 0.46974459 3 0.20945972 0.72290051 -0.65843874
3 0.062158771 0.94892001 -0.30933338 3 0.80699313 0.13458602 0.57502061 3 0.58728051 -0.28537244 -0.75740623
3 0.9496007 0.016894648 -0.3130067 3 -0.31346235 0.051182099 -0.94822049 3 3.8929284e-07 0.99854654 0.05389842
3 -0.68856001 0.71817809 -0.10052535 3 0.56182832 0.61595428 0.55222243 3 0.45851308 0.32376024 -0.82761425
3 0.071185581 -0.53448284 -0.84217614 3 -0.99096048 0.058355905 -0.12079698 3 0.11370999 0.8431614 -0.52549875
3 0.91655606 -0.39890236 -0.02832105 3 -0.26605761 -0.55538136 -0.7878865 3 0.2985608 0.72967702 -0.61516905
3 -0.86638182 -0.19173901 -0.46110591 3 -0.48240897 0.082658067 0.87203741 3 -0.12908962 0.97795898 -0.16411015
3 -0.18900031 -0.7354911 -0.65063947 3 -0.89183342 0.40587637 -0.19974452 3 0.41098949 0.54251021 -0.73264629
3 0.99020648 0.0079693347 -0.13938239 3 -0.13112302 -0.28969792 -0.94809365 3 -0.047934465 0.95708489 -0.28581583
3 0.27489817 -0.57146972 -0.77320975 3 -0.95973063 -0.11469648 -0.25644094 3 0.057863794 0.81256825 -0.57998687
3 -0.59395099 0.80271804 0.053535402 3 0.64638293 0.43653867 0.62579817 3 0.47896916 0.40629777 -0.77814579
3 nan nan nan 3 nan nan nan 3 nan nan nan
3 -0.86011469 -0.3765476 0.34411418 3 -0.42127717 0.14398348 -0.89542967 3 0.28762516 -0.91513968 -0.28247324
3 -0.11676618 0.55832094 -0.82136679 3 0.83243531 0.50608706 0.22567107 3 0.5416801 -0.65738451 -0.52385908
3 -0.62480831 -0.78067565 0.012651563 3 -0.57356608 0.44793493 -0.68583995 3 0.52975148 -0.43577504 -0.72764254
3 0.2555171 0.92919362 -0.26703954 3 0.76541609 -0.025682837 0.64302301 3 0.59063447 -0.3687003 -0.71778208
3 -0.46884462 0.026861185 0.8828721 3 0.87229741 0.17121598 0.45801979 3 -0.13885887 0.98486722 -0.10370465
3 0.72672874 0.03702347 -0.68592602 3 -0.68692446 0.039167941 -0.72567242 3 -7.2456896e-07 0.99854648 0.053896911
3 -0.28254172 0.9206301 -0.26946336 3 0.71290147 0.38947815 0.58316243 3 0.64182693 -0.027333116 -0.76636231
3 -0.46115732 0.78500557 -0.41364306 3 0.68263525 0.61168957 0.39980718 3 0.56687176 -0.09799324 -0.81795728
3 -0.89132994 -0.19398451 -0.4097572 3 -0.44095343 0.16099541 0.8829726 3 -0.10531396 0.96770376 -0.22903815
3 0.67037725 -0.12007931 -0.73223996 3 -0.73536241 -0.23941086 -0.63397521 3 -0.099178888 0.9634642 -0.2487974
3 -0.63334954 0.76087809 0.14118342 3 0.62919223 0.40008843 0.66636795 3 0.45053896 0.5108754 -0.73213452
3 -0.42062503 -0.18059184 -0.88907886 3 0.80464166 0.37842479 -0.45754418 3 0.4190782 -0.90784436 -0.013863222
3 0.62891614 0.075918593 0.77375758 3 -0.49372384 -0.72979152 0.47290733 3 0.60058528 -0.67944151 -0.42149356
3 nan nan nan 3 nan nan nan 3 nan nan nan
3 0.01264447 -0.76267207 -0.64666176 3 -0.93373197 0.22237383 -0.28052512 3 0.35774931 0.60735589 -0.70931947
3 0.36187956 -0.64346999 0.67452908 3 -0.74432433 -0.63508403 -0.20651706 3 0.56127024 -0.42733416 -0.70877439
3 0.33384833 -0.93002498 0.15361911 3 -0.69457179 -0.35288337 -0.62693191 3 0.63727194 0.10260071 -0.76377863
3 -0.74167627 -0.67074102 0.0047802329 3 -0.25006515 0.28310999 0.92591369 3 -0.6224016 0.68553281 -0.37770489
3 -0.55640608 -0.82963091 -0.046098173 3 -0.81606078 0.53517854 0.21824081 3 -0.15638852 0.15904941 -0.97480565
3 -0.74884629 -0.66123718 -0.044662256 3 -0.66273963 0.74690038 0.05400138 3 -0.0023494579 0.070038177 -0.99754155
3 nan nan nan 3 nan nan nan 3 nan nan nan
3 -0.73945475 -0.49807701 -0.45290849 3 -0.044714704 0.70761585 -0.70518148 3 0.67171979 -0.50119805 -0.5455212
3 -0.36923581 -0.11705863 -0.92193389 3 -0.894485 -0.22435845 0.38672948 3 -0.25211379 0.9674505 -0.021866227
3 0.85520142 0.026524775 -0.51761657 3 -0.51829571 0.04376632 -0.85408074 3 -2.7939677e-08 0.99868959 0.051176637
3 -0.13039115 -0.20169981 -0.97072923 3 -0.98315972 -0.10014014 0.15286815 3 -0.12804244 0.97431463 -0.18524575
3 0.53114265 -0.84470475 -0.066041261 3 -0.64888853 -0.355416 -0.67277288 3 0.54482228 0.40019178 -0.73689574
3 0.44987807 -0.4571996 -0.76718849 3 -0.89306003 -0.22326516 -0.39063591 3 0.0073119937 0.86088407 -0.50874859
3 -0.99629879 0.045532972 0.072907358 3 0.083350703 0.71905416 0.68993771 3 -0.021009451 0.69346094 -0.72018802
3 -0.34277242 -0.77620149 -0.52916771 3 -0.92097974 0.38871634 0.026389122 3 0.18521282 0.49639815 -0.84810692
3 0.026024088 0.23580618 -0.97145158 3 0.84173393 0.51905596 0.14854261 3 0.53926504 -0.82156944 -0.18497808
3 -0.34912157 -0.93579441 0.049020346 3 -0.93100077 0.35233054 0.095399112 3 -0.10654675 -0.012335932 -0.99423128
3 0.31817341 -0.94778669 -0.021591373 3 -0.94371271 -0.31446972 -0.10254394 3 0.090399936 0.053002808 -0.99449414
3 0.27499625 -0.95941162 0.06250073 3 -0.95591664 -0.26587519 0.12463471 3 -0.10295861 -0.094019577 -0.99023229
3 0.22142932 0.95431578 -0.20062487 3 0.9638992 -0.24538381 -0.10336757 3 -0.14787598 -0.17049599 -0.974199
3 0.0022633104 0.99028063 -0.13906519 3 0.99854451 -0.0097317994 -0.053048477 3 -0.053886238 -0.13874464 -0.98886108
3 0.84041351 -0.54128999 0.026655769 3 -0.54172397 -0.83764493 0.06990394 3 -0.015510231 -0.073188268 -0.99719763
3 -0.5693773 -0.81836176 0.07806018 3 -0.79052567 0.571105 0.22115169 3 -0.22556269 0.064210184 -0.97211033
3 -0.68381542 0.72909772 0.028511334 3 0.72770774 0.68432254 -0.046304908 3 -0.053269923 -0.010918045 -0.99852055
3 -0.96263975 0.2598342 -0.076229192 3 0.26553386 0.96096718 -0.077677935 3 0.053073727 -0.095018208 -0.99405974
3 0.58754164 0.80327201 -0.097718783 3 0.80703914 -0.59049594 -0.0016352236 3 -0.059016548 -0.077902764 -0.99521273
3 -0.14601824 0.98888493 -0.028022958 3 0.98657668 0.14765394 0.069748908 3 0.073111378 -0.017462419 -0.99717093
3 0.49750677 0.86737674 -0.012025006 3 0.86360139 -0.49394009 0.10107391 3 0.081730172 -0.060668647 -0.99480629
3 0.22784458 0.97220886 -0.053820897 3 0.96936178 -0.22127284 0.10665783 3 0.091785438 -0.076469727 -0.99283826
3 0.2980158 0.95167363 0.074187875 3 0.95236981 -0.3016952 0.044402424 3 0.064638749 0.057421677 -0.99625522
3 0.93990982 -0.16170466 -0.3007009 3 -0.26516843 -0.90052873 -0.3445774 3 -0.21507002 0.40360811 -0.88929486
3 -0.11555833 0.97689748 0.17977127 3 0.99283201 0.11915621 -0.0093084704 3 -0.030514283 0.177407 -0.98366445
3 0.68603355 0.7171973 0.12241729 3 0.72682565 -0.66795254 -0.15988766 3 -0.032902066 0.19866432 -0.97951525
3 -0.094779134 0.94840705 0.30255717 3 0.99250686 0.066480979 0.1025192 3 0.077115647 0.3100068 -0.94760168
3 -0.97844267 0.18671964 0.08823742 3 0.1027129 0.06930846 0.9922936 3 0.17916507 0.97996539 -0.08699286
3 -0.89309394 0.085372455 0.44169509 3 0.43923616 -0.046734087 0.89715499 3 0.097234562 0.99525237 0.0042392598
3 0.97688806 -0.18908475 -0.099683613 3 -0.092676185 0.045568779 -0.99465317 3 0.19261633 0.98090291 0.026991921
3 0.12194395 0.45608455 -0.88154221 3 0.870884 0.37688896 0.3154611 3 0.47612041 -0.80618954 -0.35123736
3 0.01354216 -0.8268038 0.5623275 3 -0.74780315 -0.38170606 -0.54322284 3 0.66378242 -0.4131538 -0.62345552
3 -0.36548758 -0.16159786 -0.91668153 3 -0.92486989 -0.048093099 0.37723047 3 -0.10504553 0.98568422 -0.13187918
3 0.36966452 0.18511505 0.91053861 3 0.92051458 0.06044801 -0.38600385 3 -0.12649554 0.98085588 -0.14805605
3 0.29560918 -0.91864014 0.26213631 3 -0.71402717 -0.39476103 -0.57821208 3 0.63465005 -0.016247625 -0.77262902
3 -0.30383039 0.16240168 -0.93878269 3 0.89682573 0.38131219 -0.22428744 3 0.32154459 -0.91006964 -0.26150024
3 -0.30688018 -0.95150173 0.021656953 3 -0.93918395 0.30643573 0.15501796 3 -0.15413585 0.027233485 -0.98767424
3 0.074930094 -0.99621743 0.044001434 3 -0.99010074 -0.069073297 0.12218517 3 -0.11868365 -0.05272181 -0.99153149
3 0.51420152 -0.6456511 0.56456304 3 -0.771694 -0.63554221 -0.023969546 3 0.37427962 -0.42334473 -0.82504189
3 -0.65213829 -0.74836302 0.12111248 3 -0.75809324 0.64442492 -0.10005434 3 -0.0031709124 -0.15706383 -0.98758328
3 0.14330831 -0.9860186 -0.085029967 3 -0.98798674 -0.13751334 -0.070516407 3 0.057837732 0.094114065 -0.99388003
3 0.2636492 -0.96261609 -0.062124986 3 -0.96380389 -0.26023293 -0.057975449 3 0.039641127 0.075161472 -0.99638319
3 0.014407841 -0.999798 -0.014006838 3 -0.99734348 -0.013369349 -0.071602091 3 0.071400382 0.015001263 -0.99733484
3 0.91147387 0.40768355 0.054860178 3 0.40524548 -0.91281402 0.050466001 3 0.070651293 -0.023766596 -0.99721789
3 -0.56134987 -0.82047218 -0.10822131 3 -0.81610316 0.52711099 0.23691697 3 -0.1373405 0.22131102 -0.96548378
3 0.036664627 0.99546152 -0.087818667 3 0.99374974 -0.027047059 0.10830452 3 0.10543773 -0.091240846 -0.99023122
3 0.58325809 0.80431354 -0.11353293 3 0.8111878 -0.58402002 0.029917575 3 -0.042240895 -0.10954412 -0.99308401
3 -0.1833308 0.97766232 -0.10279217 3 0.98099613 0.18870243 0.045144111 3 0.063533574 -0.092566371 -0.9936775
3 0.074367642 0.99701703 -0.020646581 3 0.99503797 -0.072815962 0.067801543 3 0.066095911 -0.02558637 -0.99748516
3 0.58632386 0.79863799 0.13565293 3 0.80521458 -0.59289497 0.01026142 3 0.088623114 0.10321321 -0.9907034
3 -0.35426396 0.88323432 0.30723619 3 0.91898882 0.38962528 -0.060428388 3 -0.17307937 0.26093891 -0.94971281
3 -0.88120371 0.44020227 0.17234275 3 0.46699762 0.86723036 0.17269821 3 -0.073439926 0.23266657 -0.96977973
3 0.51280779 0.85536802 0.073304981 3 0.85438281 -0.50012678 -0.14107785 3 -0.084011704 0.13497634 -0.98728079
3 0.40406364 -0.70350111 -0.5846526 3 -0.82836914 -0.55252004 0.092336208 3 -0.38799098 0.44699857 -0.80601192
3 -0.95454311 0.23647434 0.18145882 3 0.28253812 0.9117806 0.29804069 3 -0.094971649 0.33576173 -0.93714696
3 0.81596929 0.57405925 0.068191469 3 0.57452494 -0.79217887 -0.20584825 3 -0.064151026 0.20714229 -0.97620517
3 0.42183402 0.87018538 0.25462434 3 0.90585685 -0.41640809 -0.07763987 3 0.03846655 0.26340431 -0.96391839
3 -0.050941318 -0.85014611 -0.524077 3 -0.99546182 0.08545804 -0.04186729 3 0.080379896 0.51956576 -0.85064131
3 -nan -nan -nan 3 -nan -nan -nan 3 0.11674579 0.9931556 -0.0035149548
3 -nan -nan -nan 3 -nan -nan -nan 3 0.19261633 0.98090291 0.026991921
3 nan nan nan 3 nan nan nan 3 nan nan nan
3 0.033756737 0.95343006 -0.29971948 3 0.73759723 0.17859399 0.65119469 3 0.67439663 -0.24305451 -0.69721854
3 -0.97567874 0.17875357 0.12687941 3 0.19223568 0.41958326 0.88712788 3 0.10534078 0.88994235 -0.44374117
3 -0.84450459 0.25949997 0.46847835 3 0.53274 0.49652889 0.6853084 3 -0.054775499 0.82832301 -0.55756682
3 0.090408325 -0.83681095 -0.53997564 3 -0.98367763 0.0096682385 -0.17968059 3 0.15557931 0.54740661 -0.8222782
3 -0.88670206 0.050074965 -0.45962173 3 -0.16363975 0.89577669 0.41328704 3 0.43241373 0.44167477 -0.78609264
3 0.60145396 -0.76758897 0.22149561 3 -0.78846556 -0.52564418 0.31940603 3 -0.12874527 -0.36674893 -0.92136848
3 -0.29025245 -0.94082123 0.17495418 3 -0.95421731 0.27073848 -0.1271612 3 0.072269388 -0.20385233 -0.97633058
3 0.95556366 -0.26109654 0.13684608 3 -0.28689498 -0.9303925 0.22816981 3 0.0677462 -0.2572912 -0.96395642
3 0.076479316 -0.95321149 0.29247016 3 -0.97652006 -0.13085642 -0.17112948 3 0.20139417 -0.27251509 -0.94083792
3 0.88565814 0.38684085 0.25683409 3 0.28831086 -0.8917138 0.34888855 3 0.36398688 -0.23494793 -0.9012841
3 -0.54996121 0.29359257 -0.78188616 3 0.78449661 -0.13959935 -0.60421592 3 -0.28654414 -0.94568247 -0.15354818
3 0.034678042 -0.95082831 0.307771 3 -0.99859643 -0.020629045 0.048785262 3 -0.040037431 -0.30902952 -0.9502095
3 -0.31190449 -0.94855082 0.054469056 3 -0.93242222 0.31660494 0.17421293 3 -0.18249501 0.0035496149 -0.98320043
3 0.1709311 -0.91128635 0.37461942 3 -0.95398241 -0.24814591 -0.16834873 3 0.24637417 -0.32860431 -0.91176707
3 -0.28915682 -0.95286107 0.091891535 3 -0.95553613 0.28150219 -0.087791532 3 0.05778547 -0.11319121 -0.9918915
3 -0.068069875 -0.98301387 0.17044152 3 -0.99410892 0.052386068 -0.094886728 3 0.084346205 -0.17589635 -0.98078865
3 -0.24398054 -0.96575421 0.088273801 3 -0.96958899 0.24472739 -0.002428066 3 -0.019258415 -0.086182944 -0.99609327
3 0.84867769 0.48952165 0.20028636 3 0.46196169 -0.87045383 0.17000368 3 0.25756052 -0.051753722 -0.9648751
3 0.21763381 -0.97229511 -0.08530917 3 -0.97290957 -0.22309174 0.060637958 3 -0.077989765 0.069801226 -0.99450761
3 -0.99530345 0.074455827 -0.061865672 3 0.086352341 0.97172153 -0.21977372 3 0.043752782 -0.2240838 -0.97358727
3 -0.029990442 0.97722805 -0.21006155 3 0.98216701 -0.010212352 -0.1877327 3 -0.18560287 -0.21194604 -0.95949489
3 0.88217497 0.41032058 0.23109391 3 0.43628585 -0.89683473 -0.073090263 3 0.1772626 0.1653014 -0.97018218
3 -0.23470724 0.9666661 -0.10231856 3 0.97200978 0.23225884 -0.035389356 3 -0.010445239 -0.10776106 -0.99412179
3 -0.52235198 0.84234071 -0.13270475 3 0.85009903 0.52661139 -0.003501717 3 0.066932298 -0.11463825 -0.99115002
3 0.57962078 0.8134293 -0.048709515 3 0.81146282 -0.58162701 -0.056903899 3 -0.074616179 -0.0065406356 -0.99719083
3 0.40108308 0.91599131 0.0096133286 3 0.91557598 -0.40119171 0.027678287 3 0.029211294 -0.0022962727 -0.99957067
3 0.60047436 0.79722661 0.062131692 3 0.79676896 -0.60308951 0.037978247 3 0.067746416 0.026697224 -0.99734533
3 -0.10953487 -0.95619702 -0.271458 3 -0.94974703 0.020115815 0.31237149 3 -0.29322827 0.2920303 -0.91034907
3 0.55914372 0.8268587 0.060523242 3 0.8253333 -0.54821402 -0.13522795 3 -0.078634426 0.12556411 -0.98896432
3 -0.22656204 0.96716499 0.11515865 3 0.97270322 0.21858275 0.077910274 3 0.05018039 0.12966672 -0.99028707
3 0.11988997 0.97420669 0.19117519 3 0.99081206 -0.12955335 0.038829867 3 0.062595688 0.18476331 -0.98078763
3 0.18066032 0.9662832 0.18346296 3 0.97713953 -0.19758841 0.078468241 3 0.11207324 0.16509578 -0.97988933
3 -0.092601225 0.98119634 0.16934822 3 0.98558229 0.066135943 0.155737 3 0.14160867 0.18132685 -0.97317415
3 0.27840939 0.91570306 0.28978625 3 0.95197755 -0.30310637 0.043190241 3 0.12738587 0.26384667 -0.95611608
3 -0.86570942 0.47277185 0.16442026 3 0.49921262 0.83946162 0.21468915 3 -0.0365275 0.26794016 -0.96274304
3 0.014749229 -0.96429455 -0.26442096 3 -0.99989098 -0.014390921 -0.0032922265 3 -0.00063061976 0.26444295 -0.96440113
3 0.37372798 0.87083685 0.31932819 3 0.92402977 -0.37947044 -0.046594478 3 0.08059942 0.31248242 -0.94649798
3 0.48606625 0.79551405 0.36179689 3 0.86945009 -0.48201966 -0.10822904 3 0.088295899 0.3671715 -0.92595297
3 0.99607652 -0.0081981132 0.088116258 3 0.079838052 -0.34630623 -0.93471819 3 0.038178146 0.93808573 -0.34429294
3 -0.22292347 0.17624147 0.95877218 3 0.96966845 -0.061046623 0.23667854 3 0.10024238 0.98245227 -0.15728706
3 -0.56591451 -0.10225606 -0.81809807 3 -0.80779999 0.26726359 0.52538496 3 0.16492403 0.95818257 -0.23385084
3 0.60136056 0.69204247 -0.39930275 3 0.59540033 -0.054893225 0.80155182 3 0.53278828 -0.71976733 -0.44505256
3 -0.97221643 -0.18403782 -0.1446546 3 -0.17043249 0.13291734 0.9763633 3 -0.16046071 0.97389066 -0.1605905
3 0.55944246 -0.82656926 0.061703265 3 -0.71420211 -0.5184896 -0.47019547 3 0.42064166 0.21897873 -0.88040268
3 -0.49599779 0.84959733 0.17936167 3 0.81597102 0.3854022 0.43087882 3 0.29694712 0.3600688 -0.88440543
3 0.60185033 -0.75901014 0.24835382 3 -0.76671433 -0.46215445 0.44560352 3 -0.2234394 -0.45860362 -0.86009175
3 0.92101192 -0.38801557 0.03436552 3 -0.35926461 -0.81203282 0.45992625 3 -0.15055259 -0.43594387 -0.88729215
3 -0.84093499 -0.53499544 0.081290804 3 -0.53981805 0.81888878 -0.19498064 3 0.037743647 -0.20784955 -0.97743225
3 -0.23779379 -0.93257451 0.27158588 3 -0.97022682 0.21481779 -0.11186267 3 0.045978285 -0.29010215 -0.9558906
3 -0.53223377 -0.83754492 0.12347353 3 -0.84637153 0.52977139 -0.054750241 3 -0.019555779 -0.13364255 -0.99083668
3 -0.56573766 -0.81820869 0.10234964 3 -0.82098353 0.54732203 -0.1625571 3 0.076986782 -0.17599297 -0.98137641
3 0.87241286 0.48760825 -0.033674803 3 0.48471788 -0.85427201 0.18779738 3 0.062802501 -0.18016054 -0.98163027
3 0.99619645 0.083258778 0.025702897 3 0.076154307 -0.97525907 0.20753406 3 0.042346008 -0.2047873 -0.97789007
3 -0.2355202 0.85083926 -0.46968395 3 0.96354866 0.26752964 0.0014681369 3 0.1269035 -0.45221746 -0.88283342
3 -0.97071505 0.1380372 -0.19661731 3 0.20742667 0.89446616 -0.39611256 3 0.12118921 -0.42529595 -0.89690405
3 -0.47116464 -0.85779345 0.20541327 3 -0.87459302 0.48454779 0.017353445 3 -0.11441817 -0.17147662 -0.97852165
3 -0.43792376 -0.89898056 -0.0075360164 3 -0.89643657 0.4372879 -0.071978368 3 0.068002559 -0.024765467 -0.99737775
3 -0.90858459 -0.41732296 -0.017765252 3 -0.38281828 0.84896922 -0.36428243 3 0.16710429 -0.32418114 -0.9311192
3 -0.78123385 -0.61981076 0.074217975 3 -0.6241163 0.77789307 -0.073220246 3 -0.012351985 -0.1035236 -0.99455029
3 0.10076395 -0.98839974 0.11363241 3 -0.99303979 -0.10691638 -0.049400616 3 0.060976736 -0.10786372 -0.99229383
3 -0.52269012 -0.85221374 0.02295273 3 -0.84862077 0.52268213 0.081523657 3 -0.081471942 0.023134449 -0.99640709
3 0.55367684 -0.82762623 -0.092069335 3 -0.83192432 -0.55461609 -0.017403916 3 -0.036657374 0.086228132 -0.99560082
3 0.035420563 0.99498326 0.09356086 3 0.9993695 -0.035034779 -0.0057631982 3 -0.0024564213 0.09370546 -0.99559695
3 -0.827645 0.49495128 -0.26462615 3 0.54605627 0.81908548 -0.17584562 3 0.12971883 -0.29003996 -0.94818246
3 -0.016924493 0.95770842 -0.28724238 3 0.99975616 0.012133777 -0.018450428 3 -0.014184763 -0.28748631 -0.95767969
3 -0.03249738 0.969419 -0.24325025 3 0.99380231 0.0054550096 -0.11102879 3 -0.10630658 -0.24534811 -0.96358883
3 0.57274419 -0.80727643 0.14236888 3 -0.8106339 -0.58358538 -0.047966324 3 0.12180693 -0.087937228 -0.98865062
3 0.58198571 0.81026167 0.069054611 3 0.8130433 -0.57811111 -0.068906859 3 -0.015912702 0.096245326 -0.99523056
3 0.58033794 0.8123278 0.057717931 3 0.81382293 -0.57587439 -0.077853046 3 -0.030002957 0.0921546 -0.99529266
3 0.83634466 0.53715926 0.10948718 3 0.54665852 -0.83217061 -0.093041092 3 0.041131627 0.13766493 -0.98962456
3 0.90825731 0.37880015 0.17770562 3 0.40273902 -0.90662414 -0.12583338 3 0.11344649 0.18585804 -0.97600543
3 0.86365449 0.31117398 0.39657509 3 0.35898799 -0.93197376 -0.05052162 3 0.35387647 0.18599887 -0.91661096
3 -0.84305584 0.52167535 0.13081063 3 0.49060905 0.84560293 -0.21037585 3 -0.22036178 -0.11318174 -0.96882939
3 0.22888541 0.96316284 -0.14117001 3 0.96691149 -0.24172828 -0.081545345 3 -0.11266585 -0.11783283 -0.98662138
3 -0.0057885824 0.99461067 -0.10351897 3 0.99844021 -2.2025779e-07 -0.055832975 3 -0.055532102 -0.10367907 -0.99305934
3 0.50872821 0.8588559 -0.059683986 3 0.8581816 -0.50035363 0.11476295 3 0.068701848 -0.10960266 -0.99159831
3 0.9551034 0.25437397 0.1518929 3 0.28516647 -0.92834902 -0.23842882 3 0.080359533 0.27103892 -0.95920819
3 0.99594337 -0.016111989 0.088527888 3 0.010975682 -0.95474017 -0.29723877 3 0.089310244 0.29700464 -0.95069033
3 0.971138 0.067030579 0.22890604 3 0.11782892 -0.96924251 -0.21606795 3 0.20738226 0.23680353 -0.9491663
3 -0.023309715 -0.97906435 -0.20221233 3 -0.84900147 -0.087414935 0.52110982 3 -0.52787638 0.18382399 -0.8291896
3 -0.54467505 0.83551276 -0.072438717 3 0.83863837 0.54302621 -0.042519558 3 0.0038087119 -0.083906516 -0.99646628
3 0.58057708 0.8141197 -0.011810559 3 0.81323802 -0.58053321 -0.040314812 3 -0.039675619 0.013803695 -0.99911726
3 -0.1237294 0.96471494 0.23241378 3 0.98904842 0.10090021 0.10771489 3 0.080463447 0.24319686 -0.96663386
3 -0.68826658 0.71634716 0.11461195 3 0.71896201 0.65244275 0.23960854 3 0.096865147 0.2473162 -0.96408093
3 0.23423588 0.89544553 0.3785643 3 0.96491027 -0.26166528 0.021899618 3 0.11866706 0.36015093 -0.92531592
3 0.98422831 -0.15436177 0.086412296 3 -0.10826366 -0.91190618 -0.39586133 3 0.13990583 0.38026261 -0.91423559
3 -0.76779622 0.63171446 0.10689165 3 0.64069414 0.75696182 0.1285301 3 0.0002832445 0.16716827 -0.98592842
3 0.55783391 0.82978946 0.016457731 3 0.82603723 -0.55316919 -0.10801008 3 -0.080521025 0.073847398 -0.99401343
3 0.35324612 0.92826802 0.11634345 3 0.93480098 -0.34532028 -0.083073303 3 -0.036939688 0.13810024 -0.98972917
3 0.43561584 0.86445987 0.25089416 3 0.88682646 -0.45991665 0.044894859 3 0.15420067 0.20294356 -0.96697271
3 -0.67301393 0.72462833 0.14820954 3 0.73232281 0.62475216 0.27090257 3 0.10370947 0.29085842 -0.95112872
3 -0.18678808 -0.82323128 -0.53609753 3 -0.98011249 0.19338062 0.044537347 3 0.067006327 0.53375489 -0.84298038
3 -0.78823048 -0.43265653 -0.4376083 3 -0.58263022 0.75358349 0.30439109 3 0.1980755 0.49489301 -0.84607744
3 0.58199 0.7085911 0.39898139 3 0.81234342 -0.52905363 -0.24535748 3 0.037224434 0.46690559 -0.88352334
3 -0.23902862 -0.83500355 -0.49561515 3 -0.96844316 0.24211071 0.0591635 3 0.07059218 0.4941175 -0.86652452
3 -0.90956402 0.049717613 -0.41257912 3 -0.3752239 0.32845125 0.86679125 3 0.17860691 0.94321162 -0.28009218
3 0.20054236 -0.35652512 -0.91250896 3 -0.97607034 0.0072264522 -0.2173347 3 0.084079482 0.93425775 -0.34654438
3 0.9997611 -0.021371715 -0.0045811683 3 -0.011403922 -0.33122995 -0.94348115 3 0.018646361 0.943308 -0.33139452
3 -0.99471903 -0.0014683617 -0.10262456 3 -0.10263506 0.014231538 0.99461716 3 2.2584572e-08 0.9998976 -0.014307092
3 -1 0 0 3 0 0.014307071 0.99989772 3 2.2235326e-08 0.99989772 -0.014307071
3 -0.99456459 0.0014897331 0.10411143 3 0.1041221 0.014229298 0.99446285 3 3.5041012e-08 0.99989772 -0.014307066
3 0.52940226 0.031009844 0.84780401 3 0.84739751 -0.06718725 -0.5266909 3 0.040628925 0.99725837 -0.061846901
3 0.27283028 0.88465828 -0.37807828 3 -0.0033322647 -0.39211604 -0.9199096 3 -0.9620564 0.25223908 -0.10403322
3 -0.60423946 -0.59409636 0.53098428 3 0.24633007 0.49447191 0.8335582 3 -0.7577706 0.63446605 -0.1524356
3 0.73026818 0.18936327 0.65639156 3 -0.67402971 0.043150663 0.73744297 3 0.11132088 -0.98095864 0.15914804
3 0.81568837 -0.54298544 -0.19954824 3 -0.30776832 -0.69940275 0.64506954 3 -0.48982784 -0.46476099 -0.73760825
3 -0.54049706 0.77655447 -0.32376859 3 0.70717013 0.62780237 0.32523036 3 0.45582333 -0.053175643 -0.88848048
3 0.38201436 -0.35828626 -0.85187787 3 -0.91747916 -0.25763986 -0.30307323 3 -0.11089072 0.8973586 -0.42714235
3 -0.78862953 0.47604209 0.38916245 3 0.6126312 0.55440342 0.56331158 3 0.052407064 0.68265718 -0.72885716
3 -0.44722936 0.72368449 0.52561069 3 0.89301777 0.32840699 0.30768159 3 0.05005135 0.60698205 -0.79313779
3 -0.80703747 0.57643288 -0.12812328 3 0.5322845 0.80408496 0.26480338 3 0.25566617 0.14550623 -0.95575255
3 -0.42135853 -0.90670538 0.01851229 3 -0.89030242 0.40967664 -0.19881487 3 0.1726824 -0.10025386 -0.97986239
3 -0.84420079 -0.53595489 0.0087992121 3 -0.48608726 0.75852728 -0.43399969 3 0.2259298 -0.37066004 -0.90087014
3 0.68450063 -0.57510597 0.44800887 3 -0.68181878 -0.72255254 0.11419666 3 0.25803477 -0.38362855 -0.88670582
3 0.33559015 -0.79307592 0.50834024 3 -0.89550334 -0.43604437 -0.089102089 3 0.29232362 -0.4253186 -0.85653436
3 0.77126658 0.63642269 0.010679036 3 0.55940276 -0.68574131 0.46564749 3 0.30367166 -0.35316449 -0.88490593
3 -0.25354248 0.92364836 -0.28738484 3 0.96285439 0.21244772 -0.16666679 3 -0.092887245 -0.31896684 -0.94320327
3 -0.066646859 0.9942925 -0.083309889 3 0.99196243 0.057026528 -0.1129534 3 -0.10755768 -0.090170801 -0.99010134
3 -0.22686802 0.96384239 -0.1397807 3 0.97381109 0.22669175 -0.017395014 3 0.014921081 -0.14006639 -0.99002963
3 0.99300468 -0.076891512 -0.089608133 3 0.045545548 -0.45073989 0.8914929 3 -0.10893822 -0.88933766 -0.44408464
3 -0.86622769 0.49572644 -0.062490299 3 0.4421314 0.70223302 -0.55802226 3 -0.23274367 -0.51100314 -0.82746983
3 0.51732141 0.67017221 -0.53221023 3 0.82703626 -0.55135775 0.10961629 3 -0.21997541 -0.49686265 -0.83948696
3 0.83653224 -0.50660419 0.2087249 3 -0.54757726 -0.75954759 0.35106528 3 -0.019315077 -0.40797016 -0.91279101
3 -0.76718628 -0.60974497 0.19908893 3 -0.63301837 0.76982331 -0.081607133 3 -0.10350243 -0.18863374 -0.97657788
3 -0.79600364 -0.57994729 0.17331856 3 -0.60484678 0.77309161 -0.19102316 3 -0.023205213 -0.25688446 -0.96616358
3 -0.22782589 -0.94561958 0.23216145 3 -0.97337705 0.21502328 -0.079385564 3 0.025148425 -0.24406673 -0.96943229
3 -0.10485989 -0.95624971 0.27311373 3 -0.99371815 0.089951314 -0.06658493 3 0.039104879 -0.27838007 -0.95967478
3 0.77131861 0.47637415 -0.4220607 3 0.60530198 -0.75398403 0.25518176 3 -0.19666283 -0.45229927 -0.8699134
3 0.31199712 -0.85646427 0.41125017 3 -0.94527072 -0.23631741 0.22498304 3 -0.095504031 -0.45893776 -0.88332057
3 0.1149067 -0.95827711 0.26172787 3 -0.99071068 -0.12983809 -0.040429704 3 0.072725415 -0.25465354 -0.9642939
3 -0.21599983 -0.92608249 0.30937856 3 -0.97596794 0.2141341 -0.040413484 3 -0.028821951 -0.31067148 -0.95008039
3 0.60583776 -0.76617557 0.21432588 3 -0.77796066 -0.51411885 0.36119121 3 -0.16654514 -0.38556263 -0.90752643
3 -0.56235081 -0.81258011 0.15321608 3 -0.82687688 0.55125159 -0.11133824 3 0.0060092765 -0.18930392 -0.9819001
3 0.6020807 0.79808289 -0.02371351 3 0.76279342 -0.56617582 0.31239539 3 0.23589146 -0.20617579 -0.94965613
3 0.84301311 0.10000208 0.5285154 3 0.036720086 -0.99097311 0.12893447 3 0.53663826 -0.08928632 -0.83907539
3 0.26127094 0.87758487 0.40197313 3 0.96066093 -0.1957773 -0.19698226 3 -0.09417142 0.43762559 -0.89421231
3 0.32532638 -0.86390924 -0.38447821 3 -0.83384156 -0.45384479 0.31421822 3 -0.44594949 0.21837047 -0.86801118
3 -0.58296865 0.75486833 -0.30053505 3 0.81040281 0.5137009 -0.2817072 3 -0.058266789 -0.40778083 -0.911219
3 -0.85515928 -0.42693955 0.29398161 3 -0.49417746 0.84268653 -0.21370122 3 -0.15649651 -0.32802749 -0.93161529
3 -0.85614908 -0.40663269 0.31883928 3 -0.47546422 0.86155248 -0.17793554 3 -0.20233987 -0.30393487 -0.93095767
3 -0.94505525 0.26885289 0.18598017 3 0.19341452 0.91848511 -0.34492904 3 -0.26355657 -0.29000536 -0.92001903
3 0.95170426 0.17870237 -0.24964882 3 0.23635681 -0.94542772 0.2242815 3 -0.19594517 -0.27245581 -0.9420051
3 -0.82566839 0.26972196 -0.49550146 3 0.24069361 0.96277547 0.12300384 3 0.5102309 -0.017702796 -0.85985529
3 -0.89926708 -0.40617961 0.16228704 3 -0.43557411 0.79772466 -0.41702628 3 0.03992711 -0.44570595 -0.89428866
3 -0.74788541 -0.58861786 0.30691436 3 -0.6318469 0.77297866 -0.057214774 3 -0.20356107 -0.23671333 -0.95001566
3 -0.96803612 0.027940398 0.24924982 3 -0.025042094 0.97804272 -0.20689505 3 -0.24955478 -0.2065237 -0.9460817
3 -0.52271158 -0.82470566 0.21594694 3 -0.83452421 0.54675287 0.068047903 3 -0.17418912 -0.14464353 -0.97403103
3 -0.54809552 -0.82425529 0.14210773 3 -0.83202189 0.55468154 0.008245144 3 -0.085619137 -0.11371537 -0.9898172
3 0.41338167 -0.88783604 0.20214579 3 -0.89792007 -0.43433079 -0.071388319 3 0.15117902 -0.15199962 -0.97675014
3 0.56027752 -0.79578477 0.22981675 3 -0.81925029 -0.57330894 0.012083553 3 0.12214143 -0.19504948 -0.97315842
3 -0.5110091 -0.84661198 0.14872113 3 -0.84639657 0.52576661 0.084748939 3 -0.14994191 -0.082569338 -0.98524094
3 -0.51165813 -0.85154474 0.11435687 3 -0.85040218 0.52090639 0.073977858 3 -0.12256593 -0.059400056 -0.99068123
3 0.99998367 0.0057005496 -0.00038834201 3 0.0056447471 -0.99615258 -0.087453872 3 -0.00088486 0.087450258 -0.99616849
3 0.84251428 -0.5386712 0.0017213655 3 -0.53593612 -0.83854961 -0.098014772 3 0.054240227 0.081656925 -0.99518347
3 0.94654179 0.25792548 0.19373465 3 0.26103035 -0.96528101 0.0097785667 3 0.1895327 0.041315392 -0.98100477
3 0.92622167 0.19810551 0.32072994 3 0.19699505 -0.97973382 0.036259778 3 0.32141319 0.029597612 -0.94647646
3 0.81762266 -0.24064365 0.52305251 3 -0.16751923 -0.96859109 -0.18376315 3 0.55084538 0.062627546 -0.83225429
3 -0.079042315 -0.90208703 -0.424254 3 -0.99496335 0.045071218 0.089536093 3 -0.061647698 0.42919424 -0.90110594
3 0.52696103 0.8378495 -0.14254995 3 0.84139103 -0.53796142 -0.051564019 3 -0.11988922 -0.092767969 -0.98844355
3 0.83507037 0.52541769 -0.16307545 3 0.53075767 -0.8474316 -0.012482129 3 -0.14475363 -0.076130107 -0.9865346
3 -0.17795196 0.98169237 0.067920871 3 0.97783953 0.1686734 0.12401287 3 0.11028618 0.088483259 -0.98995334
3 0.50093681 -0.79310739 -0.3464722 3 -0.86254472 -0.49045002 -0.12439921 3 -0.071266077 0.36116505 -0.92977458
3 -0.24267824 -0.94285303 -0.22833194 3 -0.90040404 0.13130794 0.41476619 3 -0.36108205 0.30624458 -0.88081449
3 -0.55152363 0.77767354 -0.30173758 3 0.83266544 0.53489512 -0.14337254 3 0.049902461 -0.33032194 -0.94254833
3 0.48063025 -0.85861808 0.17824018 3 -0.86460763 -0.49793342 -0.067201614 3 0.14645252 -0.12180914 -0.98168951
3 0.24601191 0.96725744 0.062379293 3 0.96808094 -0.24201904 -0.065161243 3 -0.047931161 0.076416902 -0.99592316
3 0.97032243 0.24175343 0.0054487209 3 0.23994806 -0.95979291 -0.14567925 3 -0.029987995 0.14266346 -0.98931682
3 -0.60797107 0.74799097 0.26623425 3 0.65544003 0.66208339 -0.3633787 3 -0.44807327 -0.046423178 -0.89279079
3 -0.53900748 0.83971161 -0.065994516 3 0.84228271 0.53785384 -0.035678782 3 0.0055370415 -0.07481955 -0.99718165
3 -0.83097649 0.54194373 -0.12559855 3 0.55164927 0.83189821 -0.060235903 3 0.071840554 -0.11934085 -0.99025083
3 -0.23113441 0.95877415 -0.1653147 3 0.96892077 0.2422308 0.050169162 3 0.088145524 -0.14858232 -0.98496389
3 0.22160183 0.96225154 -0.15800232 3 0.96896607 -0.2354899 -0.075162664 3 -0.10953396 -0.13644545 -0.98457348
3 -0.024926957 0.98468846 -0.17253208 3 0.98900235 -0.0008776933 -0.14789756 3 -0.14578445 -0.17432065 -0.97383738
3 0.039222438 0.9957642 -0.08315853 3 0.99194211 -0.02876785 0.12338352 3 0.12046863 -0.087326817 -0.98886877
3 0.042726077 0.99727654 -0.060116686 3 0.98671448 -0.032680228 0.15914407 3 0.15674593 -0.06611979 -0.98542333
3 0.033408232 0.99713832 -0.067815959 3 0.99485439 -0.026684495 0.097737946 3 0.095648676 -0.07073082 -0.99289906
3 0.56513435 0.8243168 0.033542182 3 0.82449561 -0.56290263 -0.057858646 3 -0.02881128 0.060355607 -0.99776101
3 0.58698148 0.8019926 0.11072729 3 0.80959725 -0.58184284 -0.077532433 3 0.0022444718 0.13515331 -0.9908222
3 0.38191634 0.91386616 0.13779864 3 0.92405641 -0.38018912 -0.039697587 3 0.016110675 0.14249347 -0.98966461
3 0.39191625 0.89819169 0.19913121 3 0.91946983 -0.38975748 -0.051615477 3 0.031252839 0.20332536 -0.9786123
3 -0.14238186 0.96291494 0.2291775 3 0.84995252 0.00028402358 0.5268594 3 0.50725567 0.26980513 -0.81847233
3 -0.46894202 0.71667504 0.5162077 3 0.66660905 0.67060387 -0.32545829 3 -0.5794186 0.19148761 -0.7922163
