ply
format ascii 1.0
comment PCL generated
element vertex 692
property list uint float x_axis
property list uint float y_axis
property list uint float z_axis
element camera 1
property float view_px
property float view_py
property float view_pz
property float x_axisx
property float x_axisy
property float x_axisz
property float y_axisx
property float y_axisy
property float y_axisz
property float z_axisx
property float z_axisy
property float z_axisz
property float focal
property float scalex
property float scaley
property float centerx
property float centery
property int viewportx
property int viewporty
property float k1
property float k2
end_header
3 -0.50805038 0.088476822 0.85677111 3 0.52345824 0.82165581 0.22555108 3 -0.68401498 0.56307518 -0.46375626
3 -0.68317801 -0.27162206 0.67785639 3 0.25571769 0.78049195 0.57047415 3 -0.68401498 0.56307518 -0.46375626
3 -0.68286127 -0.27065787 0.67856079 3 0.25656146 0.78082693 0.56963629 3 -0.68401498 0.56307518 -0.46375626
3 -0.54865569 -0.14703724 0.82301694 3 0.37843922 0.83411074 0.40130177 3 -0.74549371 0.53163844 -0.40199491
3 -0.69076943 -0.29566184 0.65986484 3 0.23443848 0.7717061 0.59119225 3 -0.68401498 0.56307518 -0.46375626
3 -0.51170564 -0.15929854 0.84426373 3 0.44464925 0.79172111 0.41888517 3 -0.73514938 0.58974713 -0.33429602
3 nan nan nan 3 nan nan nan 3 nan nan nan
3 nan nan nan 3 nan nan nan 3 nan nan nan
3 nan nan nan 3 nan nan nan 3 nan nan nan
3 nan nan nan 3 nan nan nan 3 nan nan nan
3 0.46009076 -0.84697688 0.26635844 3 -0.88587248 -0.41778859 0.2016999 3 -0.059553634 -0.32875982 -0.94253403
3 0.81508744 0.55115449 -0.17849734 3 0.57931072 -0.77241313 0.26033983 3 0.0056160544 -0.31560358 -0.94887435
3 0.79905027 0.59089381 -0.11118972 3 0.59546328 -0.75206631 0.28252405 3 0.083319776 -0.29196027 -0.95279437
3 -0.95087498 0.30671364 0.041994229 3 0.27918673 0.90822029 -0.31175444 3 -0.13375933 -0.28471527 -0.94923431
3 0.28177056 0.91019517 -0.30356231 3 0.95461696 -0.29776081 -0.0067119226 3 -0.096498072 -0.28789437 -0.95278805
3 0.24765678 0.92793089 -0.27858654 3 0.96767473 -0.25105682 0.024006259 3 -0.047664266 -0.27552408 -0.9601118
3 0.30388328 0.91973096 -0.24849512 3 0.95267332 -0.29108873 0.087640256 3 0.0082712118 -0.26336744 -0.96466011
3 0.67204374 0.7298305 -0.12531771 3 0.73509926 -0.63708657 0.2318399 3 0.089364901 -0.24792832 -0.96464789
3 0.35215816 0.91791654 -0.18279454 3 0.92727804 -0.31566942 0.20126618 3 0.12704268 -0.2403795 -0.96232933
3 0.3877703 0.89191401 -0.23264474 3 0.91305548 -0.40627077 -0.035688743 3 -0.12634797 -0.19857836 -0.97190678
3 0.73747587 0.63278192 -0.2360431 3 0.66172755 -0.74690861 0.065148287 3 -0.13507921 -0.20424256 -0.96955597
3 0.28243339 0.9307515 -0.23223494 3 0.95145541 -0.30266622 -0.055910051 3 -0.12232871 -0.20517254 -0.97105098
3 0.29008222 0.93263859 -0.21456356 3 0.95353085 -0.30074984 -0.018123146 3 -0.081432246 -0.19933558 -0.97654194
3 0.74133867 0.65579283 -0.14266311 3 0.67072421 -0.73135763 0.1234708 3 -0.023364222 -0.18721928 -0.98204023
3 0.88624281 0.45823589 -0.067774907 3 0.46292588 -0.87092632 0.16488424 3 0.0165272 -0.17750315 -0.98398143
3 0.76925004 0.63874471 -0.016110785 3 0.62968212 -0.75357515 0.18874592 3 0.10841935 -0.15533783 -0.98189384
3 0.7431004 0.66834009 0.033515677 3 0.64767265 -0.73091042 0.21515146 3 0.16829139 -0.13817187 -0.97600543
3 0.58536851 0.80925775 0.049453776 3 0.76884121 -0.57342535 0.28296077 3 0.25734621 -0.12761422 -0.95785576
3 0.32770824 0.94477665 0.0021075944 3 0.89971793 -0.31275821 0.30445009 3 0.2882964 -0.097874872 -0.95252591
3 0.47432575 0.85391629 -0.21410765 3 0.87227947 -0.48872113 -0.016731337 3 -0.11892524 -0.17882408 -0.97666705
3 -0.03069987 -0.98454124 0.17244154 3 -0.99136335 0.051999651 0.12039486 3 -0.12750056 -0.16725454 -0.97763473
3 -0.97719514 0.19300435 0.088538796 3 0.176649 0.97027326 -0.16542383 3 -0.11783434 -0.14601104 -0.9822402
3 0.84572995 0.51460445 -0.14114942 3 0.52814019 -0.8450247 0.083673947 3 -0.076216504 -0.1453127 -0.98644584
3 0.53553712 0.83467168 -0.12854229 3 0.84433818 -0.53227293 0.061468616 3 -0.017114833 -0.14145403 -0.98979682
3 0.85958761 0.50952148 -0.038690291 3 0.5100581 -0.85099316 0.1251045 3 0.030820295 -0.12727138 -0.99138892
3 0.83620232 0.5471527 0.037276529 3 0.53727126 -0.83094347 0.14447311 3 0.11002404 -0.10078081 -0.98880631
3 0.53561538 0.8444277 0.0076173171 3 0.82717639 -0.52644604 0.1965545 3 0.16998608 -0.098976873 -0.98046327
3 0.68231517 0.7148667 0.15300885 3 0.67601395 -0.6966427 0.24019589 3 0.27830142 -0.06045223 -0.95858943
3 0.62902135 0.76245004 0.15166439 3 0.71628761 -0.64426064 0.26806784 3 0.3020995 -0.059985355 -0.95138729
3 -0.74179852 0.66724885 -0.067186855 3 0.66822278 0.72695607 -0.15815696 3 -0.056688126 -0.16221638 -0.98512566
3 -0.88373423 -0.45322675 0.11661648 3 -0.46572086 0.87621373 -0.12391023 3 -0.046021517 -0.16381443 -0.98541713
3 -0.44227037 -0.88107365 0.16764858 3 -0.89613569 0.44173601 -0.042543009 3 -0.036572892 -0.16905139 -0.98492837
3 0.15380691 0.97366512 -0.16828439 3 0.98776293 -0.15596257 0.00041263364 3 -0.025844013 -0.16628672 -0.98573875
3 0.3021746 0.94115752 -0.15137002 3 0.95311612 -0.30098408 0.031274751 3 -0.01612531 -0.15372308 -0.98798239
3 -0.27039218 -0.95369291 0.13174957 3 -0.96274036 0.26846927 -0.032487493 3 -0.0043879468 -0.13562614 -0.99075043
3 0.34129953 -0.93454772 0.10067366 3 -0.93976378 -0.33710968 0.056577384 3 -0.018936282 -0.11391906 -0.9933095
3 0.28490725 -0.95264751 0.10625675 3 -0.95727867 -0.27705553 0.082812294 3 -0.049452495 -0.1253092 -0.99088454
3 0.17077799 -0.98083162 0.093830608 3 -0.98141092 -0.16086608 0.10466567 3 -0.087565541 -0.10995921 -0.99007142
3 -0.032971602 -0.99432886 0.10110877 3 -0.99410993 0.043076772 0.099448159 3 -0.10323967 -0.097235754 -0.98989236
3 -0.58718514 -0.8015762 0.11264673 3 -0.80182952 0.59504944 0.05464039 3 -0.11083028 -0.058241475 -0.99213129
3 0.59227985 0.79961866 -0.099069133 3 0.79856247 -0.59892172 -0.059923321 3 -0.1072496 -0.043620363 -0.99327475
3 0.84542012 0.5278092 -0.081745438 3 0.52905691 -0.84855473 -0.0073359571 3 -0.073235855 -0.037045017 -0.99662644
3 0.81648755 0.57722688 -0.012540762 3 0.57736284 -0.8163175 0.016675614 3 -0.00061043818 -0.020855157 -0.99978238
3 0.91573513 0.40013623 0.036334015 3 0.39913347 -0.91633749 0.031905927 3 0.046060536 -0.01471543 -0.9988302
3 0.55234498 0.83100653 0.065902002 3 0.82328379 -0.55619991 0.1133368 3 0.13083695 -0.0083470372 -0.99136871
3 0.50365859 0.85579944 0.11804806 3 0.842242 -0.51683134 0.15334091 3 0.19224112 0.022195488 -0.98109651
3 0.6144135 0.74714792 0.25350761 3 0.7216928 -0.66205347 0.2021006 3 0.31883508 0.058781859 -0.94598562
3 0.51391184 0.81255233 0.2750513 3 0.76869398 -0.57851958 0.272809 3 0.38079354 0.07122951 -0.92191261
3 -0.18076822 0.97262001 -0.14605895 3 0.98166227 0.16928762 -0.08764144 3 -0.060515847 -0.15922332 -0.98538613
3 -0.10712713 0.98458159 -0.13828506 3 0.99300772 0.099016607 -0.064274058 3 -0.049590543 -0.14420363 -0.98830462
3 -0.74491823 -0.65472019 0.1282116 3 -0.6659925 0.74110174 -0.084982201 3 -0.0393783 -0.14869279 -0.98809904
3 -0.79108191 -0.600281 0.11769505 3 -0.61078554 0.78570318 -0.09803883 3 -0.033622544 -0.14944319 -0.98819852
3 0.49145329 0.86152822 -0.12744662 3 0.87062252 -0.48972523 0.046750367 3 -0.022137852 -0.1339349 -0.99074286
3 -0.16169325 -0.97956181 0.11964129 3 -0.98682314 0.16122745 -0.01362719 3 -0.0059412592 -0.12027108 -0.99272323
3 0.20188506 -0.97305989 0.11134075 3 -0.97940856 -0.20044735 0.02407624 3 -0.0011099513 -0.11390734 -0.99349076
3 0.13255005 0.98532146 -0.10757301 3 0.99108535 -0.13322456 0.00092400424 3 -0.013420927 -0.10673653 -0.99419677
3 -0.0025020479 -0.99607331 0.08849676 3 -0.99927604 0.0058499901 0.037592139 3 -0.037962236 -0.088339128 -0.99536681
3 -0.058580436 -0.99572337 0.071436942 3 -0.99555206 0.063559666 0.069543429 3 -0.073786713 -0.067048311 -0.99501771
3 0.29440188 -0.95535064 0.025154434 3 -0.95112485 -0.29032931 0.10521656 3 -0.093215935 -0.054899972 -0.99413121
3 -0.013696823 -0.99961478 0.024137596 3 -0.99493438 0.016029032 0.099240102 3 -0.099588782 -0.022656104 -0.99477071
3 -0.16523965 -0.98583347 0.028779717 3 -0.98214912 0.16714132 0.086294085 3 -0.089881867 -0.014006731 -0.99585384
3 0.79833007 0.60144341 -0.030575203 3 0.60000885 -0.79871976 -0.045123182 3 -0.051561795 0.017676497 -0.9985134
3 -0.99414599 -0.10798115 -0.0036964193 3 -0.10803916 0.99385285 0.024162903 3 0.0010645571 0.024420815 -0.9997012
3 0.53338248 0.84324801 0.066602647 3 0.84431773 -0.53552246 0.018527601 3 0.051289525 0.046349835 -0.99760765
3 0.72645903 0.66826427 0.16024978 3 0.66834944 -0.74130028 0.061504077 3 0.15989599 0.062424306 -0.98515809
3 0.61931032 0.75379157 0.21966586 3 0.75539446 -0.64833546 0.095081694 3 0.21408893 0.10704929 -0.97093076
3 0.73471099 0.57382691 0.36183205 3 0.59033042 -0.80360025 0.075740196 3 0.33423007 0.15795328 -0.92916143
3 0.75522012 0.48046762 0.44586259 3 0.50305253 -0.86093724 0.075667009 3 0.42021528 0.16714706 -0.89189756
3 -0.973189 0.2297492 0.010883914 3 0.22661075 0.96584719 -0.12564577 3 -0.03937922 -0.11981067 -0.99201548
3 -0.97838295 0.20665219 0.0078409184 3 0.2045674 0.97267765 -0.10977304 3 -0.030311534 -0.10579609 -0.99392575
3 -0.99111605 -0.1282562 0.035204001 3 -0.13075358 0.98806578 -0.081422627 3 -0.024340911 -0.085302323 -0.99605781
3 -0.78934765 0.61334157 -0.027249342 3 0.61373794 0.78714502 -0.061061226 3 -0.016002206 -0.064922482 -0.99776196
3 -0.56297952 -0.82517743 0.046220694 3 -0.82645112 0.5624724 -0.024567315 3 -0.005725197 -0.052029636 -0.99862915
3 -0.15516567 -0.98700666 0.041731339 3 -0.98788822 0.15505722 -0.0058426559 3 -0.0007041762 -0.042133562 -0.99911171
3 0.052340738 -0.99718577 0.053675443 3 -0.99862933 -0.052274745 0.002633696 3 0.00017957983 -0.053739604 -0.998555
3 -0.15383789 -0.98635411 0.058646806 3 -0.9880923 0.1537319 -0.0063419649 3 -0.0027608727 -0.058926728 -0.99825853
3 -0.00071948301 -0.99916923 0.040747639 3 -0.99973047 0.0016641577 0.023154374 3 -0.023202948 -0.040719312 -0.99890113
3 0.13051368 -0.99142832 0.0060067382 3 -0.99017256 -0.13003655 0.051467311 3 -0.050245233 -0.012663504 -0.99865669
3 -0.076623231 -0.99699432 0.011457461 3 -0.99493194 0.07720504 0.064419575 3 -0.065110303 -0.0064605069 -0.99785715
3 0.95114166 0.30245414 -0.062056638 3 0.30023646 -0.95291221 -0.042619947 3 -0.072023898 0.021906329 -0.99716234
3 0.84441632 0.53459507 -0.034192394 3 0.53199786 -0.84436882 -0.063398972 3 -0.062763296 0.035345152 -0.99740237
3 0.99957287 0.0048222775 -0.028823458 3 0.0030073617 -0.99802899 -0.062681437 3 -0.029067898 0.062567987 -0.99761724
3 0.80120039 0.59310818 0.079377376 3 0.59771657 -0.79953873 -0.058930628 3 0.028512476 0.094659977 -0.99510121
3 0.70691115 0.69374001 0.1378459 3 0.70329207 -0.71014905 -0.032689873 3 0.075213514 0.12005539 -0.98991394
3 0.81524956 0.51730192 0.2603209 3 0.53951001 -0.84181231 -0.016764693 3 0.21046807 0.15411261 -0.96537685
3 0.92048001 0.20761286 0.3310791 3 0.25552768 -0.96075523 -0.10795902 3 0.29567152 0.18397383 -0.93740714
3 0.53233391 0.72971535 0.42911118 3 0.74737847 -0.64317721 0.16658013 3 0.39755049 0.23203214 -0.88775831
3 0.42546704 0.80281603 0.41768926 3 0.80868053 -0.54445398 0.22272408 3 0.40621898 0.24301535 -0.88086879
3 -0.22973764 -0.97306418 0.019152179 3 -0.972875 0.23015222 0.023332888 3 -0.027112313 -0.013272233 -0.99954432
3 -0.30114067 -0.9530713 0.031135567 3 -0.95332617 0.30165297 0.013217431 3 -0.021989292 -0.025702043 -0.99942774
3 -0.99330997 -0.11403975 0.018177133 3 -0.11413337 0.99345678 -0.0041953251 3 -0.017579759 -0.0062418748 -0.99982607
3 -0.97016466 0.2424207 -0.0035844566 3 0.24244134 0.97013795 -0.0073932228 3 0.0016851474 -0.0080416631 -0.99996626
3 -0.94074488 0.33911496 0.00063691917 3 0.33911422 0.94074482 -0.0010912754 3 -0.00096924591 -0.00081062317 -0.99999928
3 -0.30612195 0.95195687 0.0082176225 3 0.95199215 0.30611721 0.0018622201 3 -0.0007428024 0.0083931778 -0.99996459
3 -0.31636757 -0.9485535 -0.012556978 3 -0.94863307 0.3163023 0.0069350982 3 -0.0026056212 0.014108674 -0.99989712
3 -0.21649587 -0.97618425 -0.013925057 3 -0.97628343 0.21646586 0.003645967 3 -0.00054441392 0.014386042 -0.99989641
3 -0.31557009 -0.94873935 -0.017585153 3 -0.94890201 0.31549996 0.0067027532 3 -0.00081197754 0.018798988 -0.99982303
3 -0.40932176 -0.91208422 -0.023625206 3 -0.91185796 0.40806153 0.04473234 3 -0.031158639 0.03985383 -0.99871957
3 -0.57168823 -0.81998724 -0.02816649 3 -0.81960374 0.56916946 0.065542579 3 -0.037712794 0.060554985 -0.9974522
3 0.97790539 0.2078809 -0.022057328 3 0.20519993 -0.97469836 -0.088634819 3 -0.039927535 0.082149714 -0.99581987
3 0.85891956 0.51178867 0.018150767 3 0.51096988 -0.85410398 -0.09703768 3 -0.034162533 0.092620648 -0.99511534
3 0.8418498 0.5365696 0.058156293 3 0.53971028 -0.83666807 -0.093271978 3 -0.0013894001 0.10990852 -0.99394083
3 0.1951941 0.96637046 0.16741347 3 0.97703391 -0.20647193 0.052666724 3 0.085461758 0.15328842 -0.98447895
3 -0.15490672 0.97397459 0.16546181 3 0.98018461 0.13059118 0.14894487 3 0.12346064 0.18525565 -0.97490412
3 0.97005445 -0.021634072 0.24192226 3 0.034389101 -0.97375834 -0.22497168 3 0.24044083 0.22655426 -0.94385457
3 0.79264909 0.40978771 0.45142159 3 0.48487276 -0.87257278 -0.059289008 3 0.36960074 0.26587662 -0.89033979
3 -0.42204744 -0.90625441 0.024062863 3 -0.90629947 0.42242402 0.013392905 3 -0.022302108 -0.016155716 -0.99962074
3 -0.45753527 -0.88915074 0.0085018808 3 -0.88893819 0.45761225 0.019486215 3 -0.02121675 0.0013579845 -0.99977398
3 -0.64187258 -0.76652759 -0.020861 3 -0.76680475 0.64151561 0.021643922 3 -0.0032080046 0.029888948 -0.99954814
3 -0.97334909 0.22911629 0.0098589268 3 0.22931033 0.97291124 0.029332852 3 -0.0028712268 0.030811861 -0.99952108
3 -0.94733834 0.31977198 0.017203081 3 0.32019937 0.94666123 0.036121685 3 -0.004734789 0.03972787 -0.99919927
3 -0.37896112 0.92469275 0.036490805 3 0.92541146 0.37860677 0.016443169 3 0.001389216 0.040000334 -0.99919873
3 -0.30136079 -0.95256525 -0.042440452 3 -0.95350975 0.30110845 0.012370696 3 0.00099616731 0.044198222 -0.99902231
3 -0.097990185 0.99386764 0.051234841 3 0.99518538 0.097755879 0.0070653977 3 0.0020135634 0.051680509 -0.9986617
3 0.014943606 -0.99846613 -0.053311419 3 -0.99987996 -0.014704064 -0.0048826658 3 0.0040913033 0.053376541 -0.99856603
3 -0.0010127933 -0.99774963 -0.067041993 3 -0.99988604 2.9336661e-08 0.015104691 3 -0.015070697 0.067050271 -0.9976359
3 -0.001677153 -0.99696988 -0.077770643 3 -0.99976766 -5.7392754e-08 0.021561099 3 -0.021495765 0.077791676 -0.99673796
3 0.99956262 0.0028953732 -0.029432209 3 1.7997809e-07 -0.99519664 -0.097895674 3 -0.029576363 0.097852834 -0.99476123
3 0.86834735 0.49427256 0.040833756 3 0.49562433 -0.86180741 -0.10790956 3 -0.018146034 0.11394112 -0.99332178
3 0.90659678 0.41314295 0.085995056 3 0.42100543 -0.89945358 -0.11720729 3 0.028925128 0.1424641 -0.9893772
3 0.98098743 0.15328845 0.11902202 3 0.17101182 -0.97272521 -0.15671816 3 0.091755219 0.17409314 -0.98044509
3 0.84817535 0.46533376 0.25310689 3 0.50137949 -0.85941434 -0.10012861 3 0.17092794 0.21182783 -0.96224362
3 0.94533086 0.12621638 0.30069739 3 0.18985838 -0.96269763 -0.19278772 3 0.26514772 0.23933811 -0.93403113
3 0.86649173 0.30916139 0.39193276 3 0.38539788 -0.91331679 -0.13160877 3 0.31726992 0.26508778 -0.91053188
3 -0.67594433 0.73485667 0.055542648 3 0.73688567 0.67497784 0.037479121 3 -0.0099482704 0.066262372 -0.99775273
3 -0.4937104 0.86714286 0.065674998 3 0.86952913 0.49337509 0.022366069 3 -0.013007829 0.068148687 -0.99759048
3 -0.57038695 0.81920111 0.059734549 3 0.82137525 0.56897646 0.040104158 3 -0.0011341838 0.071939379 -0.99740833
3 -0.37028924 0.92616659 0.071423538 3 0.92891616 0.36913541 0.029216846 3 0.0006947114 0.077165157 -0.99701798
3 -0.044387221 0.99547553 0.084012724 3 0.99901009 0.043989103 0.0065847998 3 0.0028593631 0.08422184 -0.99644274
3 -0.035640895 0.99597573 0.082231104 3 0.99936432 0.03545871 0.0036753519 3 0.00074475247 0.082309842 -0.99660653
3 -0.17866567 0.97944069 0.093672171 3 0.98389721 0.17833258 0.011982938 3 -0.0049682218 0.094304726 -0.99553096
3 0.98627019 0.16479726 0.010629054 3 0.16500407 -0.98080903 -0.10386245 3 -0.0066908812 0.10419032 -0.99453491
3 0.98601347 0.16533558 0.021015463 3 0.16666584 -0.97815806 -0.12421531 3 2.1508182e-05 0.1259809 -0.99203265
3 0.84227419 0.53365636 0.076059371 3 0.53904414 -0.8344605 -0.11448684 3 0.00237269 0.13742918 -0.99050879
3 0.77165687 0.61889273 0.14668825 3 0.63373977 -0.76773292 -0.094658807 3 0.054034714 0.16600707 -0.9846431
3 0.95418948 0.25607094 0.15475875 3 0.27939752 -0.94763702 -0.15466565 3 0.10705185 0.19082008 -0.97577035
3 0.97557503 0.11360496 0.18800887 3 0.14856067 -0.97168469 -0.18373543 3 0.1618102 0.20717819 -0.96482885
3 -0.64200276 0.76421821 0.061668184 3 0.76669073 0.64035481 0.046163108 3 -0.0042108311 0.076917276 -0.99702859
3 -0.80998576 0.58441025 0.048865594 3 0.58642739 0.80786383 0.058813255 3 -0.0051056878 0.07629402 -0.99707228
3 -0.42868355 0.90023702 0.076181948 3 0.90344983 0.42687851 0.039409108 3 0.0029571073 0.085720606 -0.99631482
3 0.0056737363 0.99609363 0.088120244 3 0.99997932 -0.0059156157 0.0024839691 3 0.0029955518 0.088104345 -0.99610668
3 -0.1497637 0.98429227 0.093484625 3 0.98870003 0.14846231 0.020763397 3 0.0065583107 0.095537856 -0.99540424
3 -0.50545573 0.85868633 0.08468926 3 0.8628366 0.5036031 0.04355447 3 -0.0052501494 0.095087856 -0.99545509
3 0.99785185 0.06481348 0.0095393425 3 0.065505609 -0.98911297 -0.13177505 3 0.00089162576 0.13211665 -0.99123377
3 0.81526375 0.57121557 0.095172115 3 0.57893652 -0.80774581 -0.11126068 3 0.013321776 0.14580593 -0.98922342
3 0.77478141 0.61366165 0.15209636 3 0.62918907 -0.77197516 -0.090419278 3 0.061930057 0.16575433 -0.98422062
3 0.27681467 0.86162621 -0.42541018 3 0.95477796 -0.29661068 0.020519026 3 -0.10850223 -0.41185459 -0.90476686
3 0.57829386 0.72809511 -0.36804041 3 0.81196952 -0.55748993 0.17294656 3 -0.079257637 -0.39885199 -0.91358376
3 0.84648281 0.47945815 -0.231488 3 0.53137761 -0.78794086 0.31110623 3 -0.03323634 -0.38635358 -0.92175174
3 0.90491897 0.408777 -0.11841859 3 0.42397892 -0.8417629 0.33418095 3 0.036923356 -0.35261449 -0.93503988
3 0.98116666 0.19173923 0.02340916 3 0.17356952 -0.92832649 0.32876015 3 0.084766179 -0.31850567 -0.94412321
3 0.74659717 0.66331601 -0.05103549 3 0.64115697 -0.69694018 0.32123566 3 0.17751423 -0.27255344 -0.94562334
3 0.9144026 0.39772484 0.075385697 3 0.35829744 -0.88185459 0.30652186 3 0.18839261 -0.25327295 -0.94887358
3 0.24404757 0.90491843 -0.34865949 3 0.96413964 -0.26507127 -0.013112888 3 -0.10428581 -0.33295667 -0.93715757
3 0.0032037408 0.93434787 -0.35634783 3 0.99295151 -0.045192227 -0.10956739 3 -0.11847821 -0.35348511 -0.92790693
3 0.49136004 0.77473509 -0.39793313 3 0.86014605 -0.50341344 0.081997119 3 -0.13679871 -0.38257053 -0.91374278
3 0.28088289 0.86769813 -0.41012779 3 0.95054686 -0.31052405 -0.0059707314 3 -0.13253532 -0.3881686 -0.91200858
3 0.21764213 0.88794982 -0.40518755 3 0.97049725 -0.241014 -0.0068789423 3 -0.10376404 -0.3917363 -0.9142077
3 0.64709383 0.6768688 -0.35088202 3 0.75818932 -0.6196714 0.20286994 3 -0.080117151 -0.39731291 -0.91417915
3 0.51649266 0.78829056 -0.33441472 3 0.85596567 -0.48606947 0.1762363 3 -0.023621997 -0.37727022 -0.92580193
3 -0.22343326 -0.92226577 0.31544143 3 -0.97259855 0.18961379 -0.13453071 3 0.064261019 -0.33685663 -0.9393605
3 0.69513619 0.70428991 -0.14408782 3 0.70942974 -0.63968974 0.29581469 3 0.11616784 -0.3078517 -0.94431579
3 0.56338137 0.81752735 -0.11937374 3 0.80365133 -0.50873446 0.30876061 3 0.19169079 -0.26988494 -0.94361883
3 0.68002498 0.7331754 -0.0045004785 3 0.69090396 -0.63873929 0.33862162 3 0.2453943 -0.23338044 -0.94091207
3 -0.85206568 -0.48400855 0.19929823 3 -0.52055365 0.82344371 -0.22575271 3 -0.054844648 -0.29610157 -0.95358056
3 -0.98165739 0.19059314 -0.0048024468 3 0.18290775 0.93436861 -0.30577785 3 -0.053791914 -0.3010475 -0.9520908
3 -0.62367594 -0.73833227 0.2566978 3 -0.78062499 0.60537094 -0.15540484 3 -0.04065698 -0.29730695 -0.95391595
3 0.14693843 0.93962872 -0.30904192 3 0.98813635 -0.15354992 0.0029617175 3 -0.044670545 -0.30581138 -0.95104355
3 -0.0064597018 0.95047432 -0.31073585 3 0.99872655 -0.0094163297 -0.049564462 3 -0.05003573 -0.3106623 -0.94920254
3 -0.0092358282 0.95073593 -0.30986419 3 0.99771935 -0.011958582 -0.066429809 3 -0.066862725 -0.30977321 -0.94845659
3 0.99217266 0.039690942 -0.11839879 3 0.073160216 -0.95313859 0.29355541 3 -0.1011989 -0.29991964 -0.94858164
3 0.52308851 0.79346794 -0.31110623 3 0.84488171 -0.53075409 0.066895396 3 -0.11204171 -0.29784042 -0.94801778
3 0.13091162 0.93836051 -0.31990898 3 0.98148429 -0.16818088 -0.091671728 3 -0.13982379 -0.30198541 -0.94300264
3 0.31832972 0.87756515 -0.35853267 3 0.9384957 -0.34510177 -0.011430502 3 -0.13376077 -0.33284131 -0.93344778
3 0.95764261 0.27133873 0.096415646 3 0.23413768 -0.92862123 0.28782344 3 0.16762859 -0.2530582 -0.9528181
3 0.75689709 0.65144682 0.052191753 3 0.60908097 -0.73211032 0.30501658 3 0.23691216 -0.19907711 -0.95091587
3 0.25662467 0.96194983 -0.093788892 3 0.92380011 -0.21559834 0.31640321 3 0.28414261 -0.16784161 -0.94397688
3 0.79853034 0.55791187 0.22601655 3 0.48084807 -0.81708103 0.3180626 3 0.3621248 -0.14530304 -0.920735
3 -0.94347775 0.33101067 -0.016784385 3 0.3221989 0.90413398 -0.28058812 3 -0.077702314 -0.27013654 -0.95968157
3 -0.71300435 -0.66215318 0.23060347 3 -0.69812644 0.7009846 -0.14573948 3 -0.065147631 -0.26490328 -0.96207172
3 -0.87834448 -0.44654152 0.17062214 3 -0.47539276 0.85339564 -0.21381758 3 -0.050129764 -0.26891795 -0.96185768
3 -0.64351279 -0.73317546 0.2198756 3 -0.76451159 0.62975645 -0.13758233 3 -0.037596095 -0.2566334 -0.96577722
3 -0.053597346 0.96602523 -0.25282893 3 0.99797034 0.043101821 -0.04687405 3 -0.034384146 -0.25482792 -0.96637487
3 -0.055665802 0.96626967 -0.25144419 3 0.99783885 0.045033462 -0.047847722 3 -0.034910537 -0.25356194 -0.96668887
3 0.29296407 0.9237228 -0.2467957 3 0.95526314 -0.29372829 0.034580212 3 -0.040548254 -0.2458853 -0.96845037
3 -0.0089869257 0.96937108 -0.24543627 3 0.99803662 -0.0065193977 -0.062293146 3 -0.061985265 -0.24551459 -0.96740913
3 0.23850691 0.93947291 -0.24597776 3 0.96572685 -0.25615126 -0.041933186 3 -0.10240327 -0.2275486 -0.9683674
3 0.055084866 0.96879935 -0.24164775 3 0.99215347 -0.080313057 -0.095819652 3 -0.11223742 -0.23447253 -0.96562171
3 0.49640125 0.86709166 0.041688293 3 0.81628579 -0.48257941 0.31748208 3 0.29540396 -0.12356891 -0.94734758
3 0.61631268 0.75043184 0.23876913 3 0.67072564 -0.6590907 0.34018621 3 0.41265512 -0.049514949 -0.90954065
3 0.71446157 0.60143274 0.35752422 3 0.51481181 -0.79792523 0.31350362 3 0.47382879 -0.039928608 -0.87971139
3 -0.98285687 0.18291488 0.023120686 3 0.16985081 0.94708616 -0.27235791 3 -0.071715593 -0.26376176 -0.96191829
3 -0.9681561 -0.221672 0.1163407 3 -0.24346103 0.94192785 -0.231297 3 -0.058312479 -0.25225607 -0.96590179
3 -0.53563917 -0.81368494 0.22584823 3 -0.84335846 0.5290364 -0.094164506 3 -0.042861711 -0.24090926 -0.9696008
3 -0.70823389 -0.67939347 0.19190954 3 -0.70517302 0.69376373 -0.14636543 3 -0.033700157 -0.2389904 -0.97043693
3 -0.12161738 -0.96473724 0.23343366 3 -0.99204928 0.12581207 0.0031065345 3 -0.032365765 -0.23119989 -0.97236776
3 -0.35115319 0.91558027 -0.19596973 3 0.93584752 0.33657017 -0.10444901 3 -0.029673584 -0.2200762 -0.97503114
3 -0.52919239 0.83194321 -0.16681111 3 0.84765178 0.50954676 -0.14781335 3 -0.03797343 -0.2196207 -0.97484612
3 0.55849683 0.80379111 -0.204942 3 0.82765126 -0.55648816 0.072900616 3 -0.055450313 -0.21033438 -0.97605574
3 0.95729584 -0.28714961 -0.033611909 3 -0.27431935 -0.9388712 0.20801382 3 -0.091288321 -0.18991037 -0.97754818
3 0.47434947 0.85154277 -0.22331035 3 0.87398022 -0.48594922 0.0034280419 3 -0.10559969 -0.1967973 -0.97474068
3 -0.9186542 -0.15447637 -0.36360902 3 -0.12844318 0.98716784 -0.094880022 3 0.37359983 -0.040458832 -0.92670727
3 0.72761929 0.60189176 0.32908434 3 0.54119641 -0.79845822 0.26376343 3 0.42151707 -0.013820119 -0.90671527
3 0.80836481 0.37188697 0.45634001 3 0.32655919 -0.92826372 0.17800371 3 0.48980126 0.0051301015 -0.87181896
3 -0.80486619 0.59140718 -0.049275257 3 0.58749276 0.78228533 -0.20707989 3 -0.083921202 -0.19562045 -0.97708237
3 -0.94179344 0.33618611 0.0019481182 3 0.3287614 0.92217439 -0.20374063 3 -0.070291303 -0.19124116 -0.97902304
3 -0.91333508 0.40486279 -0.043647591 3 0.40464351 0.89034015 -0.20870569 3 -0.045635961 -0.20827995 -0.97700405
3 -0.36881128 -0.9060052 0.20768434 3 -0.92874235 0.36823744 -0.04288055 3 -0.037627138 -0.20870006 -0.97725558
3 -0.48334891 -0.85369903 0.19383442 3 -0.8749072 0.47870627 -0.073332429 3 -0.03018593 -0.20503229 -0.9782896
3 0.3126379 0.92957145 -0.19533144 3 0.94947809 -0.311753 0.036072731 3 -0.027362427 -0.19673897 -0.98007393
3 0.21413517 0.95979863 -0.18147367 3 0.97665983 -0.21356858 0.022892559 3 -0.016784396 -0.18213822 -0.98312974
3 0.31192774 0.93288296 -0.18008457 3 0.94972908 -0.31148937 0.031450316 3 -0.026755331 -0.18084288 -0.98314804
3 0.40018114 0.90162933 -0.16407228 3 0.91537637 -0.40186793 0.024260458 3 -0.044060525 -0.15989439 -0.98615044
3 0.53839773 0.69942164 0.47003943 3 0.6719389 -0.69293135 0.26142666 3 0.50855267 0.17508632 -0.84304136
3 -0.067693055 0.98242414 -0.1739555 3 0.99398559 0.051363662 -0.096720226 3 -0.08608529 -0.17945655 -0.97999233
3 -0.84971648 -0.11118744 -0.51538259 3 -0.19395563 0.97488481 0.10945722 3 0.49026835 0.19296896 -0.84994119
3 0.80486512 -0.012331545 0.59332955 3 0.15075701 -0.96273851 -0.22451456 3 0.57398993 0.27015257 -0.77301562
3 -0.2881338 -0.78398567 -0.5498594 3 -0.76912403 0.53154302 -0.35483885 3 0.57046276 0.32066965 -0.75613725
3 0.48308828 0.59076971 0.6462329 3 0.69345832 -0.7087568 0.12953609 3 0.53454792 0.38555819 -0.7520662
3 0.60365331 0.62837362 0.49066219 3 0.69622576 -0.71534717 0.059565097 3 0.38842186 0.30565384 -0.86931241
3 0.84716141 0.011880601 0.53120279 3 0.19385855 -0.93774426 -0.28819224 3 0.4947097 0.34712356 -0.79672313
3 0.53677034 0.77722794 0.32832059 3 0.81313479 -0.58037114 0.044511393 3 0.22514172 0.24307424 -0.94351798
3 0.83115643 0.2690714 0.48659995 3 0.37211603 -0.9194293 -0.12719789 3 0.41317153 0.28679383 -0.8643139
3 0.46471295 0.7080186 0.53174382 3 0.7660799 -0.62263298 0.1595289 3 0.44402972 0.33322164 -0.83174562
3 -0.74735719 0.6621775 0.054573007 3 0.66438299 0.74568367 0.050509583 3 -0.0072478885 0.074006073 -0.99723148
3 -0.65861881 0.74936402 0.068372376 3 0.75229234 0.65774459 0.037789404 3 -0.016653553 0.076324843 -0.99694383
3 -0.99275118 0.11858782 0.019553045 3 0.11990525 0.98838568 0.093365543 3 -0.008253932 0.095033236 -0.99544001
3 -0.61553234 0.78411525 0.079265825 3 0.78810209 0.61289585 0.057040244 3 -0.0038555674 0.097579688 -0.99522024
3 -0.28757906 0.9523437 0.10168473 3 0.95775354 0.28567463 0.033135958 3 0.0025080682 0.10691813 -0.99426454
3 -0.3426829 0.93393958 0.10161349 3 0.9394502 0.34082177 0.035690039 3 -0.0012997458 0.10769118 -0.99418348
3 -0.23977903 0.96561122 0.10050277 3 0.970761 0.23726343 0.036455572 3 0.011356284 0.10630546 -0.99426866
3 0.060362548 0.98898232 0.13516861 3 0.99808991 -0.061587967 0.0048987763 3 0.013169561 0.13461469 -0.99081063
3 0.99311721 0.0029117174 0.11708816 3 0.024241293 -0.98315454 -0.18116072 3 0.11458851 0.18275222 -0.97645837
3 0.76746124 0.60425627 0.21419044 3 0.62990147 -0.77289134 -0.076569945 3 0.11927932 0.19368434 -0.97378576
3 0.6511972 0.68318927 0.33044636 3 0.72161382 -0.69223589 0.009124741 3 0.23498282 0.23251481 -0.94377965
3 0.8061133 0.29058421 0.51550192 3 0.39678115 -0.91170919 -0.10654138 3 0.43902859 0.29042587 -0.85023916
3 0.54140556 0.65280682 0.52983332 3 0.70495069 -0.69588828 0.1370552 3 0.45817536 0.29930392 -0.83695436
3 -0.6030277 0.7915833 0.098759785 3 0.79769903 0.59927648 0.067409597 3 -0.0058241026 0.11943044 -0.99282551
3 -0.23629045 0.9642446 0.1199965 3 0.97167933 0.23479849 0.026628697 3 -0.0024984221 0.12289023 -0.99241716
3 0.017778337 0.99138463 0.12977093 3 0.99982589 -0.018363809 0.003316283 3 0.0056708008 0.12968938 -0.99153847
3 0.20543873 0.96986824 0.13096046 3 0.97867 -0.20358349 -0.027546901 3 -5.5470733e-05 0.13382629 -0.99100477
3 -0.22867465 0.96447635 0.13226238 3 0.9734835 0.22569014 0.03733629 3 0.0061596506 0.13729312 -0.99051136
3 -0.47937754 0.8681224 0.12868798 3 0.877258 0.46986133 0.098226853 3 0.024807427 0.15998033 -0.98680836
3 -0.20205094 0.96667671 0.15719877 3 0.97884429 0.19404063 0.06489785 3 0.032232292 0.16698582 -0.98543221
3 0.99377936 0.0084736608 0.11104371 3 0.028898556 -0.98256725 -0.18364701 3 0.10755456 0.18571365 -0.97669965
3 0.96803069 0.11763442 0.2215372 3 0.15633678 -0.97363043 -0.16614079 3 0.19614977 0.19546358 -0.96089512
3 0.68280733 0.63489997 0.36149171 3 0.67365223 -0.73863089 0.024847269 3 0.28278399 0.22655334 -0.93204457
3 0.64778137 0.50415719 0.57114345 3 0.57691622 -0.81425828 0.064429626 3 0.4975405 0.28776526 -0.81831819
3 -0.25827742 0.95570135 0.14116633 3 0.96606904 0.2552098 0.03973648 3 0.001949169 0.14663944 -0.98918819
3 0.038173944 0.98756582 0.15250087 3 0.99925685 -0.036912024 -0.011098421 3 -0.0053313058 0.1528112 -0.98824096
3 0.25210714 0.95437849 0.16001143 3 0.96767849 -0.24971718 -0.035209663 3 0.0063542584 0.16371623 -0.98648703
3 -0.09111657 0.97980762 0.17797451 3 0.99544388 0.084572971 0.044029839 3 0.028088933 0.18117547 -0.98304939
3 -0.12475976 0.97577238 0.17973137 3 0.99143147 0.11553347 0.060959768 3 0.038717866 0.18579663 -0.98182523
3 0.9149375 0.35602334 0.19009688 3 0.38356099 -0.91358441 -0.13507302 3 0.12558039 0.1964971 -0.97242922
3 0.14383143 0.95660692 0.25340804 3 0.96619147 -0.19111592 0.17305727 3 0.21397811 0.2199496 -0.95175397
3 0.88367999 0.29881686 0.36030301 3 0.36922473 -0.91809404 -0.14414123 3 0.28772017 0.26040748 -0.92163181
3 0.30108631 0.93664849 0.1789875 3 0.95340353 -0.299454 -0.036726497 3 0.019198706 0.18170518 -0.98316556
3 0.87141013 0.47258547 0.13155867 3 0.48839602 -0.86092967 -0.14237289 3 0.045979373 0.18831785 -0.98103136
3 0.90422022 0.40330032 0.14048047 3 0.42200541 -0.89427286 -0.14895511 3 0.065554239 0.19397172 -0.97881442
3 0.75852042 0.59248555 0.27130753 3 0.63021195 -0.77287698 -0.074123196 3 0.16577041 0.22720517 -0.9596343
3 0.84313506 0.4275558 0.32606667 3 0.47990847 -0.87186128 -0.097704865 3 0.24251062 0.23886052 -0.94028431
3 0.94863272 0.028698981 0.3150751 3 0.1104352 -0.96327412 -0.24475896 3 0.29647937 0.26698175 -0.91696268
3 0.9899947 -0.1288197 0.057584383 3 -0.11337969 -0.9691546 -0.21882525 3 0.083997168 0.21010694 -0.97406346
3 0.89534646 0.3590852 0.26346242 3 0.40866128 -0.89756322 -0.16545713 3 0.17706098 0.25580835 -0.95037436
3 0.9384076 -0.34113187 0.054957196 3 -0.34039947 -0.8853966 0.3165457 3 -0.05932292 -0.31575698 -0.94698381
3 0.61495304 -0.74292791 0.26436889 3 -0.78810024 -0.59051669 0.173747 3 0.027032727 -0.31519541 -0.94864172
3 0.73526937 -0.62394559 0.26470912 3 -0.67206049 -0.72177601 0.16545163 3 0.087827884 -0.29955205 -0.9500289
3 0.63230419 -0.68412638 0.36354154 3 -0.74415636 -0.66684145 0.039416045 3 0.21545906 -0.29545474 -0.93074369
3 0.81038183 0.49026814 -0.32080907 3 0.56900233 -0.7891078 0.23139837 3 -0.13970752 -0.37006325 -0.91844159
3 0.79771394 0.52635366 -0.2942861 3 0.58941406 -0.78368711 0.19602433 3 -0.127452 -0.32982895 -0.93539768
3 0.95915955 0.24798574 -0.13607332 3 0.27752498 -0.91804677 0.28314307 3 -0.054705303 -0.30934292 -0.94937581
3 0.99826807 -0.047101341 0.035246775 3 -0.055432092 -0.95375484 0.29543 3 0.019701736 -0.29687214 -0.95471394
3 0.86143458 0.50501889 -0.053726461 3 0.49595174 -0.81371868 0.30314037 3 0.10937255 -0.28778177 -0.9514302
3 0.9261235 -0.24332923 0.28824675 3 -0.30676609 -0.93050939 0.20011733 3 0.21952187 -0.2737577 -0.93641174
3 0.28179598 -0.89629817 0.34240428 3 -0.91118717 -0.36177886 -0.19711453 3 0.30054802 -0.2564483 -0.91864318
3 -0.062945038 0.90455669 -0.42168134 3 0.99170125 0.0092304647 -0.12823236 3 -0.11210098 -0.42625543 -0.8976301
3 0.8146469 0.47131145 -0.33795854 3 0.56586933 -0.77361399 0.28515491 3 -0.12705086 -0.42353985 -0.89692366
3 0.6307708 0.66830587 -0.39432898 3 0.76451939 -0.62221318 0.16840702 3 -0.1328077 -0.40769675 -0.90340775
3 0.78601032 0.53426576 -0.3110432 3 0.60994238 -0.75221521 0.24928428 3 -0.1007891 -0.38565964 -0.91711956
3 0.8482433 0.46302336 -0.25708494 3 0.52370214 -0.80561662 0.27698055 3 -0.078865327 -0.36958387 -0.92584461
3 0.97668582 0.20003588 -0.077912703 3 0.21441922 -0.92667359 0.30870751 3 -0.010448085 -0.31821644 -0.9479605
3 0.99568933 -0.046630654 0.080176629 3 -0.066325203 -0.96222806 0.26404166 3 0.064833991 -0.26822111 -0.96117318
3 0.88489389 0.46576607 0.004970233 3 0.44738963 -0.85285407 0.26922512 3 0.12963226 -0.23601338 -0.96306431
3 0.845698 0.51148474 0.15224424 3 0.45262209 -0.83859915 0.30312529 3 0.28271762 -0.18744227 -0.94071054
3 0.91377753 0.32214853 0.24744886 3 0.25510517 -0.92914885 0.26758891 3 0.31612241 -0.18139046 -0.93121654
3 -0.79140532 0.5777747 -0.19963519 3 0.60921949 0.71860719 -0.33534411 3 -0.050294042 -0.38701466 -0.92070097
3 -0.90180385 0.4120881 -0.13012752 3 0.42977378 0.82372332 -0.36983031 3 -0.045213655 -0.38943979 -0.91994154
3 -0.6277793 0.72392255 -0.28605813 3 0.77730489 0.56362516 -0.27950603 3 -0.041111179 -0.3978225 -0.9165408
3 -0.94959092 0.30092603 -0.087866075 3 0.3106865 0.86596292 -0.3918955 3 -0.041842807 -0.39943928 -0.91580433
3 0.51117849 0.77581412 -0.36987698 3 0.85845947 -0.48178571 0.17586888 3 -0.041758981 -0.40742344 -0.91228414
3 0.32695124 0.85350394 -0.40575126 3 0.94340134 -0.32005209 0.086951062 3 -0.055648446 -0.41121495 -0.90983802
3 0.36769548 0.83176017 -0.41590267 3 0.92699599 -0.363426 0.092735589 3 -0.074015133 -0.41963643 -0.90466958
3 0.20131807 0.87465018 -0.44097397 3 0.97448945 -0.22443263 -0.00026691705 3 -0.099202238 -0.42967004 -0.89752018
3 -0.0069232555 0.89857984 -0.43875557 3 0.99377841 -0.042592112 -0.10291059 3 -0.11116089 -0.43673939 -0.8926937
3 0.94012612 0.24286522 -0.23912214 3 0.32082537 -0.86740685 0.38036361 3 -0.11503873 -0.43430611 -0.89338923
3 0.80374628 0.49060386 -0.33660042 3 0.58423883 -0.75777483 0.29058942 3 -0.11250161 -0.43021432 -0.89568907
3 0.99782532 -0.033001941 -0.05705741 3 -0.007470781 -0.91667843 0.39955598 3 -0.065487646 -0.39826086 -0.91493154
3 0.60048246 0.73035848 -0.32557219 3 0.7985934 -0.56854475 0.19749808 3 -0.040856607 -0.37859231 -0.9246614
3 0.98024082 0.19671017 -0.020810161 3 0.1925952 -0.92512047 0.32719874 3 0.045110919 -0.32474157 -0.94472629
3 0.97634822 0.20801315 0.058946446 3 0.1822167 -0.93843591 0.29348794 3 0.11636639 -0.27580547 -0.95414376
3 0.88629448 0.45920613 0.060098033 3 0.42526016 -0.85834438 0.28705174 3 0.18339902 -0.22885595 -0.9560281
3 0.93271315 0.27447689 0.23389846 3 0.21775091 -0.94567573 0.24141669 3 0.28745288 -0.17424169 -0.94181252
3 0.3675923 0.92984802 0.016082644 3 0.84899431 -0.34258693 0.40229741 3 0.37958512 -0.13422735 -0.9153679
3 0.56387269 0.79565281 0.22132397 3 0.68415737 -0.60014021 0.41444051 3 0.46257466 -0.082273342 -0.88275486
3 -0.94330943 -0.27889669 0.1799556 3 -0.32467225 0.88797808 -0.32570395 3 -0.068958871 -0.36566615 -0.92818809
3 -0.98087037 -0.1593257 0.11184239 3 -0.18925096 0.91502565 -0.35624728 3 -0.045579296 -0.37059864 -0.92767406
3 -0.98784298 -0.12279606 0.095325671 3 -0.14949325 0.91857225 -0.36589101 3 -0.042633597 -0.37569356 -0.92576265
3 -0.99800426 -0.020155877 0.059844181 3 -0.041091613 0.92688358 -0.37309316 3 -0.04794858 -0.37480763 -0.92586195
3 -0.0071889241 0.9248969 -0.38015017 3 0.99876678 -0.012034549 -0.048167218 3 -0.049124662 -0.38002512 -0.92367071
3 0.10612637 0.91050065 -0.39965695 3 0.99204677 -0.12430713 -0.019765444 3 -0.067676738 -0.39438143 -0.91645133
3 -0.11589831 0.91606039 -0.38392815 3 0.98942631 0.072544843 -0.12558959 3 -0.08719594 -0.39442205 -0.91478312
3 -0.0012288231 0.91132045 -0.41169581 3 0.99281466 -0.048149817 -0.10954667 3 -0.11965521 -0.4088726 -0.90471309
3 0.29136023 0.84979081 -0.43927747 3 0.94893479 -0.31481272 0.020390071 3 -0.12096205 -0.42278424 -0.89812124
3 0.7513603 0.55609983 -0.35526133 3 0.65081704 -0.71345139 0.25966203 3 -0.10906199 -0.42630866 -0.89797914
3 0.76056921 0.55375117 -0.33896047 3 0.64198172 -0.71935719 0.26530114 3 -0.096922524 -0.41938603 -0.90261912
3 0.98823196 0.02526091 0.1508629 3 -0.015803438 -0.96413058 0.26495764 3 0.152145 -0.26422372 -0.95238525
3 0.96582282 -0.048820913 0.25456372 3 -0.10647564 -0.97014219 0.21791548 3 0.23632392 -0.2375726 -0.94218385
3 0.82487839 0.53486192 0.18302561 3 0.46671796 -0.82702214 0.31338286 3 0.31898358 -0.17308089 -0.93182218
3 0.81505382 0.48554194 0.31612706 3 0.39523286 -0.8649044 0.309405 3 0.42364818 -0.12723829 -0.896846
3 0.85564089 -0.021212827 0.51713502 3 -0.059121747 -0.9966256 0.056940135 3 0.51418114 -0.079294212 -0.85400844
3 -0.91114438 -0.36335433 0.1943955 3 -0.40732372 0.86562669 -0.29116684 3 -0.062477197 -0.34447691 -0.9367137
3 -0.88308823 -0.4211489 0.20685427 3 -0.46588039 0.83942217 -0.27986747 3 -0.055772182 -0.34351707 -0.93748891
3 0.15221997 0.92360055 -0.35183951 3 0.98681498 -0.16183867 0.0020994209 3 -0.055002432 -0.34752142 -0.93605745
3 0.25520572 0.90420038 -0.34247863 3 0.96604103 -0.25326189 0.051213965 3 -0.040429223 -0.34391895 -0.93812847
3 -0.06471926 0.93653125 -0.34455863 3 0.99592161 0.038867857 -0.081421107 3 -0.062861249 -0.34842157 -0.93522769
3 0.36628073 0.85242802 -0.37310171 3 0.92679673 -0.36996901 0.064582475 3 -0.082983777 -0.36944386 -0.92554039
3 0.4084456 0.83034021 -0.37908757 3 0.90780199 -0.41285402 0.073804602 3 -0.095224917 -0.37428162 -0.92241281
3 0.9380607 0.21585256 0.27101642 3 0.1465937 -0.9560228 0.25402951 3 0.31393307 -0.19856524 -0.92844927
3 0.82391047 0.51812524 0.22960337 3 0.43386298 -0.83732539 0.33263969 3 0.36460072 -0.17444959 -0.9146769
3 0.78309947 0.54556596 0.29851797 3 0.44698015 -0.82750434 0.33977276 3 0.43239456 -0.13264342 -0.89187491
3 0.44612694 -0.82297325 0.35169026 3 -0.74050969 -0.56012201 -0.3713612 3 0.50260967 -0.094755739 -0.85930502
3 -0.95361912 -0.25547782 0.15919016 3 -0.29127142 0.91662347 -0.27379209 3 -0.075969681 -0.30746096 -0.94852322
3 -0.9972077 0.012421101 0.073638692 3 -0.011263263 0.94977522 -0.31273052 3 -0.073824666 -0.31268665 -0.9469831
3 -0.86626637 -0.45627922 0.20345002 3 -0.49651504 0.83138049 -0.24955824 3 -0.055276133 -0.31719989 -0.94674641
3 0.26442781 0.90938836 -0.32107723 3 0.96321356 -0.26558155 0.041060753 3 -0.04793172 -0.32012254 -0.94616288
3 0.78328466 0.59793502 0.1701144 3 0.52480614 -0.78268963 0.33462757 3 0.33323234 -0.17283154 -0.92686874
3 0.27927852 0.95902789 0.047634177 3 0.82526052 -0.26509264 0.49866933 3 0.49086508 -0.099957667 -0.86548257
3 0.43587896 0.8579545 0.27188882 3 0.69721657 -0.51292205 0.50079942 3 0.56912088 -0.028722595 -0.82175207
3 -0.95932341 -0.24019462 0.14834103 3 -0.27221826 0.92626947 -0.26061848 3 -0.074804597 -0.29039857 -0.95397741
3 0.6634236 0.64678419 0.37621748 3 0.53572077 -0.76160443 0.36464003 3 0.52237219 -0.040363278 -0.85176188
3 -0.050582588 0.99871701 0.00237602 3 0.80051237 0.039121229 0.59803808 3 0.59717786 0.032152362 -0.80146426
3 0.32252428 0.85980397 0.39587262 3 0.72080791 -0.49416789 0.48603883 3 0.61352569 0.12858878 -0.77913475
3 0.15081388 0.94556725 0.288371 3 0.74813616 -0.29984698 0.59193254 3 0.64617914 0.12646905 -0.75263411
3 0.69079179 0.3808046 0.61464989 3 0.39228305 -0.91147256 0.12382177 3 0.60738844 0.15558168 -0.77902102
3 0.27160186 0.83258986 0.482728 3 0.79270065 -0.4779698 0.37837833 3 0.54576349 0.27989057 -0.78981221
3 0.62491924 0.21037368 0.75181049 3 0.43052053 -0.89620686 -0.10707782 3 0.6512512 0.39058477 -0.65062702
3 0.6920895 -0.49368852 0.52657735 3 -0.04383944 -0.75692463 -0.65202999 3 0.72047919 0.42817822 -0.5455026
