ply
format ascii 1.0
comment PCL generated
element vertex 1794
property list uint float x_axis
property list uint float y_axis
property list uint float z_axis
element camera 1
property float view_px
property float view_py
property float view_pz
property float x_axisx
property float x_axisy
property float x_axisz
property float y_axisx
property float y_axisy
property float y_axisz
property float z_axisx
property float z_axisy
property float z_axisz
property float focal
property float scalex
property float scaley
property float centerx
property float centery
property int viewportx
property int viewporty
property float k1
property float k2
end_header
3 0.56752074 0.20423786 -0.7976259 3 0.69860858 -0.63212454 0.33520862 3 -0.4357366 -0.74746615 -0.50142616
3 0.57335013 0.19348289 -0.79613698 3 0.69603765 -0.62762898 0.34873122 3 -0.43220499 -0.75408632 -0.49452263
3 -0.72795266 -0.031914126 0.68488431 3 -0.53224415 0.65599948 -0.5351457 3 -0.43220499 -0.75408632 -0.49452263
3 0.59757942 0.17119169 -0.78332132 3 0.67535001 -0.63407195 0.37663656 3 -0.43220499 -0.75408632 -0.49452263
3 0.52506655 0.24138734 -0.81611109 3 0.73105335 -0.61889154 0.28728819 3 -0.43573648 -0.74746615 -0.50142628
3 -0.55977917 -0.21119927 0.80127537 3 -0.70482707 0.62983286 -0.32638875 3 -0.43573648 -0.74746615 -0.50142628
3 0.54767948 0.21616188 -0.80828285 3 0.71641195 -0.62018383 0.31957138 3 -0.43220499 -0.75408632 -0.49452269
3 -0.58442342 -0.18340689 0.79044992 3 -0.68676633 0.630647 -0.36143634 3 -0.43220499 -0.75408632 -0.49452263
3 0.56420857 0.2016653 -0.80062461 3 0.70346808 -0.62504786 0.33830118 3 -0.43220499 -0.75408632 -0.49452263
3 0.57245278 0.19429144 -0.79658562 3 0.69677579 -0.62737918 0.34770507 3 -0.43220499 -0.75408632 -0.49452263
3 0.59780192 0.170699 -0.78325903 3 0.67540967 -0.63354373 0.3774178 3 -0.43180388 -0.75464177 -0.49402553
3 0.60560983 0.16332571 -0.77882046 3 0.66841751 -0.6354844 0.3864938 3 -0.43180388 -0.75464177 -0.49402553
3 0.50666749 0.25675026 -0.82302338 3 0.74392343 -0.61267769 0.26684135 3 -0.43573648 -0.74746615 -0.50142628
3 -0.68345577 -0.083667852 0.72518122 3 -0.58858609 0.65078056 -0.47963619 3 -0.43180379 -0.75464177 -0.49402547
3 0.52117014 0.23865052 -0.81940681 3 0.73592162 -0.61188209 0.28986138 3 -0.43220493 -0.75408638 -0.49452266
3 0.57142627 0.19490045 -0.79717374 3 0.69786644 -0.62652177 0.34706342 3 -0.43180373 -0.75464183 -0.4940255
3 0.55726886 0.20746726 -0.80399543 3 0.70922267 -0.62247336 0.33095318 3 -0.43180388 -0.75464177 -0.49402553
3 0.56530857 0.20036545 -0.80017489 3 0.70283109 -0.6247955 0.34008688 3 -0.43180388 -0.75464177 -0.49402553
3 0.57333392 0.1931852 -0.7962209 3 0.69629997 -0.6270529 0.34924358 3 -0.43180388 -0.75464177 -0.49402553
3 0.51451743 0.24377941 -0.82209694 3 0.74082172 -0.6091696 0.28301126 3 -0.43180406 -0.75464147 -0.49402562
3 0.5264582 0.22851868 -0.81891441 3 0.73556924 -0.60544705 0.30392736 3 -0.42635623 -0.76237339 -0.48683402
3 -0.65430599 -0.11492313 0.7474466 3 -0.62082934 0.64599419 -0.44414234 3 -0.43180394 -0.75464171 -0.49402547
3 0.55067241 0.20822062 -0.80833417 3 0.71762139 -0.6127243 0.33104187 3 -0.42635617 -0.76237345 -0.48683402
3 0.53836638 0.2238151 -0.81244594 3 0.72367603 -0.6167841 0.30962953 3 -0.43180388 -0.75464177 -0.49402553
3 0.54666567 0.21669644 -0.80882579 3 0.71742731 -0.61932093 0.31896639 3 -0.43180388 -0.75464177 -0.49402553
3 -0.69058239 -0.075725757 0.71927857 3 -0.58020812 0.65175259 -0.48844361 3 -0.43180388 -0.75464177 -0.49402553
3 -0.70476186 -0.059535742 0.70694143 3 -0.56289971 0.6534304 -0.50613499 3 -0.43180388 -0.75464177 -0.49402553
3 0.51651061 0.23664655 -0.82293087 3 0.74258822 -0.60231662 0.29287821 3 -0.42635623 -0.76237339 -0.48683402
3 -0.64550197 -0.12400512 0.75362456 3 -0.62997824 0.6443125 -0.43357682 3 -0.43180394 -0.75464171 -0.49402547
3 0.52005643 0.23920625 -0.81995219 3 0.73694426 -0.61097944 0.28916624 3 -0.4318037 -0.75464195 -0.49402541
3 -0.66784716 -0.10063933 0.73746318 3 -0.6062389 0.64837301 -0.46052888 3 -0.43180388 -0.75464177 -0.49402553
3 -0.67522645 -0.092685908 0.73176396 3 -0.59800881 0.64955759 -0.46953195 3 -0.43180388 -0.75464177 -0.49402553
3 -0.68256229 -0.084654674 0.72590786 3 -0.58962202 0.650653 -0.47853577 3 -0.43180388 -0.75464177 -0.49402553
3 -0.69708484 -0.068367273 0.71372175 3 -0.57237941 0.65256548 -0.49652806 3 -0.43180388 -0.75464177 -0.49402553
3 -0.63638449 -0.13324922 0.75977594 3 -0.63918716 0.64246428 -0.42270479 3 -0.43180385 -0.75464177 -0.49402544
3 0.50975126 0.24768509 -0.82389665 3 0.74410957 -0.60759187 0.2777282 3 -0.43180385 -0.75464177 -0.49402544
3 -0.65918487 -0.10982172 0.74391842 3 -0.6156466 0.6468811 -0.45002696 3 -0.43180397 -0.75464171 -0.49402556
3 0.52684498 0.23354919 -0.81724483 3 0.73210633 -0.61316442 0.29673171 3 -0.43180397 -0.75464171 -0.49402556
3 0.53540045 0.22633727 -0.81370616 3 0.72587299 -0.61586308 0.30630219 3 -0.43180397 -0.75464171 -0.49402556
3 -0.61916369 -0.15028484 0.77074677 3 -0.65588224 0.63869405 -0.4023532 3 -0.43180385 -0.75464177 -0.49402544
3 -0.62694657 -0.14265232 0.76589048 3 -0.6484468 0.64044201 -0.41152224 3 -0.43180385 -0.75464177 -0.49402544
3 0.4991442 0.25627932 -0.82775348 3 0.75126582 -0.60401708 0.26601267 3 -0.43180385 -0.75464177 -0.49402544
3 0.5078032 0.24927311 -0.82462037 3 0.74544024 -0.60694212 0.27557236 3 -0.43180397 -0.75464171 -0.49402556
3 0.51647669 0.242166 -0.82134485 3 0.73945725 -0.60981262 0.28518662 3 -0.43180397 -0.75464171 -0.49402556
3 0.5005343 0.25329033 -0.82783419 3 0.75365508 -0.59802616 0.27270675 3 -0.42599246 -0.76040053 -0.49022618
3 -0.59902287 -0.16955259 0.78257489 3 -0.67432702 0.63385141 -0.37883422 3 -0.43180385 -0.75464177 -0.49402544
3 0.45933542 0.28739274 -0.84048581 3 0.77624506 -0.5898484 0.22253641 3 -0.43180385 -0.75464177 -0.49402544
3 0.52719432 0.25128153 -0.81174123 3 0.71796763 -0.64269066 0.26734158 3 -0.45452046 -0.72374487 -0.51923478
3 -0.58027196 -0.1869016 0.79268664 3 -0.69052863 0.62895429 -0.35719264 3 -0.43180385 -0.75464177 -0.49402544
3 -0.46853951 -0.30150434 0.83040088 3 -0.75754994 0.62071621 -0.20206317 3 -0.45452046 -0.72374487 -0.51923478
3 0.5515874 0.2441023 -0.79759997 3 -0.013549879 -0.9534722 -0.30117691 3 -0.83400714 0.17693272 -0.52261555
3 0.5515427 0.24114774 -0.79852891 3 -0.015258342 -0.95422357 -0.29870489 3 -0.83400714 0.17693272 -0.52261555
3 -0.55715615 -0.24095099 0.79468209 3 0.042525239 0.9474436 0.31708363 3 -0.82931799 0.2104592 -0.51762778
3 0.5513407 0.23060116 -0.80177712 3 -0.021344848 -0.95682704 -0.28987324 3 -0.83400714 0.17693272 -0.52261555
3 0.5516448 0.24856766 -0.79617989 3 -0.010964945 -0.95231783 -0.30491123 3 -0.83400714 0.17693272 -0.52261555
3 0.55170584 0.19274117 -0.81146264 3 -0.034965061 -0.96673131 -0.25339347 3 -0.83330554 0.16817148 -0.52661204
3 -0.54626954 -0.22545348 0.80669719 3 0.092523664 0.94095916 0.32563069 3 -0.83248359 0.25252071 -0.49315757
3 -0.33685133 0.26781002 0.9026677 3 0.61312532 0.78996599 -0.0055709779 3 -0.71456879 0.55157185 -0.43030208
3 -0.55436081 -0.19447148 0.80923724 3 0.31544295 0.85068017 0.42052221 3 -0.77018172 0.48838922 -0.41023907
3 -0.55885482 -0.20672639 0.80308497 3 0.30741081 0.84778541 0.43215555 3 -0.77018172 0.48838922 -0.41023907
3 -0.57483023 -0.24637154 0.78030199 3 0.28658026 0.83258575 0.47399655 3 -0.76644766 0.49608675 -0.40799031
3 0.55147171 0.23702498 -0.79981142 3 -0.017639868 -0.9552561 -0.2952539 3 -0.83400714 0.17693272 -0.52261555
3 0.55170095 0.2543239 -0.79432076 3 -0.0076277107 -0.95079672 -0.30972192 3 -0.83400714 0.17693272 -0.52261555
3 -0.43952683 0.12455974 0.88955104 3 0.54424965 0.82477468 0.15342413 3 -0.71456879 0.55157185 -0.43030208
3 -0.4552874 0.10033599 0.88467282 3 0.53113538 0.8280707 0.17942673 3 -0.71456879 0.55157185 -0.43030208
3 -0.57621157 -0.25040093 0.77799714 3 0.28379291 0.83138287 0.47777012 3 -0.76644766 0.49608675 -0.40799031
3 0.55148685 0.23785609 -0.79955411 3 -0.017159998 -0.9550494 -0.29594976 3 -0.83400714 0.17693272 -0.52261555
3 0.55170476 0.2547974 -0.79416639 3 -0.0073529333 -0.95066994 -0.31011748 3 -0.83400714 0.17693272 -0.52261555
3 -0.64021498 -0.26766312 0.72005641 3 0.28198686 0.7900157 0.54438829 3 -0.71456879 0.55157185 -0.43030208
3 -0.66771233 -0.35425621 0.65472335 3 0.20868978 0.75516289 0.62143171 3 -0.71456879 0.55157185 -0.43030208
3 -0.48622093 0.050660294 0.87236619 3 0.50297183 0.83258754 0.23198549 3 -0.71456879 0.55157185 -0.43030208
3 -0.66990459 -0.36230537 0.64804536 3 0.20154281 0.75133431 0.62839264 3 -0.71456879 0.55157185 -0.43030208
3 -0.64899331 -0.29305539 0.70208704 3 0.26114911 0.78095269 0.56737471 3 -0.71456879 0.55157185 -0.43030208
3 -0.66655487 -0.35009894 0.65813017 3 0.21235779 0.75709921 0.61782265 3 -0.71456879 0.55157185 -0.43030208
3 -0.67196172 -0.37008938 0.64148366 3 0.19457409 0.74753076 0.63508952 3 -0.71456879 0.55157185 -0.43030208
3 -0.21290866 -0.97362143 0.08204332 3 -0.97696912 0.21335334 -0.0034102732 3 -0.014183904 -0.080879875 -0.99662292
3 -0.18158081 -0.9819957 0.052083544 3 -0.98336864 0.18112113 -0.013453732 3 0.0037780781 -0.05366027 -0.99855208
3 -0.99723268 -0.021508154 0.071165003 3 -0.034491293 0.9818328 -0.1865866 3 -0.065858997 -0.18852481 -0.97985756
3 -0.53074437 -0.83694732 0.13352688 3 -0.84669256 0.53060693 -0.039596982 3 -0.037709709 -0.13407211 -0.99025387
3 -0.24746299 -0.96294278 0.10725367 3 -0.96854395 0.24884237 -0.00053904951 3 -0.026170187 -0.1040133 -0.99423164
3 -0.59853089 -0.79622871 0.088208087 3 -0.80089372 0.59723604 -0.043342657 3 -0.018170394 -0.096587233 -0.99515873
3 -0.33400977 -0.93925399 0.078989163 3 -0.94245398 0.33410612 -0.012385678 3 -0.014757465 -0.078580596 -0.99679852
3 -0.2209554 -0.97406793 0.04868497 3 -0.97528207 0.22077249 -0.0091701653 3 -0.0018159383 -0.049507786 -0.99877203
3 -0.12743124 -0.99157184 0.02337829 3 -0.99184501 0.12734281 -0.0052402224 3 0.0022190008 -0.023855403 -0.999713
3 -0.52854812 0.8194561 -0.22164977 3 0.84107566 0.47013265 -0.26752061 3 -0.11501661 -0.32782173 -0.93771225
3 -0.79861033 0.59422535 -0.095487222 3 0.59533918 0.75669581 -0.2701534 3 -0.088277183 -0.2725946 -0.9580707
3 -0.960967 -0.24172649 0.13457657 3 -0.26561445 0.94217902 -0.20432304 3 -0.077404939 -0.23209316 -0.9696089
3 -0.91288638 -0.38895562 0.12390238 3 -0.40414119 0.90390861 -0.14006732 3 -0.057516467 -0.17793964 -0.98235899
3 -0.72712225 -0.67255545 0.13770424 3 -0.68516541 0.72349006 -0.084324062 3 -0.042915046 -0.15566407 -0.98687738
3 -0.47077563 -0.87568331 0.10746668 3 -0.88191652 0.47045541 -0.029914942 3 -0.024362259 -0.10885985 -0.9937585
3 -0.4164806 -0.90471286 0.089658901 3 -0.90895343 0.41638607 -0.020652127 3 -0.018648472 -0.090096965 -0.99575841
3 -0.46039137 -0.88464558 0.073770463 3 -0.88762617 0.45993558 -0.024067167 3 -0.01263874 -0.076560892 -0.99698484
3 -0.34785381 -0.93662822 0.041538533 3 -0.93751764 0.34786266 -0.0072479341 3 -0.0076610846 -0.041464321 -0.99911064
3 -0.30077589 -0.95343024 0.022468617 3 -0.953695 0.30069757 -0.0068682767 3 -0.00020783581 -0.023494016 -0.99972403
3 -0.61254847 0.76723629 -0.19008681 3 0.7832523 0.55682826 -0.27651101 3 -0.10630359 -0.31826225 -0.94202375
3 -0.95216829 0.30556083 -0.0028659962 3 0.29488903 0.91637421 -0.27073756 3 -0.080100507 -0.25863284 -0.96264893
3 -0.887142 -0.43149796 0.16367255 3 -0.45606449 0.87396675 -0.16789068 3 -0.070599869 -0.22358808 -0.97212338
3 -0.85486221 -0.50130796 0.13379413 3 -0.51614815 0.84794843 -0.1207246 3 -0.052930318 -0.17226051 -0.98362833
3 -0.68096495 -0.71939301 0.13696839 3 -0.73114014 0.67846912 -0.071511768 3 -0.041483741 -0.14884008 -0.98799092
3 -0.54757696 -0.83065379 0.10086391 3 -0.83642089 0.54677403 -0.037921496 3 -0.02365014 -0.10512965 -0.99417728
3 -0.4560394 -0.88577801 0.086171255 3 -0.88979512 0.45567489 -0.02500662 3 -0.017115751 -0.088078745 -0.99596655
3 -0.53795475 -0.84013796 0.069086783 3 -0.84282511 0.53758943 -0.025367057 3 -0.015828498 -0.07187441 -0.99728805
3 -0.40380406 -0.91424334 0.033188771 3 -0.91483516 0.40370634 -0.009892256 3 -0.0043545887 -0.034356784 -0.99940014
3 -0.67984641 -0.73322457 0.013807015 3 -0.73335457 0.67973101 -0.012530555 3 -0.00019734539 -0.01864429 -0.99982619
3 -0.83803654 -0.54558581 -0.0055608442 3 -0.54560226 0.83804214 0.0019287663 3 0.0036079134 0.0046503851 -0.99998271
3 -0.8051911 0.57983083 -0.12435248 3 0.57708573 0.71786398 -0.38941437 3 -0.13652627 -0.385315 -0.91262972
3 -0.69996428 0.69399744 -0.16857536 3 0.7065562 0.63853383 -0.30504608 3 -0.10406011 -0.33262929 -0.93729895
3 -0.89326477 0.4464491 -0.052548051 3 0.43893152 0.84098834 -0.31635082 3 -0.097042248 -0.30565 -0.94718575
3 -0.98654383 -0.12575567 0.10448247 3 -0.1477243 0.95945936 -0.24003102 3 -0.07006146 -0.25223577 -0.9651261
3 -0.83730853 -0.51853186 0.17331798 3 -0.54263568 0.8269012 -0.14758353 3 -0.066790089 -0.21762148 -0.97374535
3 -0.41384235 -0.89370835 0.17326158 3 -0.90896064 0.41616318 -0.024459481 3 -0.050245464 -0.16761038 -0.98457193
3 -0.71053892 -0.69117624 0.13194661 3 -0.70253062 0.70742708 -0.077444427 3 -0.039814848 -0.14772379 -0.98822689
3 -0.61711133 -0.78084981 0.097197205 3 -0.78660148 0.61543387 -0.049994282 3 -0.020780422 -0.1073075 -0.99400872
3 -0.56769586 -0.81916428 0.081801951 3 -0.82307166 0.566773 -0.036358818 3 -0.016579282 -0.087969594 -0.99598533
3 -0.56625766 -0.82169533 0.06456773 3 -0.82409739 0.5658232 -0.026595086 3 -0.014680868 -0.068269782 -0.99755877
3 -0.4546158 -0.89025843 0.027646123 3 -0.89068317 0.45449162 -0.01098315 3 -0.0027870897 -0.029617053 -0.99955738
3 -0.99208617 -0.12555256 0.0013186936 3 -0.12555939 0.99201673 -0.011741942 3 0.00016606553 -0.011814591 -0.99993026
3 -0.99212837 0.12519069 -0.0029780075 3 0.12515916 0.99209517 0.0091073066 3 0.004094616 0.0086628906 -0.99995422
3 -0.95099735 -0.30897117 -0.011863727 3 -0.30915019 0.95082831 0.018751111 3 0.0054868152 0.021499932 -0.99975383
3 -0.77918017 0.6169005 -0.11095971 3 0.60200959 0.68724978 -0.40653688 3 -0.17453574 -0.38356426 -0.90687138
3 -0.81253672 0.57081467 -0.11813037 3 0.57336366 0.74611908 -0.33846807 3 -0.1050632 -0.34274936 -0.93353349
3 -0.82532191 0.55447537 -0.10677426 3 0.55671102 0.76739842 -0.31807584 3 -0.094426796 -0.32195741 -0.94203335
3 -0.98210418 0.18543535 0.032941252 3 0.16649054 0.93656063 -0.30844006 3 -0.088047162 -0.29743585 -0.95067334
3 -0.96376437 -0.23634335 0.1236928 3 -0.25909981 0.93967354 -0.22334002 3 -0.063445933 -0.24729598 -0.96686053
3 -0.79405439 -0.58189052 0.17573017 3 -0.60501993 0.78446084 -0.13627924 3 -0.058553845 -0.21453336 -0.97495991
3 -0.44262612 -0.88170397 0.1633407 3 -0.89569771 0.44336864 -0.03391261 3 -0.042519264 -0.1613145 -0.98598677
3 -0.43578812 -0.88812935 0.14599669 3 -0.89936131 0.43602961 -0.032057304 3 -0.035187837 -0.14527394 -0.9887656
3 -0.6388905 -0.763358 0.095412835 3 -0.76892406 0.63751465 -0.048278436 3 -0.023973361 -0.10420987 -0.99426627
3 -0.82283854 -0.56427157 0.067338213 3 -0.56786555 0.8209514 -0.059730448 3 -0.021577207 -0.087387554 -0.99594074
3 -0.61172444 -0.78882647 0.059550777 3 -0.79083252 0.61165351 -0.02154655 3 -0.019427948 -0.060275223 -0.99799275
3 -0.98308796 0.18313211 0.00083799777 3 0.18304893 0.98276031 -0.025981709 3 -0.005581636 -0.025388911 -0.99966198
3 -0.91796494 0.39665952 0.0011795299 3 0.39665624 0.91796428 -0.002313612 3 -0.002000483 -0.0016559472 -0.99999666
3 -0.99142814 0.13054755 -0.0052901297 3 0.13044399 0.9913162 0.016647119 3 0.0074174306 0.015814349 -0.99984753
3 -0.98728454 0.15892649 -0.0034396444 3 0.15875554 0.98686779 0.029814227 3 0.0081327455 0.028889056 -0.99954957
3 -0.98548365 -0.039329588 0.16515267 3 -0.097570986 0.92729604 -0.36138952 3 -0.13893203 -0.37225747 -0.91767234
3 -0.99070311 0.11302915 0.075707495 3 0.077552833 0.92645729 -0.36832353 3 -0.11177111 -0.35902798 -0.92660999
3 -0.99083829 -0.069502324 0.11579675 3 -0.10349091 0.94162238 -0.32037011 3 -0.086770333 -0.3294189 -0.94018835
3 -0.93568653 -0.30380398 0.17942603 3 -0.34342617 0.90082651 -0.26565009 3 -0.080926143 -0.31018484 -0.94722563
3 -0.90132129 -0.39485136 0.17807917 3 -0.42776513 0.87604034 -0.22264303 3 -0.068093635 -0.276849 -0.95849764
3 -0.87709409 -0.44947767 0.16933936 3 -0.4762907 0.85945588 -0.1856952 3 -0.062073853 -0.24352692 -0.9679057
3 -0.64001465 -0.74254668 0.1974982 3 -0.76610357 0.63638824 -0.089973234 3 -0.058876224 -0.20888831 -0.97616559
3 -0.56527317 -0.80760151 0.16806515 3 -0.82359129 0.56402391 -0.059783511 3 -0.046511501 -0.17221102 -0.98396134
3 -0.43466964 -0.88861853 0.14635259 3 -0.89973813 0.4355514 -0.027671508 3 -0.039154671 -0.14370701 -0.98884529
3 -0.68142039 -0.72608989 0.091977 3 -0.73150814 0.67973477 -0.053448245 3 -0.02371173 -0.10370263 -0.99432576
3 -0.86975867 -0.49035886 0.055390805 3 -0.493112 0.86794078 -0.059323914 3 -0.018985927 -0.078911349 -0.99670076
3 -0.86775792 0.49679908 -0.013671631 3 0.49688128 0.86667687 -0.044500787 3 -0.010259063 -0.045409087 -0.99891585
3 -0.85628736 0.5164988 0.00092856947 3 0.51646513 0.85624951 -0.010023321 3 -0.0059721214 -0.0081032701 -0.99994934
3 -0.74207568 0.67021948 0.011385506 3 0.67029274 0.74208498 0.0042260475 3 -0.0056166323 0.010767667 -0.99992633
3 -0.77090961 0.63649875 0.023825426 3 0.63692629 0.77063078 0.02128337 3 -0.004813768 0.031582594 -0.99948955
3 -0.88396281 0.46688348 0.025087669 3 0.46752539 0.88325381 0.03581173 3 -0.0054388749 0.043385368 -0.99904358
3 -0.77265352 0.63385695 0.03509672 3 0.63482714 0.77155024 0.041284483 3 -0.00091042224 0.054178957 -0.99853075
3 0.10668337 0.9188571 -0.37989506 3 0.98645139 -0.1457029 -0.07539504 3 -0.12462881 -0.36670226 -0.9219529
3 -0.98491442 -0.073855877 0.15648971 3 -0.12523337 0.92831355 -0.35007247 3 -0.11941659 -0.36438909 -0.92355847
3 -0.00077877345 0.93526554 -0.35394588 3 0.99446052 -0.03647821 -0.098577984 3 -0.1051079 -0.35206449 -0.93005538
3 -0.99587709 0.0055751987 0.0905421 3 -0.024331376 0.94511914 -0.32581845 3 -0.087389566 -0.3266781 -0.94108671
3 -0.92272723 -0.3381322 0.18504325 3 -0.37744054 0.88999635 -0.25582257 3 -0.078185938 -0.3058973 -0.94884872
3 -0.79882258 -0.56021804 0.21917579 3 -0.59776324 0.78011721 -0.18465109 3 -0.067537934 -0.27851874 -0.95805317
3 -0.75673127 -0.62228799 0.20028815 3 -0.65111977 0.74479848 -0.14600722 3 -0.058315784 -0.24089983 -0.96879643
3 -0.8576501 -0.49090695 0.15312274 3 -0.51116574 0.84633821 -0.14973627 3 -0.056087054 -0.20669246 -0.97679698
3 -0.59450299 -0.78756988 0.16217268 3 -0.80278116 0.59285361 -0.063772276 3 -0.04591953 -0.16810197 -0.98469943
3 -0.16452393 -0.97691643 0.13625735 3 -0.98589098 0.16718516 0.0082437191 3 -0.030833632 -0.1329786 -0.99063915
3 -0.31473351 -0.94337332 0.10483115 3 -0.94875443 0.31597516 -0.0049818065 3 -0.028423605 -0.10102477 -0.99447787
3 -0.23937818 0.9689033 -0.062645301 3 0.9706986 0.23742598 -0.037053805 3 -0.021027934 -0.069679581 -0.99734771
3 -0.31708485 -0.94757169 0.039560277 3 -0.94830889 0.31734857 0.00040762965 3 -0.012941509 -0.037388664 -0.99921703
3 -0.40665427 -0.91353017 0.00974443 3 -0.91356778 0.40668458 0.0012721198 3 -0.0051245643 -0.0083838403 -0.99995172
3 -0.0014939259 -0.99983209 -0.018262114 3 -0.99999404 0.0014373593 0.0031102176 3 -0.0030834428 0.018269017 -0.99982834
3 -0.099652655 -0.99455953 -0.030345889 3 -0.99501657 0.099501669 0.0064494279 3 -0.0033946917 0.030839168 -0.99951857
3 -0.55570585 0.83052385 0.03769784 3 0.83136356 0.55540007 0.019114967 3 -0.0050619435 0.041962907 -0.99910635
3 -0.59189224 0.80428618 0.052793704 3 0.80598432 0.5911867 0.029787244 3 -0.0072534662 0.060181744 -0.99816102
3 -0.069290876 -0.92837125 0.36513788 3 -0.99075431 0.10683511 0.083618857 3 -0.11663888 -0.35596785 -0.92719042
3 -0.14278424 -0.91499805 0.37734741 3 -0.98045218 0.18290524 0.072518893 3 -0.13537349 -0.35961661 -0.92322797
3 -0.54217637 -0.75063622 0.37761092 3 -0.83015263 0.54802477 -0.10254434 3 -0.12996665 -0.36907181 -0.92026877
3 -0.78303301 -0.5291121 0.3269552 3 -0.60841668 0.76077235 -0.22595301 3 -0.12918402 -0.37585369 -0.91763043
3 0.0089208232 0.93212223 -0.36203387 3 0.99364138 -0.04889977 -0.1014172 3 -0.11223658 -0.35882467 -0.9266324
3 0.29232326 0.87840956 -0.37807909 3 0.9496873 -0.31312603 0.0067783967 3 -0.11243148 -0.36103621 -0.9257493
3 0.29450068 0.8838371 -0.36345741 3 0.95004976 -0.31189197 0.011359274 3 -0.10331923 -0.34864655 -0.93154222
3 -0.9296031 -0.31469387 0.19184873 3 -0.35870281 0.89209515 -0.2747705 3 -0.084678732 -0.32424414 -0.94217592
3 -0.94976908 -0.26760998 0.16224504 3 -0.30305919 0.91580933 -0.26353049 3 -0.078062102 -0.299463 -0.95090914
3 -0.80598396 -0.55180204 0.2142525 3 -0.58824319 0.78702062 -0.18592547 3 -0.066027105 -0.27588558 -0.95892006
3 -0.72947055 -0.65431064 0.19937442 3 -0.68179262 0.71899277 -0.13493711 3 -0.055058017 -0.2343647 -0.97058833
3 -0.0098534646 0.97886479 -0.2042713 3 0.9988386 -5.2154064e-08 -0.048181374 3 -0.047163069 -0.20450744 -0.97772813
3 -0.59682584 -0.78623211 0.16011843 3 -0.80117178 0.59485352 -0.065370664 3 -0.043851905 -0.16729912 -0.98493063
3 -0.21722907 -0.96647757 0.13686723 3 -0.97547048 0.22005682 0.0056948215 3 -0.035622578 -0.13227327 -0.99057299
3 -0.52455926 -0.84629577 0.092849046 3 -0.85096633 0.52455503 -0.026425868 3 -0.026339192 -0.092871517 -0.99532974
3 -0.33094111 0.94233292 -0.049863018 3 0.94348246 0.32942069 -0.036363132 3 -0.017840274 -0.059078958 -0.99809378
3 -0.11193016 -0.99333686 0.027448324 3 -0.9936499 0.11219874 0.0084431116 3 -0.011466602 -0.026329687 -0.9995876
3 -0.40709299 -0.91337353 0.0048991591 3 -0.91334355 0.40712005 0.0075366795 3 -0.0088786567 -0.0014071746 -0.99995959
3 -0.0018706181 -0.99975836 -0.021901315 3 -0.99997103 0.0017083621 0.0074248714 3 -0.0073856665 0.021912513 -0.99973267
3 -0.09975452 -0.99444759 -0.033509802 3 -0.99499512 0.099499524 0.0091972863 3 -0.0058118431 0.034261238 -0.99939609
3 -0.41421014 0.90928233 0.04044342 3 0.91017073 0.41401109 0.013574241 3 -0.0044012042 0.042432997 -0.99908966
3 -0.42776635 0.9021824 0.055524256 3 0.90383041 0.42763269 0.014868469 3 -0.010329914 0.056544736 -0.99834669
3 -0.75526428 -0.58635086 0.29286271 3 -0.64877284 0.73229837 -0.20696117 3 -0.093111023 -0.34631175 -0.9334873
3 -0.94899839 0.3151288 -0.0097947419 3 0.29626676 0.88070941 -0.36956355 3 -0.1078338 -0.35361704 -0.92915392
3 -0.56678975 -0.74377298 0.35433203 3 -0.81618512 0.56550074 -0.11853624 3 -0.11221097 -0.35638565 -0.92757642
3 -0.60044187 -0.70956779 0.36875892 3 -0.7895171 0.59926897 -0.13243657 3 -0.12701304 -0.37066191 -0.92004204
3 -0.45790815 -0.80087376 0.38590357 3 -0.8805815 0.46820599 -0.073208854 3 -0.12205128 -0.37334239 -0.91962975
3 0.10629239 0.92265481 -0.37068868 3 0.98785365 -0.14048308 -0.066406295 3 -0.11334548 -0.35912696 -0.9263804
3 0.19944055 0.90833271 -0.36763439 3 0.97434402 -0.22375238 -0.024257511 3 -0.10429279 -0.35336366 -0.9296543
3 0.29489303 0.88733602 -0.35450363 3 0.95077479 -0.30945206 0.016329661 3 -0.095211305 -0.34186661 -0.93491286
3 0.20334701 0.92326838 -0.32592258 3 0.97559738 -0.21922129 -0.012319744 3 -0.082824022 -0.31546596 -0.94531548
3 0.20519428 0.9292531 -0.30721989 3 0.97568977 -0.21890701 -0.010461755 3 -0.076973982 -0.29760358 -0.95158148
3 0.39255598 0.8779698 -0.27398685 3 0.91718554 -0.3958323 0.045687906 3 -0.068340391 -0.26923218 -0.96064752
3 -0.0083496226 0.97187328 -0.23535641 3 0.99785298 -0.0071920687 -0.065099038 3 -0.064960718 -0.23539393 -0.96972674
3 0.09111844 0.97615618 -0.19701882 3 0.99450183 -0.09945026 -0.03279651 3 -0.051607966 -0.19294588 -0.97985125
3 -0.21610121 -0.96267927 0.16293831 3 -0.97520554 0.2209677 0.012139045 3 -0.047690164 -0.15627533 -0.98656154
3 -0.31297085 -0.9399091 0.13645522 3 -0.94874555 0.31603977 0.00087179616 3 -0.043945018 -0.12918943 -0.99064577
3 -0.31569737 -0.94521374 0.083102867 3 -0.9483369 0.31721833 0.0054349285 3 -0.031498503 -0.077092469 -0.99652624
3 -0.31768617 -0.94676507 0.05207083 3 -0.94777095 0.31870842 0.012450024 3 -0.028383248 -0.045397773 -0.99856561
3 -0.31760982 -0.94787556 0.025609754 3 -0.94786793 0.31811303 0.018720658 3 -0.025890719 -0.018326014 -0.99949682
3 -0.40804556 -0.9129591 0.0021214036 3 -0.9127472 0.40799898 0.020724971 3 -0.019786831 0.0065198676 -0.99978304
3 -0.0033212772 -0.99950677 -0.031230265 3 -0.99978894 0.0026856526 0.02037281 3 -0.020278895 0.031288501 -0.99930465
3 -0.00076329359 -0.99924213 -0.038916644 3 -0.99980772 -1.169974e-08 0.019610081 3 -0.019595221 0.038923856 -0.99905008
3 -0.48251939 0.87436473 0.051588763 3 0.87570983 0.4827641 0.008433341 3 -0.017531386 0.049246036 -0.99863279
3 -0.34191191 0.93799037 0.057186577 3 0.9396472 0.34206477 0.0073985169 3 -0.012621777 0.056264851 -0.99833608
3 0.13696325 0.98886144 0.058258638 3 0.9904806 -0.13589659 -0.021911655 3 -0.013750441 0.060705144 -0.998061
3 -0.45715162 -0.8228097 0.33763358 3 -0.88599992 0.45442569 -0.092201881 3 -0.077564761 -0.3412936 -0.93675095
3 -0.95224279 -0.24669245 0.17993505 3 -0.29270449 0.90527654 -0.30789366 3 -0.0869359 -0.34585729 -0.93425095
3 -0.90070951 0.42971706 -0.063760728 3 0.4225949 0.83268571 -0.35783765 3 -0.10067631 -0.34925279 -0.93160433
3 -0.94007814 0.34007704 -0.024510248 3 0.32523453 0.87282377 -0.36386979 3 -0.10235064 -0.35003757 -0.93112731
3 -0.98218763 -0.11128905 0.15140088 3 -0.15778786 0.92600673 -0.3429496 3 -0.10203166 -0.36073008 -0.92707241
3 0.49482989 0.78974307 -0.36255932 3 0.86333269 -0.49430615 0.10157781 3 -0.098995231 -0.36327353 -0.92640823
3 0.098903127 0.9248392 -0.36727482 3 0.98930281 -0.13115697 -0.063859418 3 -0.10723016 -0.35702854 -0.92791831
3 0.09981852 0.92697549 -0.36159754 3 0.98967946 -0.13004813 -0.06018592 3 -0.10281619 -0.35186031 -0.93038881
3 0.19890468 0.91379291 -0.35414642 3 0.9750905 -0.22072589 -0.02187711 3 -0.098160051 -0.34097159 -0.93493462
3 0.099457599 0.94109648 -0.32318047 3 0.99162996 -0.12061647 -0.046062838 3 -0.08233051 -0.3158946 -0.94521552
3 -0.01476131 0.95735967 -0.28852108 3 0.99684435 -0.0084180795 -0.078933083 3 -0.07799612 -0.28877804 -0.9542138
3 0.39586091 0.87553716 -0.27699986 3 0.91508448 -0.40135807 0.039141737 3 -0.076906793 -0.26897451 -0.9600718
3 -0.0073091453 0.97454101 -0.22409017 3 0.99807996 -0.006674001 -0.06157878 3 -0.061506622 -0.22411017 -0.97262102
3 0.090452783 0.97785014 -0.18875213 3 0.9942947 -0.099429585 -0.038624797 3 -0.056536578 -0.18417898 -0.98126543
3 -0.31167987 -0.93631929 0.16174585 3 -0.94855911 0.3165648 0.0046921708 3 -0.055597082 -0.15196507 -0.98682088
3 -0.31392369 -0.94065994 0.12888244 3 -0.94825578 0.3174282 0.007076472 3 -0.047568038 -0.11999373 -0.99163431
3 -0.31680223 -0.94529831 0.077765465 3 -0.94767761 0.31886077 0.01533 3 -0.039286982 -0.068837643 -0.99685401
3 -0.31891441 -0.94659513 0.047447924 3 -0.94711632 0.32016852 0.021516996 3 -0.035559047 -0.038076125 -0.99864203
3 -0.0033285175 -0.99986541 0.016067186 3 -0.99942243 0.003869616 0.033764482 3 -0.033822104 -0.0159445 -0.99930072
3 -0.40911785 -0.91248041 -0.0014148796 3 -0.91200948 0.40885586 0.032789316 3 -0.029341349 0.014704592 -0.99946111
3 -0.0043785288 -0.99947637 -0.032059923 3 -0.99956095 0.0034348485 0.02943103 3 -0.029305492 0.03217588 -0.99905252
3 -0.10080234 -0.99411738 -0.039618474 3 -0.99443102 0.099443033 0.034906104 3 -0.030761216 0.042914111 -0.99860525
3 -0.10112265 -0.99368912 -0.048540402 3 -0.9943949 0.099439599 0.035924822 3 -0.030871013 0.051903639 -0.99817485
3 -0.18270084 0.9810437 0.064604245 3 0.98286635 0.18387891 -0.012735151 3 -0.024373095 0.061170604 -0.99782962
3 0.28183725 0.95820791 0.049047448 3 0.95928025 -0.28041917 -0.033866029 3 -0.018696846 0.056594942 -0.99822223
3 0.051337361 -0.94169629 0.33252454 3 -0.99648535 -0.026232874 0.079553619 3 -0.066192277 -0.33543995 -0.93973333
3 -0.24793005 -0.9092077 0.33447278 3 -0.96666795 0.25495249 -0.0235034 3 -0.063905209 -0.32915133 -0.94211233
3 -0.252913 -0.9071604 0.33629614 3 -0.96526313 0.2601622 -0.024141651 3 -0.065591194 -0.33071998 -0.94144684
3 -0.31336105 -0.88657689 0.34027365 3 -0.94723731 0.31725651 -0.045713171 3 -0.067425787 -0.33664465 -0.93921465
3 -0.79735321 -0.54770297 0.25347435 3 -0.59951603 0.76708245 -0.22839662 3 -0.069342218 -0.33407477 -0.93999249
3 -0.73551369 -0.61648792 0.28100216 3 -0.67360896 0.70985794 -0.20579813 3 -0.07259956 -0.34065291 -0.93738204
3 -0.92111027 -0.33242714 0.20260291 3 -0.38077006 0.87766063 -0.29107675 3 -0.081054777 -0.34525895 -0.93500066
3 -0.86581051 0.48876849 -0.10713276 3 0.49371579 0.79967594 -0.3417061 3 -0.081343673 -0.34874588 -0.93368065
3 -0.92335832 -0.32522929 0.20404693 3 -0.37501603 0.87789768 -0.29775569 3 -0.082293525 -0.35145617 -0.93258047
3 -0.99505711 0.053355552 0.083753116 3 0.019721273 0.93277287 -0.35992473 3 -0.097326621 -0.35649395 -0.92921448
3 -0.98372537 -0.10724664 0.1441617 3 -0.15136451 0.92695493 -0.34328333 3 -0.0968154 -0.35951746 -0.92810237
3 0.29230478 0.88249046 -0.36846793 3 0.95118672 -0.30817538 0.016486026 3 -0.099003971 -0.35530066 -0.92949426
3 0.29299927 0.88563442 -0.36028197 3 0.95072734 -0.30981088 0.01161094 3 -0.10133557 -0.34592989 -0.93277204
3 -0.74019194 -0.60893404 0.28515825 3 -0.66655695 0.72027743 -0.1920992 3 -0.088417314 -0.33226451 -0.93903273
3 -0.0081877261 0.94936109 -0.31408045 3 0.996117 -0.019789994 -0.085786253 3 -0.087657779 -0.31356257 -0.94551289
3 -0.014726188 0.95836437 -0.28516811 3 0.99681115 -0.0082987081 -0.079365171 3 -0.078427285 -0.28542683 -0.95518631
3 0.39657563 0.87756735 -0.26945007 3 0.91515303 -0.40103832 0.040783912 3 -0.072269738 -0.26276317 -0.96215004
3 -0.0085622184 0.97464865 -0.22357741 3 0.99748421 -0.0074096443 -0.070501201 3 -0.070370525 -0.22361819 -0.97213316
3 0.089075737 0.97856504 -0.18567701 3 0.99393743 -0.09939374 -0.047003858 3 -0.064451464 -0.1803644 -0.98148602
3 -0.21720058 -0.96327227 0.15789372 3 -0.97438914 0.22360654 0.023788791 3 -0.058221012 -0.14868237 -0.98716962
3 -0.21970887 -0.96758014 0.12456594 3 -0.97408152 0.22461928 0.026675211 3 -0.053790927 -0.11547928 -0.9918524
3 -0.11649396 -0.99073112 0.069865182 3 -0.99198192 0.11953458 0.041032311 3 -0.049003337 -0.064525403 -0.99671227
3 -0.22252128 -0.9740876 0.040468734 3 -0.97398341 0.22394076 0.034740187 3 -0.042902242 -0.031683948 -0.9985767
3 -0.0039634192 -0.99990511 0.013198771 3 -0.99911761 0.0045115426 0.041760892 3 -0.041816458 -0.013018813 -0.99904054
3 -0.22185101 -0.97501093 -0.011655444 3 -0.97433168 0.22119635 0.041833639 3 -0.038210046 0.020637399 -0.99905658
3 -0.0052664564 -0.99940288 -0.034149911 3 -0.9993161 0.0040098373 0.036761772 3 -0.036602892 0.034318559 -0.99874049
3 -0.10110466 -0.99402344 -0.041174874 3 -0.9941963 0.099419594 0.041104559 3 -0.0367654 0.045090776 -0.9983061
3 -0.3971532 0.91540837 0.065551504 3 0.91694933 0.39877972 -0.013377599 3 -0.038386568 0.054794438 -0.99775958
3 -0.30705306 0.9488889 0.072995394 3 0.95095474 0.30893067 -0.015717845 3 -0.037465006 0.064589106 -0.99720842
3 -0.17706031 0.98181468 0.068480924 3 0.98363215 0.17889263 -0.021570757 3 -0.033429217 0.063540712 -0.99741924
3 0.086862713 0.99429363 0.061926693 3 0.99575394 -0.084752388 -0.035931669 3 -0.0304782 0.064784877 -0.99743372
3 -0.12002801 -0.91690814 0.38062137 3 -0.99276191 0.10926115 -0.049857426 3 0.0041275551 -0.38385069 -0.92338598
3 -0.022195444 -0.92623472 0.37629327 3 -0.9997071 0.024192227 0.0005812943 3 -0.009641788 -0.37617019 -0.92650038
3 0.17176384 -0.92042536 0.35116124 3 -0.98447049 -0.14725097 0.095576905 3 -0.036262579 -0.36212456 -0.93142408
3 -0.17884029 -0.91951013 0.35002467 3 -0.98311406 0.18102746 -0.026751917 3 -0.038765419 -0.3488985 -0.93635839
3 -0.47841009 -0.81805277 0.31923914 3 -0.87642139 0.46751693 -0.11538479 3 -0.054858837 -0.33498919 -0.94062364
3 -0.29440314 -0.89649725 0.33108842 3 -0.95390105 0.29679298 -0.044572301 3 -0.058305789 -0.32894784 -0.94254637
3 -0.56593323 -0.76344484 0.31124175 3 -0.82230157 0.54993212 -0.14626871 3 -0.059493732 -0.33871293 -0.93900687
3 -0.91886282 -0.34800488 0.18596686 3 -0.38941616 0.87578762 -0.28522107 3 -0.063609146 -0.33449757 -0.94024748
3 -0.98313248 -0.13614777 0.12212461 3 -0.16933057 0.92992437 -0.32644737 3 -0.069121584 -0.34162039 -0.9372927
3 -0.99159241 -0.074184954 0.1060244 3 -0.10623141 0.93453932 -0.33963406 3 -0.073888235 -0.34804165 -0.9345628
3 -0.97134823 0.23761597 -0.0045987405 3 0.22336261 0.90612984 -0.35921815 3 -0.081188925 -0.34995314 -0.93324226
3 -0.99208617 0.11833003 0.041986749 3 0.095506556 0.92827004 -0.35943455 3 -0.081506968 -0.3525801 -0.93222529
3 0.29229695 0.88270473 -0.36796018 3 0.95229077 -0.30397159 0.027270682 3 -0.087778263 -0.35837862 -0.92944068
3 0.41510993 0.8343392 -0.36271459 3 0.90559757 -0.41709048 0.076996073 3 -0.087043747 -0.36043486 -0.9287141
3 0.29171771 0.88200313 -0.37009633 3 0.95135599 -0.30763984 0.016720146 3 -0.099109158 -0.35697091 -0.9288429
3 0.29320887 0.88687485 -0.35704553 3 0.95129526 -0.30783558 0.016570866 3 -0.095215037 -0.34451443 -0.93393999
3 0.29776371 0.89216334 -0.33967817 3 0.95041937 -0.31046626 0.01770439 3 -0.089663275 -0.32810807 -0.94037515
3 0.30051413 0.89954013 -0.31704712 3 0.9505626 -0.30973929 0.022187829 3 -0.078242272 -0.30803841 -0.94815105
3 0.38970771 0.87371808 -0.29110917 3 0.91728342 -0.39639354 0.038254447 3 -0.081970476 -0.28193831 -0.95592457
3 0.39085096 0.87890875 -0.27341351 3 0.9169398 -0.39771631 0.032297112 3 -0.0803544 -0.2633262 -0.96135449
3 -0.0082080606 0.97649831 -0.21536854 3 0.99743688 -0.0073142312 -0.071177326 3 -0.071079776 -0.21540335 -0.97393489
3 -0.013039641 0.98350483 -0.18041104 3 0.99739814 9.3132257e-08 -0.072088838 3 -0.070899695 -0.18088292 -0.98094577
3 -0.31235918 -0.93628985 0.16060238 3 -0.94769847 0.31879807 0.015348811 3 -0.065570369 -0.14740741 -0.98690003
3 -0.31561986 -0.94076252 0.12389486 3 -0.94706231 0.320407 0.020301346 3 -0.058796458 -0.11093142 -0.99208724
3 0.30324817 -0.9516167 0.04966135 3 -0.9514218 -0.29944935 0.07160309 3 -0.053268429 -0.068959884 -0.99619639
3 -0.0062931301 -0.99927676 -0.03750281 3 -0.99900031 0.0046226135 0.044465169 3 -0.044259641 0.03774596 -0.99830675
3 -0.0022272835 -0.99884588 -0.047979038 3 -0.99892431 -6.0303137e-08 0.04637333 3 -0.046319813 0.048029449 -0.99777144
3 -0.37610215 0.92383134 0.071293369 3 0.92538249 0.37841067 -0.021731172 3 -0.047054116 0.057800505 -0.99721855
3 -0.53237641 0.84195638 0.087662905 3 0.84491074 0.53487325 -0.0060391724 3 -0.051973268 0.07085222 -0.99613196
3 -0.42842636 0.89975166 0.083052397 3 0.90248728 0.4306106 -0.0095515326 3 -0.044357248 0.070861593 -0.99649942
3 -0.54984355 0.83046502 0.089443177 3 0.83408475 0.55160493 0.0058978759 3 -0.044439312 0.077846088 -0.99597448
3 0.76986009 0.63803196 0.015185073 3 0.63728511 -0.7672413 -0.072168514 3 -0.034395207 0.065236889 -0.99727684
3 -0.71494818 -0.62738478 0.30860543 3 -0.69825697 0.61805183 -0.36117721 3 0.035862938 -0.47370896 -0.87995094
3 -0.67823941 -0.66971397 0.30244726 3 -0.73438936 0.60332322 -0.3109231 3 0.025756091 -0.43299443 -0.90102851
3 -0.64938462 -0.69927108 0.29886377 3 -0.76007557 0.58433306 -0.28432402 3 0.024183545 -0.41179472 -0.91095579
3 -0.22133775 -0.89960319 0.37646204 3 -0.97519445 0.20325668 -0.087650247 3 0.0023320215 -0.38652399 -0.92227644
3 -0.072534412 -0.92218566 0.37988472 3 -0.99734664 0.069436498 -0.021871388 3 -0.0062083825 -0.38046312 -0.92477524
3 -0.10486481 -0.92285424 0.37059858 3 -0.99442786 0.10134654 -0.029013598 3 -0.010783562 -0.3715761 -0.92833978
3 -0.32091337 -0.88312161 0.34221447 3 -0.94661707 0.31071511 -0.085860871 3 -0.030505624 -0.35149997 -0.9356907
3 -0.74720567 -0.61697692 0.24702877 3 -0.66385746 0.71038419 -0.23376799 3 -0.031255886 -0.33866465 -0.94038779
3 -0.69626778 -0.66320413 0.27453852 3 -0.71599507 0.66869634 -0.20048957 3 -0.050617408 -0.33616269 -0.94044268
3 -0.58593512 -0.75029784 0.30615854 3 -0.80868113 0.56567717 -0.16138136 3 -0.052102804 -0.34214368 -0.93820196
3 -0.96263218 -0.23023358 0.1425899 3 -0.26461428 0.91166347 -0.31440294 3 -0.057607863 -0.34038568 -0.9385196
3 -0.99788892 0.0044008493 0.064793959 3 -0.018066155 0.9395088 -0.34204814 3 -0.062379815 -0.34249663 -0.93744594
3 -0.3221603 -0.94548655 0.047621168 3 -0.94470996 0.32432887 0.048308875 3 -0.061121322 -0.029427936 -0.99769646
3 -0.32472634 -0.9455229 0.023219692 3 -0.94397593 0.32552695 0.054236118 3 -0.058840103 -0.0043068514 -0.99825811
3 -0.41677105 -0.90901071 0.0012058427 3 -0.90716565 0.41600889 0.063143089 3 -0.057899002 0.025223138 -0.99800372
3 -0.99200547 0.12459819 0.020009439 3 0.10942033 0.92825353 -0.35548925 3 -0.062867172 -0.35045788 -0.93446618
3 -0.99007422 -0.086410463 0.11084347 3 -0.11963651 0.93204665 -0.34201777 3 -0.07375738 -0.35188389 -0.93313318
3 -0.9654423 -0.20441836 0.16166082 3 -0.24787141 0.91183388 -0.32728991 3 -0.080503769 -0.35605067 -0.93099254
3 0.19797082 0.90941775 -0.36574179 3 0.9764986 -0.21540867 -0.0070493445 3 -0.085194558 -0.35574988 -0.93068999
3 0.40489799 0.83743775 -0.36709061 3 0.9101606 -0.40757155 0.074113548 3 -0.087549791 -0.36411899 -0.92722821
3 0.19855911 0.91172493 -0.35962752 3 0.97603095 -0.21730022 -0.012007423 3 -0.089094095 -0.34862104 -0.93301958
3 0.19944009 0.91484463 -0.35111675 3 0.97595769 -0.21759593 -0.012592323 3 -0.087921903 -0.34016508 -0.93624645
3 0.096352488 0.93707645 -0.3355653 3 0.99146056 -0.12012201 -0.050761554 3 -0.087876059 -0.32780713 -0.94064885
3 0.20199677 0.92408127 -0.32445508 3 0.97490621 -0.22136883 -0.023531377 3 -0.093569636 -0.31156224 -0.9456076
3 -0.017972499 0.96001482 -0.27937171 3 0.99524355 -0.0095804688 -0.096947566 3 -0.095747575 -0.27978683 -0.95527589
3 0.38917181 0.87874752 -0.27631176 3 0.91647363 -0.39959568 0.019984633 3 -0.092852019 -0.26101097 -0.96085984
3 -0.017802823 0.97921181 -0.20205788 3 0.99614078 -1.6950071e-07 -0.087768331 3 -0.085943848 -0.20283879 -0.97543311
3 -0.014927893 0.98491335 -0.17240314 3 0.99627215 -9.406358e-08 -0.086264886 3 -0.084963471 -0.17304713 -0.98124194
3 -0.31432033 -0.93643266 0.15587351 3 -0.94586277 0.32292023 0.03264932 3 -0.080908395 -0.137172 -0.98723733
3 0.20334983 -0.97534645 0.085721865 3 -0.97623551 -0.19527553 0.093978658 3 -0.074921891 -0.1027975 -0.99187678
3 0.097934805 -0.9935208 0.057664115 3 -0.99279147 -0.093511611 0.074970484 3 -0.069092296 -0.064592429 -0.99551696
3 -0.40706384 -0.9119066 0.052204732 3 -0.91085005 0.40953141 0.051341593 3 -0.068197921 -0.02665071 -0.9973157
3 -0.0063130958 -0.99997157 0.004123244 3 -0.99772334 0.0065756561 0.067118511 3 -0.067143694 -0.0036871657 -0.99773651
3 -0.41192493 -0.91121125 0.003451115 3 -0.90878075 0.41109708 0.071531683 3 -0.066599309 0.026329167 -0.99743235
3 -0.0026433005 -0.99917632 -0.04049287 3 -0.99787652 1.3015233e-07 0.065136336 3 -0.065082677 0.040581055 -0.99705452
3 -0.0032797055 -0.99879754 -0.048916269 3 -0.99775988 -5.4715201e-08 0.066898264 3 -0.06681782 0.049025342 -0.9965601
3 -0.41171473 0.90751708 0.083089337 3 0.90872061 0.41570565 -0.037626006 3 -0.06868694 0.060013801 -0.99583149
3 -0.55696654 0.82399428 0.10402676 3 0.82747507 0.56128603 -0.015578043 3 -0.071224995 0.077403113 -0.99445242
3 -0.57606131 0.81039107 0.10686139 3 0.81426078 0.5803774 -0.011870924 3 -0.071640052 0.080174685 -0.99420297
3 -0.73139614 0.67360216 0.10639463 3 0.67858553 0.73435771 0.015507098 3 -0.067686111 0.083539695 -0.99420309
3 -0.98022944 0.17991538 0.082344562 3 0.18590839 0.97992498 0.072005823 3 -0.067736544 0.085890777 -0.99399918
3 -0.25099441 -0.84719312 0.46825814 3 -0.9664818 0.19234957 -0.17004357 3 0.053990487 -0.49524289 -0.86707532
3 -0.57205278 -0.73759282 0.35876557 3 -0.81934923 0.49376744 -0.29130921 3 0.037720814 -0.46059841 -0.88680691
3 -0.82295007 -0.52112526 0.22623366 3 -0.56725252 0.73181981 -0.37770984 3 0.031271875 -0.43916792 -0.89786077
3 -0.53336459 -0.76999414 0.35018727 3 -0.84553945 0.47347489 -0.24674779 3 0.024189463 -0.42770377 -0.90359527
3 -0.4087792 -0.83818126 0.36104238 3 -0.91242385 0.36686909 -0.1813557 3 0.019553648 -0.40355819 -0.91474509
