ply
format ascii 1.0
comment PCL generated
element vertex 2878
property list uint float x_axis
property list uint float y_axis
property list uint float z_axis
element camera 1
property float view_px
property float view_py
property float view_pz
property float x_axisx
property float x_axisy
property float x_axisz
property float y_axisx
property float y_axisy
property float y_axisz
property float z_axisx
property float z_axisy
property float z_axisz
property float focal
property float scalex
property float scaley
property float centerx
property float centery
property int viewportx
property int viewporty
property float k1
property float k2
end_header
3 0.98733479 0.13928011 -0.07596752 3 0.0062344223 -0.51252723 -0.85864836 3 -0.15852806 0.84729975 -0.5069043
3 -0.76622885 -0.64249027 0.0099890828 3 -0.15960255 0.20535316 0.96558666 3 -0.62243116 0.73826599 -0.25989056
3 0.72879499 0.6677686 0.15146923 3 0.28537133 -0.095127761 -0.95368457 3 -0.62243116 0.73826599 -0.25989056
3 -0.73379165 -0.67069542 0.1082481 3 0.037297577 0.11932422 0.99215472 3 -0.67835009 0.73207211 -0.062543802
3 0.82045138 0.28013599 -0.49838066 3 -0.3387922 -0.46395248 -0.81851554 3 -0.46052065 0.84039974 -0.28574258
3 0.75749385 0.60290861 0.25040811 3 0.36765659 -0.077005804 -0.92676771 3 -0.53947341 0.79408509 -0.27999479
3 -0.69313025 -0.72059083 -0.017869905 3 -0.1141413 0.13420263 -0.98435849 3 0.7117179 -0.68024892 -0.17526907
3 0.18612731 0.077618271 0.97945499 3 0.76291186 0.61675495 -0.19385289 3 -0.61913019 0.78331912 0.055579066
3 -0.71800816 -0.19180624 0.66908526 3 -0.44481984 -0.61291432 -0.6530484 3 0.53535044 -0.76651615 0.35475808
3 0.36030638 0.26631942 -0.89400959 3 0.60395366 0.66379833 0.44114822 3 0.71092856 -0.6988889 0.078326039
3 0.14968811 -0.16531387 -0.97481537 3 0.69533139 0.71853131 -0.015080139 3 0.70292819 -0.67556226 0.22250348
3 -0.50639296 -0.038788348 0.86142999 3 -0.081210896 0.99669272 -0.0028610155 3 -0.85847002 -0.071406305 -0.50786817
3 -0.46506131 0.063399628 0.88300538 3 0.10176407 0.99464905 -0.017818525 3 -0.87941015 0.081571512 -0.46902457
3 -0.16220355 -0.93464553 -0.31642938 3 -0.62524754 -0.15073368 0.76573145 3 -0.76338422 0.32205108 -0.55993539
3 -0.19712052 -0.90818453 -0.36924851 3 -0.76319402 -0.0942581 0.63925767 3 -0.61536855 0.407819 -0.67454076
3 -0.64692539 -0.61709023 0.44798163 3 -0.32533824 -0.30796915 -0.89404184 3 0.68966877 -0.72412366 -0.001529978
3 -0.53516924 -0.77594066 -0.33393061 3 0.62018514 -0.092504621 -0.77898186 3 0.57355374 -0.62398618 0.53073263
3 -0.80546242 -0.58573151 -0.090272367 3 -0.0049100369 0.15891075 -0.98728096 3 0.59262669 -0.79477429 -0.13087258
3 -0.044332158 0.21096127 -0.97648859 3 0.82232195 0.56275195 0.084244266 3 0.56729317 -0.79925328 -0.1984261
3 nan nan nan 3 nan nan nan 3 nan nan nan
3 -0.54788446 0.2016236 0.81189322 3 -0.082635768 0.9527303 -0.29236329 3 -0.83246255 -0.2272727 -0.50532478
3 0.16231266 -0.90082604 -0.40269992 3 -0.68770099 -0.39594114 0.60852134 3 -0.70761722 0.17816636 -0.68376505
3 -0.67530441 -0.091381058 0.73185617 3 0.17010157 0.94624585 0.27510774 3 -0.71765548 0.31027135 -0.62345999
3 -0.46493721 -0.88086462 -0.088944539 3 -0.57830226 0.22608851 0.78386915 3 -0.67037314 0.41588664 -0.61452287
3 -0.57738811 -0.81484443 0.051492721 3 -0.44141895 0.36459526 0.81989014 3 -0.68685693 0.45066494 -0.57020074
3 -0.24065456 -0.87928647 -0.41102415 3 -0.7728132 -0.082622483 0.62923276 3 -0.58723557 0.46907252 -0.65964061
3 -0.68808895 -0.54554784 0.47844654 3 -0.32877707 -0.35339433 -0.8757956 3 0.64686877 -0.75992757 0.063803129
3 -0.77762437 -0.62784559 0.033325553 3 -0.01548056 -0.033868816 -0.99930668 3 0.62853879 -0.77760082 0.016617808
3 0.85376042 0.51410466 -0.082397729 3 0.18960454 -0.15959731 0.96880257 3 0.48491552 -0.8427484 -0.23373447
3 nan nan nan 3 nan nan nan 3 nan nan nan
3 0.40436959 -0.83236527 -0.37901652 3 -0.5248757 -0.55057174 0.64913541 3 -0.7489934 -0.063554019 -0.65952259
3 -0.68574941 -0.33989602 0.64359826 3 -0.12801275 0.92680055 0.35306364 3 -0.716492 0.15972435 -0.67906374
3 -0.054535117 -0.96488279 -0.25695747 3 -0.76536453 -0.12488021 0.63136518 3 -0.64128232 0.23109773 -0.7316767
3 -0.71002108 -0.59813797 0.37161931 3 -0.24411669 0.70408249 0.6668396 3 -0.66051286 0.3827517 -0.64592892
3 -0.17693108 -0.86997259 -0.46026415 3 -0.79342282 -0.15064028 0.58973545 3 -0.58238798 0.46952668 -0.66360313
3 -0.67190117 -0.73314822 0.10508397 3 -0.39025506 0.47104192 0.79108828 3 -0.62948382 0.49052355 -0.60260832
3 -0.59323603 -0.80248672 -0.063924097 3 -0.51239181 0.31515113 0.79883337 3 -0.62090731 0.50665087 -0.5981465
3 0.59349787 0.80452722 0.022282159 3 0.50024843 -0.34706134 -0.79328465 3 -0.63048565 0.48195928 -0.6084435
3 0.76602674 0.39518896 -0.50698 3 0.00069859624 -0.78920633 -0.61412776 3 -0.64280832 0.4700841 -0.60482925
3 -0.74049431 -0.61601508 -0.2686888 3 0.14180009 0.24758798 -0.95843256 3 0.65693295 -0.74781388 -0.095986478
3 -0.68697089 -0.59073263 0.42320955 3 -0.29665461 -0.30367082 -0.9054175 3 0.66337585 -0.7475422 0.033369411
3 -0.23383972 -0.35080078 0.90678436 3 -0.72520089 -0.55828393 -0.4029924 3 0.64761311 -0.75183642 -0.12385207
3 nan nan nan 3 nan nan nan 3 nan nan nan
3 0.53184539 -0.84569091 -0.044127461 3 -0.47728616 -0.34238848 0.80930102 3 -0.69952732 -0.40936166 -0.58573437
3 -0.07966055 -0.99462295 0.066176862 3 -0.79096502 0.10347295 0.60304868 3 -0.60665357 -0.0043044002 -0.79495466
3 -0.097799152 -0.99036694 -0.09802556 3 -0.77249753 0.01344505 0.63487589 3 -0.62744194 0.1378148 -0.76637065
3 -0.44456321 -0.89090407 0.09302488 3 -0.6347338 0.38659561 0.66907179 3 -0.63204169 0.2383986 -0.73735297
3 -0.41928607 -0.89654529 -0.14284942 3 -0.6808219 0.2064262 0.70275903 3 -0.60056728 0.39191201 -0.69693917
3 0.62026584 -0.23962501 -0.7468937 3 -0.49378443 -0.85912997 -0.13443492 3 -0.6094647 0.45218983 -0.6512121
3 -0.80429232 -0.43995988 0.39943609 3 -0.088313043 0.75322074 0.65181243 3 -0.58763486 0.48897231 -0.64466387
3 0.79260159 0.49135682 -0.36104178 3 0.12067115 -0.70681822 -0.69702679 3 -0.59767973 0.50889724 -0.61951786
3 0.14337222 0.83843511 0.52580518 3 0.78245485 0.22928172 -0.57895994 3 -0.60597783 0.49442548 -0.62316501
3 -0.62816876 0.19357903 0.75361222 3 0.50051004 0.8421011 0.20088804 3 -0.59572983 0.50338197 -0.62586969
3 -0.12006722 -0.033339139 -0.99220586 3 0.75250494 0.64884365 -0.11286274 3 0.64754915 -0.7601909 -0.052816972
3 0.5221709 0.42412347 -0.73990321 3 0.48074007 0.57022434 0.66613305 3 0.70443356 -0.70353645 0.093861379
3 0.61884177 0.7787326 -0.10300732 3 0.2515614 -0.072245717 0.9651413 3 0.7441451 -0.6231823 -0.24060772
3 nan nan nan 3 nan nan nan 3 nan nan nan
3 -0.33763391 -0.57435143 0.74573708 3 -0.77850634 0.61571658 0.12174204 3 -0.5290854 -0.53945684 -0.65502298
3 0.32822406 -0.94308972 0.053393353 3 -0.72831392 -0.21667063 0.65008676 3 -0.60152131 -0.25226122 -0.75798178
3 0.42941222 -0.85321879 -0.29601157 3 -0.75877142 -0.51860523 0.39409956 3 -0.48976633 0.055373941 -0.87009346
3 -0.25999007 -0.96352202 0.063486814 3 -0.76988751 0.24652684 0.58864075 3 -0.58281887 0.10416548 -0.80589819
3 0.20170689 -0.87686884 -0.43636596 3 -0.7983495 -0.40529174 0.44539475 3 -0.56740838 0.25853342 -0.78179801
3 0.15987667 -0.82923323 -0.53554797 3 -0.80038637 -0.42643619 0.42134774 3 -0.57777262 0.36128163 -0.73188424
3 -0.26963055 -0.9015922 -0.33827659 3 -0.73405731 -0.034928352 0.67818886 3 -0.62326509 0.43117478 -0.65240246
3 0.56699401 -0.28814912 -0.77167869 3 -0.56106275 -0.8210001 -0.10567713 3 -0.60309744 0.49287841 -0.62717175
3 0.10475556 -0.74551505 -0.65820479 3 -0.80512464 -0.45208642 0.38391691 3 -0.5837813 0.48971945 -0.64759111
3 0.73043531 0.67542112 -0.10134376 3 0.34798974 -0.495727 -0.79571235 3 -0.58767974 0.54594982 -0.59713614
3 0.24717662 0.81751055 0.52017343 3 0.81126833 0.11895214 -0.57244599 3 -0.52985626 0.5634954 -0.63381809
3 0.13501635 0.7557255 0.64081955 3 0.83069217 0.2662077 -0.48896289 3 -0.54011273 0.5983417 -0.59183276
3 0.42539427 0.78275639 0.454238 3 0.75769162 -0.033558682 -0.65174949 3 -0.49491745 0.62142283 -0.60736358
3 0.71317565 0.69700503 -0.074595869 3 -0.019089732 0.12568769 0.99188626 3 0.70072544 -0.7059651 0.10294303
3 0.41307479 0.68839478 -0.59622288 3 0.5670864 0.31783858 0.75986272 3 0.71258789 -0.65199071 -0.25908771
3 0.62010717 0.28861529 0.72949862 3 -0.5549013 -0.49596223 0.66791159 3 0.5545733 -0.81897658 -0.14739676
3 nan nan nan 3 nan nan nan 3 nan nan nan
3 0.064135373 -0.61903721 0.78273851 3 -0.89409876 0.31274062 0.32059425 3 -0.4432539 -0.72040701 -0.53342271
3 -0.91724837 0.10834113 0.38329846 3 -0.10848881 0.85796309 -0.50212532 3 -0.38325676 -0.50215721 -0.77521139
3 0.74377811 -0.63955861 -0.19431689 3 -0.47751385 -0.71181977 0.5150665 3 -0.46773377 -0.29030615 -0.83483392
3 0.54010397 -0.78469187 -0.3042143 3 -0.71319866 -0.61865979 0.32955679 3 -0.44680572 0.038970269 -0.89378184
3 -0.34569433 -0.93791145 0.028595388 3 -0.81097114 0.31395942 0.49371615 3 -0.47203973 0.14748485 -0.86915296
3 0.84634423 0.1681554 -0.50539619 3 0.024578981 -0.96017706 -0.27830973 3 -0.53206903 0.22312368 -0.8167733
3 0.80441797 0.43906748 -0.40016425 3 0.23054937 -0.85154283 -0.47087348 3 -0.54750228 0.28652146 -0.78622311
3 -0.27560675 0.81288987 0.51308 3 0.72545445 0.52607888 -0.44379836 3 -0.63067967 0.2499024 -0.73470539
3 -0.6534695 0.082114279 0.75248581 3 0.36047536 0.9078958 0.21396874 3 -0.66560882 0.41107461 -0.62288237
3 0.21978652 -0.63107598 -0.74393344 3 -0.72970533 -0.61247641 0.3039785 3 -0.64747524 0.47604188 -0.59511352
3 0.749834 0.63779771 -0.17596258 3 0.29398382 -0.55943704 -0.77498615 3 -0.59272271 0.52938241 -0.60698766
3 0.29146999 -0.53454596 -0.79328805 3 -0.77464992 -0.61843848 0.13210408 3 -0.56121552 0.57601607 -0.59434223
3 0.71275795 0.69341725 0.10558653 3 0.49004453 -0.38459709 -0.78226697 3 -0.50182921 0.6093092 -0.61393005
3 0.82333958 0.33645481 -0.45706689 3 -0.086094379 -0.72197354 -0.68654364 3 -0.56098109 0.60460943 -0.56546247
3 0.68831778 0.68449664 0.24017239 3 -0.22287294 -0.11552173 0.96797824 3 0.69032311 -0.71980476 0.073040128
3 0.7397725 0.66431153 -0.10689756 3 0.054209173 0.099511407 0.993559 3 0.67067003 -0.74080229 0.037604015
3 0.06690637 -0.21590342 -0.97411972 3 0.82137752 0.56618708 -0.06907399 3 0.56644732 -0.79549861 0.21521975
3 -0.87231648 -0.099225596 0.47876787 3 -0.47597179 0.39637393 -0.78507274 3 -0.1118717 -0.9127115 -0.39299193
3 -0.37630588 -0.53499365 0.756423 3 -0.91690528 0.33221069 -0.22118081 3 -0.13296147 -0.77679986 -0.61555129
3 -0.69813764 -0.53664023 0.47394204 3 -0.69224453 0.67491961 -0.25550157 3 -0.18276037 -0.50645906 -0.84267306
3 0.64982986 -0.75817013 0.053844541 3 -0.70963186 -0.57979703 0.40032262 3 -0.27229375 -0.29835141 -0.91479111
3 0.43903938 -0.88709474 -0.14250375 3 -0.82981646 -0.4611668 0.31421304 3 -0.34445688 -0.019695614 -0.93859553
3 -0.90715116 0.12413847 0.40207779 3 0.13748671 0.99049401 0.0043842457 3 -0.39771137 0.059257522 -0.91559505
3 -0.77399033 -0.47507879 0.41861618 3 -0.37090647 0.87598264 0.30835587 3 -0.51319361 0.083397001 -0.85421157
3 -0.51534545 0.6667847 0.53834671 3 0.62149149 0.72331327 -0.30094254 3 -0.59005719 0.17948849 -0.78715724
3 -0.17997292 0.92939889 0.32222259 3 0.74427861 0.34283942 -0.57315826 3 -0.64316332 0.1366704 -0.75343359
3 0.19293065 -0.7704826 -0.60756415 3 -0.70944047 -0.53729093 0.4560844 3 -0.67784339 0.34303603 -0.65027303
3 -0.069466591 -0.82888317 -0.55509192 3 -0.71509916 -0.34659863 0.6070441 3 -0.69556278 0.43911511 -0.56865662
3 0.36304125 -0.41743436 -0.83303648 3 -0.66053784 -0.74586421 0.085886851 3 -0.65718412 0.51907158 -0.54651058
3 -0.69309604 -0.71056193 0.12132394 3 -0.32737976 0.46023557 0.82523078 3 -0.64221519 0.53224528 -0.55161113
3 0.52585602 0.84141332 0.12449613 3 0.55113411 -0.22557712 -0.80334711 3 -0.64786333 0.49105892 -0.58235252
3 -0.68189603 -0.072096974 0.72788727 3 0.3142004 0.86976969 0.38049817 3 -0.66052699 0.48816264 -0.57043958
3 0.72274673 0.66076541 -0.20254944 3 0.28990448 -0.55590707 -0.7790525 3 -0.62736899 0.50433815 -0.59333903
3 -0.29518527 -0.27073437 -0.91627973 3 -0.77337897 -0.49541935 0.39553109 3 -0.56102657 0.8253864 -0.063139781
3 -0.74109399 -0.60536003 -0.29037648 3 -0.36106515 -0.0052864403 0.93252528 3 -0.56604874 0.79593408 -0.21465671
3 -0.59895396 -0.75660348 0.26230824 3 0.49670196 -0.094078451 0.86280757 3 -0.62812549 0.64707083 0.43215498
3 -0.99084502 -0.10665296 0.082775459 3 -0.12701619 0.52863491 -0.83929306 3 0.045755118 -0.84212279 -0.53734165
3 0.30254582 -0.57981676 0.75649095 3 -0.95198977 -0.22271974 0.21002747 3 0.046708032 -0.78371459 -0.61936253
3 -0.64304066 0.59740329 -0.47917423 3 0.75975621 0.57629651 -0.30108613 3 0.096276581 -0.55766624 -0.82446301
3 0.65887541 -0.71665347 0.22867291 3 -0.74620157 -0.5841682 0.31926674 3 -0.095220134 -0.38099298 -0.91966176
3 -0.8536551 -0.49676496 0.15651734 3 -0.51885021 0.83732522 -0.17228308 3 -0.045471709 -0.22827935 -0.9725334
3 0.89763057 0.31169114 -0.3116217 3 0.3338455 -0.94243646 0.019000068 3 -0.28776145 -0.12108852 -0.95001638
3 0.82196158 -0.37086761 -0.43224567 3 -0.30931187 -0.92793816 0.20798294 3 -0.47822982 -0.037255988 -0.87744415
3 0.416448 -0.84050077 -0.34659711 3 -0.7067157 -0.53909874 0.45817626 3 -0.57194752 0.054139018 -0.81850165
3 0.00015702099 0.99534136 0.096413523 3 0.82212788 0.054760028 -0.56666338 3 -0.5693031 0.079353176 -0.81828928
3 0.78026825 0.26842892 -0.56491387 3 0.037093267 -0.9214896 -0.38662845 3 -0.62434441 0.28071928 -0.7289657
3 0.2414698 0.91344875 0.32757217 3 0.72776079 0.052831978 -0.68379295 3 -0.64191628 0.40350959 -0.65201497
3 0.10342281 -0.669752 -0.73534763 3 -0.72933507 -0.55375397 0.40177998 3 -0.67629451 0.4947615 -0.54574436
3 -0.5851323 0.08152397 0.80682963 3 0.43418247 0.87180966 0.22678989 3 -0.68491304 0.48301336 -0.54552025
3 -0.13844103 -0.8649348 -0.48241293 3 -0.69044685 -0.26492086 0.67312753 3 -0.71001244 0.42626882 -0.5605154
3 0.66854781 0.29487035 -0.6827119 3 -0.11053008 -0.86843646 -0.48332366 3 -0.73540962 0.39858508 -0.54799914
3 -0.54716372 0.062439203 0.83469349 3 0.45021215 0.86263192 0.23059687 3 -0.70563495 0.50196338 -0.50011182
3 0.56855667 0.81267619 0.12767422 3 0.41111881 -0.14626586 -0.89977086 3 -0.71254802 0.56406003 -0.41726691
3 -0.67351776 -0.70449835 -0.22373283 3 -0.45584899 0.15760738 0.8759923 3 -0.58187294 0.69198442 -0.42729604
3 -0.7858839 -0.60852647 0.10991919 3 -0.063458301 0.2561807 0.96454394 3 -0.61510956 0.75104403 -0.23994429
3 -0.95191944 -0.28820658 0.10385872 3 -0.19789693 0.31971776 -0.92661631 3 0.23385137 -0.90261716 -0.36138064
3 0.63336462 -0.26182362 0.72821528 3 -0.6978752 -0.59988278 0.39129359 3 0.33439392 -0.75603497 -0.56266487
3 0.78594708 -0.31772661 0.5304122 3 -0.56127691 -0.72645736 0.39652014 3 0.25933677 -0.60935187 -0.74928951
3 -0.94377375 0.14763473 -0.29579565 3 0.27877572 0.83633554 -0.47204563 3 0.17769837 -0.52796561 -0.83046716
3 -0.39014608 0.86513042 -0.31517518 3 0.91997576 0.38033035 -0.094834708 3 0.037824735 -0.32694942 -0.94428468
3 0.59600866 0.75310934 -0.27856758 3 0.79871082 -0.59174055 0.1091053 3 -0.082671538 -0.28752267 -0.95419914
3 0.31952667 -0.93789887 0.13508797 3 -0.89614874 -0.25277069 0.36472604 3 -0.30792975 -0.23759854 -0.92126358
3 -0.64078456 0.73965657 0.20567779 3 0.65436023 0.66631359 -0.357546 3 -0.40150717 -0.094522573 -0.91096526
3 0.81625867 -0.35590801 -0.45502913 3 -0.38586545 -0.92209798 0.029044352 3 -0.42991847 0.15187229 -0.89000285
3 0.81376737 0.46460909 -0.349172 3 0.28668469 -0.8434993 -0.45422545 3 -0.50556356 0.26953161 -0.81960851
3 0.26253015 -0.76479149 -0.58836377 3 -0.78299701 -0.5251919 0.33330059 3 -0.56390935 0.37318566 -0.73670816
3 0.36154184 -0.58943945 -0.72239077 3 -0.69669282 -0.68569344 0.2108155 3 -0.61960173 0.42706594 -0.65856522
3 0.037134066 -0.8095606 -0.58586073 3 -0.77380049 -0.39426908 0.49576694 3 -0.63233995 0.43492693 -0.64108098
3 0.36678624 -0.46013039 -0.80854672 3 -0.60149109 -0.78031826 0.17120776 3 -0.70970166 0.42353705 -0.56297439
3 0.51126331 0.85808754 0.04791078 3 0.50900513 -0.25741321 -0.82137203 3 -0.69247633 0.44432425 -0.56837696
3 0.72748023 0.60086614 -0.33125871 3 0.15667085 -0.61551005 -0.7723999 3 -0.66800201 0.51000708 -0.54190964
3 0.29344985 -0.37517309 -0.87927943 3 -0.69961572 -0.71109009 0.069920599 3 -0.65147924 0.59463954 -0.47114623
3 -0.75496703 -0.57951725 0.30689514 3 0.0028543323 0.46508873 0.88525957 3 -0.65575665 0.66921771 -0.34947249
3 -0.65468633 -0.72326404 -0.21971563 3 -0.47241819 0.1645878 0.86587059 3 -0.59009057 0.67067122 -0.44943646
3 -0.75673449 -0.60071844 0.25785673 3 -0.16691984 0.55892515 0.81224418 3 -0.63205278 0.57161182 -0.52322984
3 -0.74968958 -0.63722372 0.17863773 3 -0.22393277 0.49826777 0.83760577 3 -0.62275255 0.58794075 -0.51624125
3 -0.83033705 -0.21305469 -0.51492542 3 0.33655941 0.54474014 -0.76810575 3 0.44414908 -0.81108958 -0.38061231
3 -0.81744373 -0.56215924 0.12555036 3 -0.32090604 0.26345858 -0.9097302 3 0.47833583 -0.78394306 -0.3957628
3 0.31738326 -0.48208007 0.81661904 3 -0.84673166 -0.5318048 0.015142858 3 0.42698184 -0.69626325 -0.57697845
3 0.26058793 -0.64785451 0.71580607 3 -0.88074625 -0.46320987 -0.098603204 3 0.39544904 -0.60474885 -0.69130236
3 0.44630969 -0.7050873 0.55105317 3 -0.87173784 -0.48169172 0.089701533 3 0.20219031 -0.52040851 -0.8296349
3 -0.97038966 0.16555083 -0.17588885 3 0.23378292 0.82683253 -0.51156008 3 0.060741447 -0.53753239 -0.84105265
3 -0.98802519 0.14074984 0.063210793 3 0.11043921 0.93122691 -0.3473033 3 -0.10774648 -0.33616349 -0.93562007
3 0.29380947 -0.9462958 0.13490734 3 -0.91889518 -0.24074732 0.31252533 3 -0.2632629 -0.21578865 -0.9402808
3 0.78433311 -0.55693382 -0.27321517 3 -0.55049014 -0.82791334 0.10733405 3 -0.28597638 0.066216595 -0.95594621
3 0.48736036 -0.76653647 -0.41821235 3 -0.76926172 -0.60352635 0.20974351 3 -0.41317827 0.21949407 -0.88380212
3 -0.88166183 -0.26033223 0.39357311 3 -0.082593158 0.90630966 0.41446525 3 -0.4645977 0.33291167 -0.8205601
3 -0.86605185 -0.24665749 0.43487248 3 -0.030353889 0.89416164 0.44671395 3 -0.49903172 0.37367746 -0.78187752
3 -0.1207324 0.8470751 0.51757854 3 0.80166787 0.39069778 -0.45242038 3 -0.58545077 0.3603043 -0.72624266
3 -0.29060259 0.6133973 0.73436618 3 0.69900942 0.66019231 -0.27483052 3 -0.65340334 0.43346247 -0.62062418
3 -0.41389009 0.48258376 0.77188587 3 0.63581383 0.76007354 -0.13427131 3 -0.65148729 0.43520218 -0.62142038
3 -0.43026695 0.33342242 0.83886826 3 0.6157397 0.78794539 0.0026390105 3 -0.66010237 0.5176599 -0.54432827
3 0.46603125 -0.23068383 -0.85416609 3 -0.6211822 -0.77277231 -0.13021384 3 -0.63003778 0.59127659 -0.50343275
3 0.74380714 0.31533593 -0.58933359 3 -0.27281275 -0.66169703 -0.69837677 3 -0.61018288 0.6802358 -0.40614802
3 -0.12535827 -0.56650615 -0.81446671 3 -0.80582303 -0.42074597 0.41667971 3 -0.57873529 0.70855004 -0.40376011
3 0.63589227 0.77138942 0.024481624 3 0.46410435 -0.35685304 -0.81071758 3 -0.61664265 0.52689111 -0.58492529
3 0.36491603 0.76417869 0.53185272 3 0.63362199 0.21471521 -0.74325019 3 -0.68217278 0.60821736 -0.4058474
3 0.71876597 0.68879128 0.094562612 3 0.39698353 -0.29493612 -0.869147 3 -0.57077086 0.66225314 -0.48542881
3 nan nan nan 3 nan nan nan 3 nan nan nan
3 0.16438381 -0.40712738 0.89845705 3 -0.8326453 -0.54561538 -0.094897747 3 0.52884758 -0.73249656 -0.42868307
3 -0.84019393 -0.27026552 -0.47013921 3 0.19185261 0.66274613 -0.7238512 3 0.50721484 -0.69837272 -0.50498408
3 -0.80201817 -0.57679135 0.15517353 3 -0.4904902 0.4877319 -0.72217548 3 0.34086138 -0.65530884 -0.67408019
3 -0.94404161 0.075603209 -0.3210445 3 0.25827447 0.77483428 -0.57699758 3 0.2051371 -0.62762761 -0.75100094
3 -0.36692578 0.7882452 -0.49399891 3 0.92108274 0.38221917 -0.074264504 3 0.13027722 -0.48226348 -0.86628515
3 -0.93292534 0.35451049 -0.063028768 3 0.35630813 0.88368857 -0.3035441 3 -0.051911771 -0.30564165 -0.95073044
3 0.45036811 -0.89084101 -0.059756488 3 -0.87586713 -0.45380363 0.1640702 3 -0.17327818 -0.021553248 -0.98463708
3 -0.84649968 0.4446876 0.2927306 3 0.45741078 0.88882983 -0.027511738 3 -0.27242181 0.11060945 -0.9557991
3 -0.91716611 -0.24510804 0.31421041 3 -0.14597467 0.94031048 0.30742022 3 -0.37080655 0.23608871 -0.89820063
3 -0.70129204 -0.68896842 0.18306318 3 -0.49135983 0.65321785 0.57608378 3 -0.5164836 0.31405303 -0.79662776
3 0.78261787 -0.12490703 -0.60984218 3 -0.27954134 -0.94584769 -0.16501155 3 -0.55620676 0.29961711 -0.77515399
3 -0.38605478 0.6435374 0.66092473 3 0.70611364 0.66719186 -0.23718944 3 -0.59360379 0.37511978 -0.71198303
3 -0.012220363 0.83032984 0.55713809 3 0.77748084 0.3582643 -0.51688516 3 -0.62878799 0.4268477 -0.64994383
3 0.3587583 -0.42719981 -0.82993549 3 -0.67318976 -0.73433542 0.086989313 3 -0.64661276 0.52749586 -0.5510354
3 0.75595134 0.60072315 -0.26013339 3 0.16794044 -0.56204188 -0.80987978 3 -0.63271928 0.56854272 -0.52576196
3 0.098636985 -0.50639087 -0.85664403 3 -0.79226249 -0.560862 0.24032035 3 -0.60215515 0.65498251 -0.45651627
3 0.32252139 -0.2435136 -0.91470289 3 -0.73178405 -0.67708528 -0.077770084 3 -0.60039359 0.69444728 -0.39657372
3 0.57907659 0.76056439 0.2936188 3 0.53476137 -0.082496941 -0.84096634 3 -0.61538649 0.64399999 -0.45449254
3 0.73920846 0.67344224 0.0067977905 3 0.27421665 -0.29174608 -0.9163456 3 -0.61512274 0.67923456 -0.40033031
3 0.6518259 0.56571984 -0.50505853 3 -0.23914 -0.47867319 -0.84479827 3 -0.71967703 0.67144108 -0.17672537
3 0.78342515 0.48361307 0.39033771 3 -0.12859687 -0.488336 0.86312878 3 0.60803622 -0.72639292 -0.32038355
3 0.35257629 -0.26171124 0.89844155 3 -0.79300302 -0.59329474 0.13837533 3 0.49682626 -0.76125467 -0.41671947
3 -0.75350487 0.13140292 -0.6441766 3 0.5370658 0.6881665 -0.48783922 3 0.37919673 -0.7135545 -0.58910948
3 0.217417 0.74287122 -0.63314486 3 0.92739785 0.045077726 0.37135106 3 0.30440667 -0.66791505 -0.6791364
3 -0.24982557 0.77629882 -0.57874638 3 0.94858128 0.31619424 0.014654681 3 0.19437332 -0.54532892 -0.81537437
3 -0.30350488 0.84395707 -0.44229069 3 0.94761097 0.31586981 -0.047534399 3 0.099587731 -0.43354216 -0.89561349
3 0.40660667 -0.89176059 0.19858035 3 -0.9134798 -0.39325598 0.10442531 3 -0.015029461 -0.22385918 -0.97450572
3 0.4982262 -0.86642724 -0.032778852 3 -0.84646624 -0.49424034 0.19804358 3 -0.18779166 -0.070923157 -0.97964489
3 -0.74572307 -0.64221203 0.17737195 3 -0.57773387 0.75590438 0.30794847 3 -0.33184442 0.12717053 -0.93472296
3 -0.89263821 -0.19094637 0.40833378 3 -0.08546561 0.96111071 0.26260561 3 -0.44259763 0.19951329 -0.8742435
3 0.13985835 -0.93141168 -0.33602384 3 -0.85469717 -0.28489974 0.43396449 3 -0.49993238 0.22650333 -0.83592105
3 0.59169 -0.48777378 -0.64185637 3 -0.58045506 -0.81028533 0.080682382 3 -0.55944228 0.32483038 -0.76256782
3 -0.15543604 0.83260834 0.53160405 3 0.78497499 0.43080696 -0.44521871 3 -0.5997116 0.34809288 -0.72053975
3 0.035299689 0.80259985 0.59547263 3 0.78233081 0.34857178 -0.51619446 3 -0.62186241 0.48407799 -0.61559397
3 0.49602357 -0.32843262 -0.80379879 3 -0.60999811 -0.79060227 -0.053388789 3 -0.61795062 0.5167979 -0.59250069
3 0.024111152 -0.5801729 -0.81413627 3 -0.79070246 -0.50938499 0.33958274 3 -0.61172563 0.63555199 -0.47102612
3 0.59982383 0.012912467 -0.80002791 3 -0.52854615 -0.74426925 -0.40829191 3 -0.60070825 0.66775489 -0.43960556
3 0.75015998 0.6553188 -0.088414632 3 0.22777896 -0.381607 -0.89581966 3 -0.62078774 0.65186864 -0.43553412
3 0.31705832 0.77629548 0.54482943 3 0.71198368 0.18468182 -0.67747444 3 -0.6265406 0.6027087 -0.49415496
3 0.6139307 0.7174893 0.32908708 3 0.27053654 0.2003997 -0.94162107 3 -0.74155194 0.6671201 -0.071075544
3 0.71528149 0.67818975 0.16861489 3 0.28874186 -0.06708359 -0.95505381 3 -0.63639647 0.73181856 -0.24380544
3 0.16345726 0.40821201 -0.89813399 3 0.85810387 0.39035201 0.33359128 3 0.48676437 -0.82522017 -0.28648236
3 0.86404312 0.12271277 0.48823252 3 -0.31324676 -0.62815768 0.71224606 3 0.39408875 -0.76834857 -0.50431597
3 0.39195237 -0.47331652 0.78888834 3 -0.84019661 -0.53346753 0.097375035 3 0.37475708 -0.70098764 -0.60677284
3 -0.4672291 0.56850177 -0.6771282 3 0.83184838 0.54213345 -0.11882529 3 0.29954156 -0.61878681 -0.72620779
3 -0.79111451 0.36292502 -0.49236512 3 0.56001484 0.75350821 -0.34439665 3 0.24601094 -0.54818887 -0.79935461
3 -0.37425402 0.8584199 -0.35078359 3 0.92040539 0.38998801 -0.027629472 3 0.11308251 -0.33320084 -0.93605012
3 -0.81400996 0.56814194 -0.12084052 3 0.58034992 0.78687501 -0.2098131 3 -0.024116745 -0.24092011 -0.97024524
3 -0.022004277 -0.99937445 0.02768293 3 -0.97560519 0.027514068 0.21780103 3 -0.21842651 -0.022215053 -0.97560048
3 -0.83690786 0.42001709 0.35095707 3 0.41446811 0.90510738 -0.094851948 3 -0.35749328 0.066078179 -0.93157518
3 -0.5280661 0.78044629 0.33473834 3 0.72998655 0.61858338 -0.29064476 3 -0.43389621 0.090874881 -0.89636821
3 0.57657915 -0.56605542 -0.58918393 3 -0.60173923 -0.78200006 0.16243671 3 -0.55269074 0.26087815 -0.79150206
3 0.22329406 -0.82523978 -0.51876688 3 -0.78521502 -0.46762812 0.40590769 3 -0.57756144 0.31670785 -0.75240856
3 -0.26395956 0.67349017 0.6904611 3 0.75749618 0.58789712 -0.28386039 3 -0.59709716 0.44809392 -0.66534716
3 0.39732704 0.86531317 0.30555606 3 0.68351197 -0.056879461 -0.72771996 3 -0.61232567 0.49799401 -0.61405152
3 0.052075982 0.67874873 0.73252189 3 0.81190044 0.39832106 -0.4268001 3 -0.58146888 0.61696082 -0.5303334
3 0.72925186 0.68423849 -0.0030566454 3 0.31590104 -0.34063882 -0.88553464 3 -0.60695815 0.64481223 -0.46456319
3 0.75479156 0.62779337 -0.19017135 3 0.15152271 -0.44893372 -0.88062447 3 -0.63822269 0.63587421 -0.43397683
3 -0.66177684 -0.14117028 0.73628956 3 0.37865773 0.78469419 0.49078843 3 -0.64704692 0.60359418 -0.46583718
3 0.61871493 0.75984186 0.19958022 3 0.48086971 -0.16539288 -0.86105144 3 -0.62125498 0.62871587 -0.46771634
3 -0.55702734 -0.75210923 -0.35221043 3 -0.57401431 0.042172864 0.81775856 3 -0.60019004 0.65768778 -0.45521292
3 -0.75610501 -0.65239453 -0.051833756 3 -0.066988036 0.155936 -0.98549312 3 0.65101296 -0.74166393 -0.16160661
3 -0.77467865 -0.63199604 0.021306798 3 -0.14612855 0.14613354 -0.97841275 3 0.61523885 -0.76106942 -0.20555919
3 -0.89092201 -0.2174315 -0.39872497 3 0.031417713 0.84633613 -0.53172207 3 0.45306841 -0.48624986 -0.74718821
3 nan nan nan 3 nan nan nan 3 nan nan nan
3 0.081219807 -0.41881311 0.90443283 3 -0.88519305 -0.44736356 -0.12766731 3 0.4580791 -0.79022866 -0.4070653
3 -0.74193329 -0.0075996113 -0.67043066 3 0.50417346 0.65283573 -0.56534463 3 0.44197816 -0.75746137 -0.48052844
3 0.67629784 -0.28993624 0.6771692 3 -0.64393848 -0.67911702 0.35233968 3 0.35772112 -0.67434192 -0.64598656
3 -0.72545236 -0.64825875 0.23125651 3 -0.60448432 0.4394314 -0.6644541 3 0.32911679 -0.62182069 -0.71064872
3 0.14480516 -0.86466777 0.48102102 3 -0.97661138 -0.20298976 -0.070891559 3 0.15893997 -0.45950508 -0.87383825
3 -0.52404982 -0.78873867 0.32134628 3 -0.85168785 0.48513603 -0.19817041 3 0.00040800209 -0.37753779 -0.92599428
3 0.38241518 -0.90822184 0.1699751 3 -0.91394085 -0.34474307 0.21415882 3 -0.13590601 -0.2372448 -0.96189624
3 -0.9262867 0.21928814 0.30644059 3 0.17819759 0.97146428 -0.15653458 3 -0.33202225 -0.090388916 -0.93893093
3 0.082020812 -0.99608058 -0.033106346 3 -0.89594513 -0.088243566 0.43531099 3 -0.43652645 -0.0060408828 -0.89967132
3 -0.65801823 0.54935676 0.51499438 3 0.5375216 0.82164335 -0.18966489 3 -0.52733541 0.15201764 -0.83594739
3 -0.17971885 0.91553473 0.35985732 3 0.79867578 0.34936249 -0.48996198 3 -0.57429785 0.19935386 -0.79400247
3 -0.56874526 0.38331363 0.727736 3 0.559829 0.82860756 0.0010766238 3 -0.60259479 0.40801996 -0.68585658
3 0.78666174 0.23904517 -0.56922823 3 -0.10210718 -0.8589282 -0.50181353 3 -0.60888225 0.45287979 -0.65127766
3 -0.3339051 -0.80283803 -0.49392137 3 -0.73368156 -0.10761853 0.67091703 3 -0.59179288 0.58640373 -0.55309314
3 0.59626645 0.77426046 0.21210155 3 0.52364248 -0.17485031 -0.83380222 3 -0.60849404 0.60823363 -0.50969303
3 0.7193892 0.23566428 -0.65340781 3 -0.29654846 -0.74644721 -0.59571475 3 -0.62812299 0.62231767 -0.46710002
3 0.43843889 0.7934072 0.42222777 3 0.63379836 0.060147792 -0.77115619 3 -0.63723695 0.60571212 -0.4764891
3 0.15928312 0.66480917 0.72983408 3 0.75886011 0.39041921 -0.52125257 3 -0.63147467 0.6368686 -0.44230992
3 0.56489885 0.7281943 0.38810077 3 0.56804466 -0.0020362139 -0.82299507 3 -0.59851009 0.68536764 -0.41479716
3 -0.59381461 -0.62706351 0.5041579 3 -0.51469702 -0.18557787 -0.83704674 3 0.61844218 -0.75653946 -0.21254891
3 -0.71524513 -0.5724839 0.40085724 3 -0.68752146 0.47341621 -0.55062801 3 0.12545121 -0.66943371 -0.73220247
3 0.35822514 0.49748904 -0.79005033 3 0.77079678 0.31990629 0.55093789 3 0.52682757 -0.80632794 -0.26886445
3 -0.53284013 -0.62860864 0.56650907 3 -0.69117761 -0.062940031 -0.71993876 3 0.4882158 -0.77517068 -0.40094328
3 0.67195767 -0.20973498 0.71027052 3 -0.63640445 -0.65402585 0.40894952 3 0.37876424 -0.72681606 -0.57295388
3 -0.19312006 0.63945067 -0.74418241 3 0.92512107 0.37135834 0.079020843 3 0.32688829 -0.67319828 -0.66328603
3 0.5278002 -0.64338326 0.55451328 3 -0.83525169 -0.51168895 0.20131874 3 0.15421315 -0.56941414 -0.80745649
3 -0.93769515 0.27458978 -0.21290416 3 0.34360114 0.82386923 -0.45075238 3 0.051633559 -0.49582258 -0.86688751
3 -0.55824882 -0.77048492 0.30775219 3 -0.82812077 0.54013741 -0.14989242 3 -0.050738618 -0.33853322 -0.93958551
3 0.50352335 -0.85942888 0.088578224 3 -0.82608533 -0.44886994 0.34073228 3 -0.25307509 -0.24473983 -0.93597823
3 -0.58910537 -0.73882568 0.32724857 3 -0.71179783 0.66616654 0.22263493 3 -0.3824904 -0.10177941 -0.91833669
3 0.58960223 -0.72582835 -0.35431987 3 -0.65361845 -0.68648475 0.31862506 3 -0.47450224 0.043727964 -0.87916762
3 0.81549346 -0.2683433 -0.51279849 3 -0.29906821 -0.95394027 0.023586817 3 -0.49551046 0.13412748 -0.85818374
3 -0.37217307 0.72881836 0.57472664 3 0.7170198 0.61895514 -0.32058787 3 -0.5893805 0.29277632 -0.75293583
3 0.22991121 0.913728 0.33502543 3 0.74186188 0.058266968 -0.66801655 3 -0.6299063 0.40212706 -0.66446376
3 0.46154022 -0.31759903 -0.8283186 3 -0.64130777 -0.76459563 -0.064171538 3 -0.61294788 0.56082475 -0.55657023
3 -0.29215121 -0.80296844 -0.5195086 3 -0.72470999 -0.16858165 0.66811341 3 -0.62405366 0.57168335 -0.53266799
3 -0.078228503 0.61257112 0.78653473 3 0.77919513 0.52971166 -0.33505297 3 -0.62188041 0.58665341 -0.51875097
3 -0.76283413 -0.51338774 0.39308691 3 -0.029056609 0.63453829 0.77234524 3 -0.64594114 0.57774943 -0.4989647
3 0.14533347 0.67985499 0.7188015 3 0.74978721 0.39833188 -0.52834767 3 -0.64552122 0.61573464 -0.45185551
3 0.079045475 0.56116551 0.82392049 3 0.7632978 0.49754268 -0.41210169 3 -0.64119291 0.66147149 -0.38900799
3 0.42906696 0.82532513 0.36706907 3 0.68863392 -0.035902753 -0.72421962 3 -0.58453804 0.56351507 -0.58375174
3 0.12023522 -0.96449882 0.23512895 3 -0.5159781 0.1416291 0.84481233 3 -0.84812146 -0.22289756 -0.48063144
3 0.17960899 -0.94359815 0.27814233 3 -0.4670786 0.16703933 0.86829472 3 -0.86578161 -0.28586987 -0.41073215
3 nan nan nan 3 nan nan nan 3 nan nan nan
3 -0.70168805 -0.62878209 0.33506262 3 -0.68149167 0.45512378 -0.5730896 3 0.20785436 -0.63047171 -0.74786508
3 -0.12771212 -0.38235682 0.91514647 3 -0.86370754 -0.41069674 -0.2921266 3 0.48754418 -0.82772684 -0.27779347
3 0.3088446 0.58571458 -0.74936879 3 0.86617184 0.15225556 0.47598833 3 0.39288884 -0.79608846 -0.46030614
3 0.34166718 -0.4866308 0.80402374 3 -0.88743973 -0.44867438 0.10555692 3 0.30937755 -0.74958783 -0.58515275
3 -0.46292028 0.60139018 -0.65117943 3 0.87351155 0.43432832 -0.21985555 3 0.15060526 -0.67058647 -0.72638267
3 -0.8432219 0.38407859 -0.37611225 3 0.53218222 0.69520009 -0.48319679 3 0.075891271 -0.60760403 -0.79060614
3 0.05924198 -0.88220787 0.46711844 3 -0.99732387 -0.032223329 0.065627381 3 -0.042844888 -0.46975622 -0.88175595
3 0.11743814 -0.91866803 0.37717015 3 -0.97951281 -0.044588551 0.19638371 3 -0.16359398 -0.39250594 -0.90508348
3 0.30009156 -0.94926852 0.093991131 3 -0.9177025 -0.26040661 0.30001751 3 -0.26032126 -0.17628862 -0.94929194
3 -0.63095623 0.76527607 0.1274628 3 0.70426625 0.63389695 -0.31966195 3 -0.32542789 -0.11192496 -0.93891931
3 0.85339719 -0.35341096 -0.38316324 3 -0.34030798 -0.93454224 0.10402769 3 -0.39485046 0.041618139 -0.91780245
3 -0.37273553 0.84926915 0.37391245 3 0.78512937 0.50341684 -0.36075494 3 -0.49461168 0.15910341 -0.85442716
3 0.079145908 0.95179105 0.29636168 3 0.80777037 0.11298093 -0.57856995 3 -0.58416063 0.28518346 -0.75988626
3 0.49474415 -0.40807241 -0.76727122 3 -0.61747992 -0.78633118 0.020052195 3 -0.61151212 0.46385396 -0.64100915
3 -0.3117266 -0.85636258 -0.41166705 3 -0.68113136 -0.10067788 0.72520626 3 -0.66248524 0.50646538 -0.55191141
3 -0.071847081 -0.73445928 -0.67483884 3 -0.75592601 -0.40130156 0.5172357 3 -0.65070254 0.54729015 -0.52636462
3 -0.62566978 -0.029582251 0.77952695 3 0.39915517 0.84641802 0.35249361 3 -0.67023319 0.5316968 -0.51777029
3 -0.30422565 -0.7874046 -0.53613514 3 -0.69606888 -0.20047998 0.68941736 3 -0.65033466 0.58292538 -0.48709661
3 0.73098689 0.66462398 -0.1547035 3 0.18301702 -0.40934768 -0.89383411 3 -0.65739107 0.62506759 -0.42086527
3 0.65716255 0.73336571 -0.17410427 3 0.16491356 -0.36528119 -0.91617322 3 -0.73548698 0.57336247 -0.360991
3 -0.60294586 -0.76161206 -0.2374939 3 -0.795147 0.54953206 0.25642917 3 -0.064791545 0.34345227 -0.93693262
3 0.40134427 -0.02877599 -0.91547519 3 0.19415097 -0.97412074 0.11573516 3 -0.89511371 -0.22419001 -0.38537082
3 0.78306156 -0.481749 -0.39336044 3 -0.12358843 -0.74038529 0.66072357 3 -0.60954285 -0.46877149 -0.63930511
3 0.20652634 0.83254218 -0.51402372 3 0.53580225 -0.53580976 -0.65255159 3 -0.81869483 -0.14064272 -0.55673885
3 nan nan nan 3 nan nan nan 3 nan nan nan
3 nan nan nan 3 nan nan nan 3 nan nan nan
3 -0.032090634 0.43796775 -0.89841765 3 0.92769688 0.34756494 0.13629726 3 0.37195235 -0.82908553 -0.41745499
3 -0.094519317 -0.60178936 0.79304206 3 -0.96388865 -0.14390117 -0.22407927 3 0.2489682 -0.78558397 -0.56645644
3 -0.2694256 -0.69819701 0.66327268 3 -0.95449597 0.10216493 -0.28017798 3 0.12785622 -0.70857835 -0.69395214
3 -0.61138004 0.59716034 -0.5192436 3 0.78721857 0.5258165 -0.32218596 3 0.080630176 -0.60573632 -0.79156947
3 -0.98040247 0.15881485 -0.11657096 3 0.19677532 0.81798661 -0.54053426 3 0.0095041329 -0.55287868 -0.83320749
3 -0.28282374 0.85543817 -0.43386194 3 0.95880759 0.23967485 -0.15245987 3 -0.026433835 -0.45911056 -0.88798583
3 0.96881431 -0.24764127 0.008524389 3 -0.23975648 -0.92816985 0.28463566 3 -0.062571228 -0.27780396 -0.95859778
3 -0.98889858 0.04617852 0.14123517 3 0.019670596 0.98280257 -0.18360968 3 -0.14728509 -0.17879313 -0.9728002
3 0.83931845 -0.51477444 -0.17479058 3 -0.48542219 -0.85440248 0.18536906 3 -0.24476883 -0.070733972 -0.96699798
3 0.86782396 -0.29259592 -0.40158343 3 -0.29579431 -0.95363164 0.055608265 3 -0.39923039 0.070526883 -0.91413397
3 -0.46561861 0.80905735 0.35864386 3 0.7248441 0.5811491 -0.36995485 3 -0.50774032 0.087703079 -0.85703439
3 0.53983188 -0.52499419 -0.65799898 3 -0.56612223 -0.8049252 0.17776662 3 -0.62296885 0.27654612 -0.73173219
3 0.044250593 -0.84223318 -0.53729421 3 -0.70750815 -0.4061271 0.57835358 3 -0.70531839 0.35454732 -0.6138584
3 -0.1430582 -0.78743148 -0.59957153 3 -0.70789355 -0.34196699 0.61801726 3 -0.69167995 0.51284516 -0.50849652
3 -0.65233499 -0.1459595 0.74374396 3 0.31977955 0.83666456 0.44467258 3 -0.68716836 0.52790946 -0.49911061
3 -0.22043729 0.48927331 0.84381217 3 0.70815206 0.67518735 -0.20650098 3 -0.67076677 0.55202681 -0.49531639
3 0.72752392 0.62394989 -0.28529909 3 0.12897034 -0.53280008 -0.83635575 3 -0.67385137 0.57167363 -0.46809575
3 0.44801721 -0.24215209 -0.86060619 3 -0.52653551 -0.84942842 -0.035098627 3 -0.72252411 0.4688645 -0.50806016
3 -0.34433749 0.29245365 0.89213371 3 0.52488774 0.84783077 -0.075339243 3 -0.77841169 0.44232792 -0.44544524
3 0.66404402 -0.49327645 -0.56189311 3 -0.19139503 -0.83860612 0.51000792 3 -0.72278184 -0.23112419 -0.65128207
3 -0.86650044 0.3168236 0.38574576 3 0.03628087 0.81069279 -0.58434665 3 -0.49785614 -0.4923414 -0.71396029
3 -0.62827158 0.75259328 -0.1971752 3 0.69221509 0.42506409 -0.58323109 3 -0.35512373 -0.50291526 -0.78801221
3 0.62390959 -0.32776153 -0.70944285 3 -0.33090985 -0.93320096 0.14012344 3 -0.70797992 0.14733729 -0.69069254
3 0.23059915 0.89694858 -0.37723666 3 0.75375783 -0.40983534 -0.51369691 3 -0.61536443 -0.16588695 -0.77058959
3 nan nan nan 3 nan nan nan 3 nan nan nan
3 0.40952441 0.43385324 -0.80253416 3 0.80647278 0.23907751 0.54078048 3 0.42648727 -0.86868477 -0.25198278
3 0.53471404 -0.25017148 0.80715257 3 -0.80726576 -0.4335922 0.40040007 3 0.24980637 -0.86568606 -0.43380263
3 0.64513254 -0.43582374 0.62758404 3 -0.75105381 -0.5126797 0.416026 3 0.14043561 -0.73974127 -0.65807343
3 0.76149952 -0.43447834 0.48098546 3 -0.63888371 -0.62827212 0.44396141 3 0.10929815 -0.64537019 -0.75601006
3 0.48802873 -0.67386997 0.55473161 3 -0.86548752 -0.45586687 0.20764595 3 0.11295744 -0.58145052 -0.80570221
3 -0.3312861 -0.84615445 0.41745904 3 -0.92842066 0.21347484 -0.30407819 3 0.16818014 -0.48831454 -0.85630864
3 0.96910536 -0.17088652 0.17785504 3 -0.21827538 -0.92997289 0.29581407 3 0.11484974 -0.32549641 -0.93854219
3 -0.96586967 0.24665001 -0.079116806 3 0.25902054 0.92206651 -0.28757915 3 0.002025241 -0.29825833 -0.95448315
3 -0.44718373 0.88494658 -0.12998579 3 0.88887817 0.42349976 -0.17476656 3 -0.099612795 -0.19368896 -0.97599262
3 0.55906469 -0.82512021 -0.081383817 3 -0.78852189 -0.55945975 0.25541729 3 -0.25627828 -0.078625791 -0.96339989
3 -0.53079867 0.82737899 0.18356761 3 0.74402618 0.55864435 -0.36652705 3 -0.40580568 -0.057972953 -0.91211903
3 -0.4009825 0.86471975 0.30244449 3 0.76828003 0.49724972 -0.4030982 3 -0.49895746 0.070726708 -0.86373544
3 0.79517913 0.22759297 -0.56204253 3 0.080786131 -0.95839 -0.27379316 3 -0.6009692 0.17230931 -0.78047788
3 -0.024149437 -0.78606033 -0.61767787 3 -0.72368991 -0.41251686 0.55326551 3 -0.68970263 0.46036828 -0.55890185
3 0.17105314 -0.55216062 -0.81600213 3 -0.69910562 -0.65161008 0.29437327 3 -0.69425654 0.52011818 -0.49747851
3 0.35116503 -0.35116881 -0.86796516 3 -0.66135347 -0.7492311 0.035557151 3 -0.6627931 0.56154543 -0.49535045
3 0.69624555 0.71557748 -0.056488708 3 0.31040671 -0.37110817 -0.87517214 3 -0.64721692 0.59180027 -0.48050249
3 -0.0086536556 0.74277151 0.66948903 3 0.72309953 0.46709198 -0.5088734 3 -0.69068968 0.47970599 -0.54113764
3 0.10412955 -0.87086999 -0.48035675 3 -0.59808439 -0.44072559 0.66937006 3 -0.79463971 0.21759266 -0.56674623
3 -0.41379035 -0.61568099 0.67060745 3 -0.22260252 0.78269655 0.58123517 3 -0.88273764 0.091230616 -0.46092448
3 -0.4297806 -0.87623346 0.21795332 3 -0.89826244 0.43943521 -0.0046246648 3 -0.091724083 -0.19776689 -0.97594827
3 -0.87358731 0.48223794 -0.065511167 3 0.38106152 0.59406388 -0.70843488 3 -0.3027164 -0.64384353 -0.70272905
3 0.81823283 0.54058439 -0.19561066 3 0.4612512 -0.4142313 0.78463989 3 0.34313604 -0.73224378 -0.58828288
3 0.92775893 0.13479084 -0.347987 3 0.30587617 -0.80885994 0.50218087 3 -0.21378331 -0.57234365 -0.79165626
3 -0.77325112 -0.52722973 0.3522948 3 0.044800028 0.50877035 0.85973603 3 -0.63251555 0.68057454 -0.36978728
3 nan nan nan 3 nan nan nan 3 nan nan nan
3 0.13574372 -0.29158473 0.94686431 3 -0.94159698 -0.33524185 0.031751625 3 0.30817023 -0.89587468 -0.32006228
3 0.71573657 -0.30892187 0.6263293 3 -0.66974241 -0.55777383 0.49023828 3 0.19790477 -0.77036083 -0.60611719
3 0.78275597 0.55618387 -0.27919978 3 0.58629608 -0.50861382 0.63053036 3 0.20868593 -0.65724522 -0.72420901
3 0.59846711 -0.55672228 0.57610542 3 -0.74642497 -0.64867914 0.14854342 3 0.29101014 -0.5189178 -0.80376452
3 0.86072659 -0.18830632 0.47295922 3 -0.37823939 -0.8583765 0.34659016 3 0.34071198 -0.47721121 -0.81005234
3 0.79446018 0.60271567 0.07461223 3 0.48285556 -0.70137697 0.52432925 3 0.36835268 -0.38053176 -0.84824055
