ply
format ascii 1.0
comment PCL generated
element vertex 673
property list uint float x_axis
property list uint float y_axis
property list uint float z_axis
element camera 1
property float view_px
property float view_py
property float view_pz
property float x_axisx
property float x_axisy
property float x_axisz
property float y_axisx
property float y_axisy
property float y_axisz
property float z_axisx
property float z_axisy
property float z_axisz
property float focal
property float scalex
property float scaley
property float centerx
property float centery
property int viewportx
property int viewporty
property float k1
property float k2
end_header
3 0.84426647 -0.53457528 -0.037995309 3 0.099010982 0.22526067 -0.96925485 3 0.52669835 0.81454724 0.24310879
3 -0.13691677 -0.19283585 0.97163165 3 0.88100195 -0.47213238 0.030443527 3 0.45286819 0.8601777 0.23453155
3 0.58074808 -0.09103173 -0.80897772 3 -0.66495073 0.52024633 -0.53589582 3 0.46965119 0.84915072 0.24160044
3 0.4108637 -0.4674817 0.78272074 3 0.78356868 -0.25781468 -0.56528914 3 0.4660593 0.84557235 0.26037738
3 0.88656062 -0.44924539 -0.11040268 3 0.035259657 0.30357626 -0.95215464 3 0.46126676 0.84025007 0.28497902
3 0.78391206 -0.21778467 -0.58142239 3 -0.43330649 0.47878456 -0.76355183 3 0.44466579 0.85049134 0.28095743
3 0.082815051 0.25258726 -0.96402347 3 -0.89045227 0.45311326 0.042226963 3 0.44747785 0.85491997 0.26244152
3 0.0019921958 -0.23042445 0.97308815 3 0.85972476 -0.49661574 -0.11935727 3 0.51075375 0.83682585 0.19711226
3 0.13162023 0.15415317 -0.97924101 3 -0.89517725 0.44282782 -0.050610758 3 0.42583334 0.88325566 0.19627953
3 0.46707076 -0.0070934892 -0.88419151 3 -0.76901156 0.49029526 -0.41016081 3 0.43642437 0.87152755 0.22354753
3 0.0022604764 -0.28632766 0.95812911 3 0.89881176 -0.41939643 -0.12745312 3 0.43832925 0.86146581 0.25640664
3 0.63393158 -0.11836788 -0.7642774 3 -0.62305999 0.5072847 -0.59536445 3 0.45817819 0.85361087 0.24783349
3 0.015742749 -0.31744117 0.9481473 3 0.87672406 -0.45153919 -0.16573286 3 0.48073608 0.83387268 0.27119982
3 -0.2827726 -0.16381775 0.94509435 3 0.84964585 -0.50003153 0.1675415 3 0.44513074 0.85037172 0.28058231
3 0.39710212 0.079586893 -0.91431725 3 -0.81152344 0.49574232 -0.30930522 3 0.42864901 0.86481547 0.26144689
3 0.61373198 -0.52573121 0.58901602 3 0.66349518 -0.060904995 -0.74569762 3 0.42791048 0.84846765 0.31144074
3 -0.9321627 0.33970842 0.12518227 3 0.019505933 -0.29814237 0.9543218 3 0.36151335 0.89202529 0.27129096
3 0.17395405 -0.68477815 0.70768547 3 0.29100177 0.72229373 0.62738323 3 -0.94077522 0.096801892 0.32491758
3 -0.20472035 -0.97868049 -0.016557181 3 0.35296449 -0.089589342 0.93133777 3 -0.91296536 0.18481973 0.3637802
3 -0.88191319 0.38440579 0.27287632 3 0.15634644 -0.30757868 0.93859011 3 0.44473034 0.87041813 0.21115719
3 0.54072046 -0.067292936 -0.83850652 3 -0.71305811 0.49216521 -0.49932152 3 0.4462845 0.86789709 0.21813998
3 0.27119908 0.093509227 -0.95797044 3 -0.86327106 0.46380585 -0.19911698 3 0.42569289 0.88098824 0.20650744
3 0.80382526 -0.24150744 -0.54363519 3 -0.41092846 0.43534881 -0.8010053 3 0.4301196 0.86726338 0.25070208
3 -0.84651244 0.30536276 0.43608516 3 0.28910649 -0.42414647 0.85820574 3 0.4470281 0.85255688 0.27076289
3 0.66133654 -0.098390587 -0.74360842 3 -0.6267212 0.4722189 -0.61986321 3 0.41213456 0.87597317 0.25063211
3 -0.52594388 -0.029006824 0.85002458 3 0.77154338 -0.43684787 0.46247712 3 0.35791638 0.8990677 0.25213745
3 -0.92684716 0.32713223 0.1842249 3 0.082776837 -0.30055872 0.95016432 3 0.36619979 0.89590669 0.25149304
3 -0.59094065 -0.056566328 0.80472928 3 0.75976253 -0.37437636 0.53160423 3 0.27120075 0.92554986 0.26421124
3 -0.80775851 0.11022881 0.57911658 3 0.50830168 -0.36733907 0.77890426 3 0.29858977 0.92353225 0.24069172
3 -0.46039674 -0.6228323 -0.63254637 3 0.21141768 -0.76898456 0.60329556 3 -0.86217022 0.14402382 0.48571566
3 -0.40764341 0.10791802 -0.9067418 3 -0.26094174 -0.96535182 0.0024178028 3 -0.87506378 0.23759235 0.42167959
3 0.6144762 -0.45108855 0.64725429 3 0.66363251 -0.14811334 -0.73324919 3 0.42662728 0.88010317 0.20834494
3 0.56825882 -0.050215453 -0.82131612 3 -0.71044326 0.47364953 -0.52050626 3 0.4151535 0.87928087 0.23348033
3 0.81441242 -0.50630498 0.28352714 3 0.37555355 0.087404892 -0.92266989 3 0.44237083 0.85791343 0.26132831
3 -0.87287658 0.41671687 0.25383759 3 0.10533341 -0.34703007 0.93192011 3 0.47643611 0.8401888 0.25902021
3 0.78226656 -0.52775884 0.33095309 3 0.41560698 0.04640545 -0.90835994 3 0.46403679 0.84812582 0.25564158
3 -0.9655835 0.24164705 -0.096203893 3 -0.15354094 -0.23103227 0.96075451 3 0.2099373 0.94246 0.26018366
3 0.1675843 -0.32890087 0.92937601 3 0.92938596 -0.26177201 -0.26022571 3 0.32887301 0.90735883 0.26180667
3 -0.69931656 0.090764925 0.70902622 3 0.61529452 -0.42842603 0.66171277 3 0.36382553 0.89900661 0.24375823
3 0.53958511 -0.45230567 0.71011811 3 0.31297332 0.89075589 0.32954827 3 -0.78159821 0.044428643 0.6221981
3 0.28916121 -0.81726789 0.49845645 3 0.56115282 0.56656903 0.60341293 3 -0.77556008 0.10522665 0.62244207
3 -0.45595881 -0.7711755 -0.44428605 3 0.341337 -0.61254805 0.7129336 3 -0.82194334 0.17341705 0.54252732
3 -0.27669972 0.72755367 -0.62777615 3 -0.52838701 -0.66085196 -0.53299367 3 -0.8026486 0.18422958 0.56728745
3 0.035103202 0.93890202 -0.34238976 3 -0.53665853 -0.27130502 -0.79899377 3 -0.84306896 0.2117936 0.49434614
3 -0.006172955 0.96133846 -0.2753008 3 -0.63366109 -0.21673751 -0.74262965 3 -0.77358627 0.16986312 0.61050051
3 -0.86260939 0.25712219 0.43565264 3 0.32252473 -0.38392556 0.86520457 3 0.38972151 0.88684231 0.24824952
3 0.73255801 -0.45524409 0.50607467 3 0.54112983 -0.061564595 -0.83868241 3 0.41296148 0.88823563 0.20124653
3 -0.89087355 0.22522517 0.39448431 3 0.2914049 -0.38282704 0.87665647 3 0.34846419 0.89594483 0.27541888
3 -0.45865566 -0.15465738 0.87505209 3 0.85474646 -0.34605706 0.38685012 3 0.24298872 0.92537862 0.29091388
3 -0.15179507 -0.2256829 0.96230221 3 0.94214684 -0.32741392 0.071829334 3 0.29886046 0.91753328 0.26232624
3 -0.64775664 0.41612169 -0.63816458 3 -0.6868149 0.043537304 0.72552717 3 0.32969156 0.90826607 0.25759703
3 0.19149536 -0.901694 0.38765687 3 0.60948288 0.4188323 0.67313516 3 -0.76932484 0.10736793 0.62977123
3 0.48997787 -0.51727796 0.70167303 3 0.42048025 0.84533125 0.3295626 3 -0.76362175 0.1335613 0.63169885
3 0.12375933 -0.92441571 0.36074814 3 0.62981504 0.35410744 0.69133276 3 -0.76682246 0.1416457 0.62603503
3 -0.5262112 0.47461998 -0.70557606 3 -0.41129693 -0.86828738 -0.2773301 3 -0.74426925 0.14426705 0.65211236
3 -0.64532578 0.26249343 -0.71739239 3 -0.2583493 -0.9587667 -0.11841564 3 -0.7188952 0.10892116 0.68653184
3 0.58069187 0.58579373 0.56536925 3 -0.27795994 0.79537868 -0.53861922 3 -0.76520258 0.15562187 0.62469727
3 -0.5298993 0.025511973 0.84767681 3 0.7307294 -0.4935421 0.47164702 3 0.4303968 0.86934769 0.24288525
3 0.53188074 -0.41716611 0.73693645 3 0.76384282 -0.13934402 -0.63018036 3 0.36557761 0.8980844 0.24453495
3 0.22630164 -0.35402754 0.90744257 3 0.88778979 -0.30834001 -0.34169561 3 0.40077055 0.88294458 0.24452421
3 -0.91050154 0.29094031 0.29383779 3 0.18449575 -0.35011989 0.91835582 3 0.37006515 0.89037627 0.26510745
3 -0.50504041 -0.03899499 0.86221433 3 0.75948495 -0.49465144 0.42249551 3 0.41002032 0.86821616 0.2794351
3 0.85065478 -0.47265816 0.23017551 3 0.33319277 0.1460426 -0.93147969 3 0.40665603 0.8690604 0.28171811
3 0.51450998 -0.4465203 0.73205125 3 0.78257918 -0.10444176 -0.61372775 3 0.35049862 0.88865721 0.29570115
3 -0.70972168 0.040835388 0.70329767 3 0.61828941 -0.44238889 0.64962322 3 0.3376587 0.89589322 0.28872487
3 -0.6158976 -0.55096465 -0.56312346 3 0.41612452 -0.83444512 0.36130556 3 -0.66896224 -0.011802256 0.74320269
3 -0.69638705 0.58783942 -0.41169149 3 -0.51468515 -0.80885851 -0.28433627 3 -0.50014424 0.013883428 0.86583084
3 -0.3740513 -0.88667798 -0.2718235 3 0.60814446 -0.45579556 0.64993155 3 -0.70017576 0.077799775 0.70971906
3 -0.84276474 0.072556734 -0.5333696 3 -0.080410533 -0.99672538 -0.0085343774 3 -0.53224224 0.035696063 0.84583932
3 -0.44119823 -0.84157783 -0.31159419 3 0.53916538 -0.52614444 0.65762681 3 -0.71738762 0.12214296 0.68588358
3 -0.77954209 -0.33649644 -0.52828443 3 0.2462464 -0.94016492 0.23548435 3 -0.57591403 0.053481828 0.81575906
3 -0.42762753 -0.87118649 -0.24118188 3 0.73105818 -0.49022949 0.47458252 3 -0.5316844 0.026626561 0.84652376
3 -0.67405736 -0.31544521 -0.66793787 3 0.1225246 -0.93945277 0.32002568 3 -0.72844666 0.13387685 0.67189485
3 -0.65705276 -0.60320365 -0.45213613 3 0.43229753 -0.79285312 0.42953795 3 -0.61757636 0.086771779 0.78170979
3 -0.28839159 -0.94809866 -0.13393758 3 0.78186566 -0.31392139 0.53864622 3 -0.55273557 0.050619852 0.83181804
3 -0.65488327 0.41370451 -0.63243693 3 -0.3767789 -0.90416539 -0.20130247 3 -0.65510738 0.1064593 0.74799788
3 -0.71293032 0.43775317 -0.54781622 3 -0.3811321 -0.89764631 -0.22129117 3 -0.58861607 0.051025163 0.80680096
3 -0.44530311 0.73262662 -0.51474619 3 -0.58190531 -0.6737268 -0.45549822 3 -0.68050826 0.096698709 0.72633177
3 -0.42281243 0.81645131 -0.39323884 3 -0.63437361 -0.57654148 -0.51494652 3 -0.64714736 0.031734567 0.76170415
3 -0.1053156 0.97179657 -0.21099782 3 -0.696666 -0.22350851 -0.6816895 3 -0.70962328 0.075202465 0.70055658
3 -0.64803541 0.50314289 -0.57174939 3 -0.38593295 -0.86412907 -0.32301247 3 -0.65658665 0.011333387 0.75416565
3 -0.51122034 0.72435617 -0.46256068 3 -0.48166209 -0.68721181 -0.54382193 3 -0.7117976 -0.055214867 0.70021123
3 -0.75779718 0.16554789 -0.63113964 3 -0.023880675 -0.97366726 -0.2267198 3 -0.65205306 -0.1567356 0.74179578
3 -0.91117525 0.26644638 0.314271 3 0.20273861 -0.374084 0.90496337 3 0.35868782 0.88829482 0.28683704
3 0.89131016 -0.41636476 0.17946258 3 0.27145261 0.17301697 -0.94677293 3 0.36315271 0.89258373 0.26723501
3 0.05018878 -0.29428491 0.95439905 3 0.923684 -0.34977087 -0.15642394 3 0.37985417 0.88941377 0.25427166
3 -0.82628006 0.24142176 0.50889766 3 0.36404446 -0.46052516 0.80956054 3 0.42980567 0.8541851 0.29263452
3 0.85708964 -0.40903699 0.31318718 3 0.42983547 0.23269451 -0.87240756 3 0.28397003 0.88235033 0.37525862
3 -0.8584221 -0.22057685 0.46309522 3 0.50930327 -0.25914809 0.8206414 3 -0.061004266 0.9403128 0.33479902
3 -0.86409366 -0.099351928 0.49342811 3 0.49404663 -0.35483977 0.79372966 3 0.09622936 0.92963332 0.35569927
3 -0.77016103 -0.073763698 0.63357008 3 0.60941613 -0.37835431 0.69674975 3 0.1883191 0.92271721 0.33634651
3 -0.89772707 0.054008245 -0.43722913 3 -0.064471081 -0.99787807 0.0091114491 3 -0.4358092 0.036368225 0.89930403
3 -0.92555857 0.1743167 -0.33608788 3 -0.17705089 -0.98393869 -0.022749957 3 -0.33465558 0.038448244 0.9415558
3 -0.69420087 -0.68578285 -0.21860269 3 0.64809269 -0.72766596 0.22467405 3 -0.31314728 0.014294145 0.94959706
3 -0.81964827 0.32702112 -0.470355 3 -0.29880428 -0.94457042 -0.13602512 3 -0.48876658 0.029051336 0.8719309
3 -0.87052947 -0.19120021 -0.45345485 3 0.16371319 -0.98147285 0.099548317 3 -0.4640871 0.012423202 0.88570267
3 -0.87238151 -0.35763976 -0.33323306 3 0.32723218 -0.93368983 0.14540367 3 -0.3631385 0.017802874 0.93156499
3 -0.79860598 0.51630259 -0.30928963 3 -0.486325 -0.856327 -0.1737588 3 -0.3545652 0.011650443 0.93495876
3 -0.81341076 -0.38429767 -0.4366672 3 0.33235979 -0.92312986 0.1933088 3 -0.47738862 0.012108858 0.87860882
3 -0.72664618 -0.62475526 -0.28577268 3 0.57471299 -0.78069359 0.24540277 3 -0.37641764 0.014083694 0.92634314
3 -0.82856178 0.46003431 -0.31914565 3 -0.43161443 -0.88788253 -0.15929152 3 -0.35664338 0.0057650208 0.93422282
3 -0.79241657 -0.43802482 -0.42451167 3 0.3847526 -0.89895922 0.20937495 3 -0.47333014 0.0025802199 0.88088143
3 -0.58505476 -0.76686734 -0.26386634 3 0.70137113 -0.64179546 0.3101247 3 -0.40717268 -0.00362827 0.91334409
3 -0.43385202 -0.88289934 -0.17961437 3 0.81690586 -0.46956033 0.33493015 3 -0.38004932 -0.0014178813 0.9249652
3 -0.64155793 0.67143422 -0.37091714 3 -0.58862352 -0.74098301 -0.32321298 3 -0.49185956 0.01097073 0.87060547
3 -0.89508551 0.11458012 -0.43092147 3 -0.092580594 -0.9931159 -0.071761996 3 -0.43617734 -0.024338167 0.8995316
3 -0.83699858 0.068672739 -0.54287899 3 -0.054392766 -0.99762177 -0.042334951 3 -0.54449499 -0.0059056152 0.83874327
3 -0.88005054 -0.079513907 -0.46817592 3 0.093863644 -0.9955579 -0.0073563196 3 -0.46551126 -0.050418627 0.88360465
3 -0.81189656 0.027748436 -0.58314162 3 0.0077859461 -0.9982664 -0.058342107 3 -0.58374947 -0.051908061 0.81027287
3 -0.82557386 0.25089502 -0.50544989 3 -0.17366935 -0.96521413 -0.19545068 3 -0.53690493 -0.073577784 0.84042817
3 -0.80356234 -0.0065002143 -0.59518504 3 0.056821849 -0.99621141 -0.065835506 3 -0.59250224 -0.086722456 0.80088735
3 -0.77843535 0.04668954 -0.6259861 3 0.048176371 -0.98984528 -0.13373718 3 -0.62587339 -0.13426347 0.76828116
3 -0.76407933 0.20929201 -0.61022907 3 -0.074509226 -0.96821213 -0.23877606 3 -0.64080513 -0.13697618 0.75538516
3 0.12526862 -0.4089396 0.90392262 3 0.85635394 -0.41548473 -0.30664399 3 0.50096494 0.81249064 0.29814985
3 -0.72947425 0.44960919 -0.51547939 3 -0.59904701 -0.056170136 0.79874146 3 0.33016691 0.89145762 0.31031168
3 0.77208364 -0.48506552 0.41060737 3 0.51413304 0.096953183 -0.85221326 3 0.37356955 0.86908662 0.32424414
3 -0.73257947 0.065442994 0.67752814 3 0.56565768 -0.49513957 0.65944511 3 0.37862712 0.86634511 0.3257108
3 -0.86968273 0.49236941 -0.034990624 3 -0.17248261 -0.2367104 0.95614749 3 0.46249515 0.8375802 0.29078808
3 -0.47633269 0.40206105 -0.7819553 3 -0.80396271 -0.55925441 0.20218462 3 -0.35602134 0.72497004 0.58963323
3 0.42536455 0.33676526 -0.84003234 3 -0.86437678 0.4262135 -0.26682466 3 0.26817581 0.83960205 0.47238809
3 -0.84741104 -0.037262887 0.52962828 3 0.46492821 -0.53379142 0.70633447 3 0.25639099 0.84479463 0.46966523
3 -0.27353916 -0.35835728 0.8926121 3 0.91693616 -0.37745032 0.1294581 3 0.29052448 0.85388017 0.43183815
3 -0.96852046 -0.15572405 -0.19421153 3 -0.080901399 -0.54091984 0.8371743 3 -0.23542103 0.82653242 0.51129365
3 -0.75255173 -0.21481374 0.62251192 3 0.64696896 -0.41754872 0.63803184 3 0.12287108 0.88289773 0.45320472
3 0.95638388 -0.28511152 0.063573077 3 0.17310706 0.37786981 -0.90953219 3 0.23529564 0.88086665 0.41074333
3 -0.87123001 0.33198372 -0.36158729 3 -0.15227085 -0.88305861 -0.44387108 3 -0.46666059 -0.33165449 0.81989837
3 -0.81652153 -0.42343819 -0.39241919 3 0.46754968 -0.88375759 -0.019233733 3 -0.33865911 -0.19918023 0.91958535
3 -0.90781367 0.20123342 -0.36793971 3 -0.076904118 -0.94235802 -0.32564932 3 -0.41226241 -0.26733276 0.87096101
3 -0.5104984 -0.84630007 -0.15220867 3 0.80511528 -0.53259891 0.2610127 3 -0.30196127 0.010701043 0.95326012
3 0.5959903 -0.78674048 0.16073272 3 0.73925292 0.61573392 0.27272126 3 -0.31352943 -0.043717112 0.94857168
3 -0.2383734 -0.95629776 -0.16932985 3 0.91064763 -0.28068349 0.30321187 3 -0.33748895 -0.081922188 0.93775791
3 -0.44807354 -0.83688045 -0.31442198 3 0.82553065 -0.52230811 0.21376061 3 -0.34311724 -0.16378449 0.92490292
3 -0.93442965 0.1019336 -0.34124935 3 -0.10908037 -0.99403161 0.0017661899 3 -0.3390325 0.038873974 0.93997121
3 -0.2731337 -0.95651913 -0.1023204 3 0.90310174 -0.29160208 0.31523976 3 -0.33136961 -0.0063031926 0.94348013
3 0.26215893 -0.96325791 0.058367673 3 0.90629184 0.26653108 0.32801834 3 -0.33152312 -0.033094794 0.94286638
3 0.57847095 -0.80159712 0.15104151 3 0.73699772 0.59297305 0.32437259 3 -0.34957963 -0.076322868 0.93379283
3 0.19944468 -0.97977328 -0.016316354 3 0.91163653 0.17941681 0.3697685 3 -0.35936183 -0.088622935 0.92898077
3 -0.1989629 -0.9761824 -0.086495914 3 0.91606414 -0.21661417 0.33749765 3 -0.34819555 -0.012086278 0.93734401
3 -0.19729272 -0.97477198 -0.1043798 3 0.91929042 -0.22094125 0.32571462 3 -0.3405593 -0.031694196 0.93968868
3 0.40896034 -0.90808612 0.090172574 3 0.83909547 0.41304204 0.35399884 3 -0.35870647 -0.069108076 0.93088871
3 0.38743615 -0.91816515 0.082860455 3 0.84751666 0.39010489 0.35990775 3 -0.36277905 -0.06921567 0.92930108
3 -0.28595334 -0.95043266 -0.12209992 3 0.89048254 -0.31063056 0.33248976 3 -0.35393712 -0.013651309 0.93516958
3 0.17866305 -0.98316443 0.038306177 3 0.92008102 0.18074027 0.34754002 3 -0.3486124 -0.02684775 0.93688238
3 0.24888258 -0.96738666 0.047122244 3 0.89287448 0.24802043 0.37584698 3 -0.3752766 -0.05146759 0.92548281
3 0.40428939 -0.9078179 0.11143076 3 0.82866687 0.41512787 0.37547347 3 -0.3871195 -0.059460983 0.92011034
3 -0.91050714 0.19167033 -0.36638677 3 -0.16729237 -0.98107457 -0.097498029 3 -0.37814015 -0.027478945 0.92534041
3 -0.91143757 0.20719405 -0.35546049 3 -0.17970362 -0.97765368 -0.10908498 3 -0.37011904 -0.035546612 0.92830384
3 0.016005648 0.99645174 0.082629576 3 -0.92011559 0.047021426 -0.388814 3 -0.39131981 -0.069805659 0.91760349
3 0.40603781 -0.90759903 0.10675813 3 0.82251424 0.41386098 0.39011481 3 -0.39825088 -0.070591234 0.91455632
3 -0.89812738 0.20465988 -0.3892062 3 -0.15866461 -0.97629189 -0.14724007 3 -0.41011307 -0.070487082 0.90930682
3 -0.90298378 0.20831238 -0.3758007 3 -0.15855242 -0.97443593 -0.15917161 3 -0.39935121 -0.084145255 0.91292834
3 0.030951096 0.99368358 0.10786549 3 -0.91756451 0.071044073 -0.39118817 3 -0.39638045 -0.086865872 0.91396767
3 -0.88183105 -0.0015897811 -0.47156289 3 0.033866107 -0.99762577 -0.059966929 3 -0.47034788 -0.068850696 0.87979114
3 -0.87101257 0.31476757 -0.3771717 3 -0.25020826 -0.94496405 -0.21080449 3 -0.42276818 -0.089241855 0.901833
3 -0.76968682 0.57774967 -0.27163878 3 -0.5009346 -0.81031412 -0.30406538 3 -0.39578637 -0.097961828 0.91310281
3 0.88102198 0.23603016 0.40998799 3 -0.25609985 0.96663082 -0.0061573237 3 -0.39776027 -0.099573106 0.91207016
3 -0.83020949 0.32800832 -0.45073584 3 -0.23939425 -0.93999362 -0.24310985 3 -0.50343096 -0.093928479 0.85891479
3 -0.88306427 0.15775861 -0.44193855 3 -0.0827851 -0.97939682 -0.18419692 3 -0.46189192 -0.12607178 0.8779304
3 -0.80843931 0.52554983 -0.26499668 3 -0.43609992 -0.83722019 -0.32996869 3 -0.3952755 -0.15119468 0.90603399
3 -0.91937727 0.12745549 -0.37215671 3 -0.064509936 -0.98209786 -0.17698134 3 -0.3880516 -0.13870479 0.91114044
3 -0.84393609 0.21589473 -0.49108189 3 -0.11254565 -0.96632373 -0.23141329 3 -0.52450502 -0.14002888 0.83981341
3 -0.87997049 0.0040473584 -0.47501102 3 0.073083229 -0.98690498 -0.14379761 3 -0.4693729 -0.16125301 0.86815149
3 -0.88032943 -0.15010792 -0.44998643 3 0.21306461 -0.97266263 -0.092364319 3 -0.42382023 -0.17718719 0.88824618
3 -0.85033137 0.02088666 -0.52583301 3 0.080602847 -0.98225272 -0.16936006 3 -0.52003825 -0.18639581 0.83355677
3 -0.8279447 -0.24485715 -0.50453228 3 0.31551772 -0.94713914 -0.058108173 3 -0.46363395 -0.20729919 0.86143535
3 -0.89759636 0.15787941 -0.41157609 3 -0.05161722 -0.96488369 -0.25755584 3 -0.43778577 -0.20993678 0.87422538
3 -0.78391933 -0.29975379 -0.54370773 3 0.3805908 -0.9239049 -0.039375007 3 -0.49053141 -0.23779699 0.83835047
3 -0.83775592 -0.22638382 -0.49690619 3 0.31196499 -0.94530362 -0.095287733 3 -0.44815546 -0.2348451 0.86255717
3 -0.86452723 0.068216801 -0.49793473 3 0.062815726 -0.96831048 -0.24172033 3 -0.49864495 -0.24025197 0.83284581
3 0.26897895 -0.61503112 0.74120653 3 0.79106259 -0.29792824 -0.5342834 3 0.54942721 0.73005176 0.40639168
3 0.55127728 -0.52843273 0.64564091 3 0.73520881 -0.058143154 -0.67534232 3 0.39441264 0.84698176 0.35645542
3 0.60895485 -0.61307788 0.50329864 3 0.63626349 -0.0013446957 -0.77147067 3 0.4736484 0.7900213 0.38926023
3 -0.92054397 0.19757181 0.33699304 3 0.21067584 -0.47536936 0.85418963 3 0.32895997 0.8573153 0.39597473
3 -0.79288304 0.46063724 -0.39893585 3 -0.50403792 -0.12783282 0.85416877 3 0.34246486 0.87833476 0.3335351
3 0.063972019 -0.48503762 0.87215024 3 0.93321645 -0.28056163 -0.22448274 3 0.35357445 0.82826561 0.43469694
3 0.90252298 -0.42595965 0.063329071 3 0.21489424 0.31803161 -0.92340469 3 0.37319252 0.8470031 0.37856713
3 -0.4196043 -0.22310022 0.87986279 3 0.77244067 -0.59685093 0.21703596 3 0.47672617 0.77071106 0.42277282
3 -0.68049866 0.5752418 -0.45389277 3 -0.59144467 -0.065525919 0.80367899 3 0.43256792 0.81535476 0.38481393
3 0.86687642 -0.21923319 -0.44773 3 -0.28149024 0.5259847 -0.80256081 3 0.41144708 0.82175261 0.39425167
3 -0.18022987 -0.40291461 0.89731658 3 0.8884722 -0.45812055 -0.027252629 3 0.42205966 0.79232913 0.44054538
3 0.0026466846 0.85215634 -0.52328068 3 -0.93690765 -0.18080978 -0.29918534 3 -0.34956691 0.49105749 0.79791319
3 -0.9040482 0.097250909 -0.41622007 3 -0.34274194 -0.7467714 0.56996536 3 -0.2553916 0.65793222 0.7084493
3 0.88594621 0.1725457 -0.43049663 3 -0.43236786 0.64311028 -0.6320346 3 0.16780195 0.74608153 0.6443643
3 0.83200133 0.16842672 -0.52858871 3 -0.51538134 0.5872826 -0.62408423 3 0.20531851 0.79166383 0.57542402
3 0.62315309 0.27850729 -0.73083103 3 -0.74493396 0.4959968 -0.44616216 3 0.23823042 0.82244813 0.51655143
3 -0.96009827 0.029547185 -0.27809742 3 -0.20817789 -0.73951733 0.64013749 3 -0.18674366 0.67248869 0.71616042
3 0.81307733 0.27319407 -0.51407236 3 -0.56724948 0.57033986 -0.59408802 3 0.13089456 0.7746467 0.61869955
3 -0.83487326 -0.3415966 0.43162316 3 0.54532313 -0.40659708 0.73300868 3 -0.074896567 0.84734333 0.52573746
3 -0.96344841 -0.097850308 0.24938503 3 0.26326969 -0.51806319 0.8138184 3 0.049564786 0.84972721 0.52488798
3 -0.88258415 -0.21581702 0.41769379 3 0.46245691 -0.55860722 0.68854314 3 0.084727444 0.80086273 0.59282404
3 -0.79088962 0.41413003 -0.45054409 3 -0.59343731 -0.33925709 0.72988832 3 0.1494184 0.84463078 0.5140751
3 -0.29643926 -0.85954714 -0.41629633 3 0.83549392 -0.44456607 0.32297263 3 -0.46268135 -0.25207126 0.84993309
3 -0.92118084 0.10673752 -0.3742097 3 -0.012597933 -0.96932161 -0.24547201 3 -0.38893068 -0.22140987 0.89426523
3 -0.76565403 0.60543221 -0.2173152 3 -0.47281376 -0.75875771 -0.44803393 3 -0.4361437 -0.24028933 0.86720246
3 -0.61401963 -0.60135096 -0.51123065 3 0.64105523 -0.75782204 0.12146477 3 -0.46046486 -0.25314534 0.85081697
3 -0.86331356 -0.26813754 -0.42754158 3 0.32198644 -0.94499618 -0.057506226 3 -0.38860562 -0.18730852 0.90216476
3 -0.9123745 0.024549693 -0.40861958 3 0.056373224 -0.98115444 -0.18481869 3 -0.40545622 -0.19165908 0.89379644
3 0.027694494 -0.98765612 -0.15417016 3 0.92913628 -0.031452127 0.36839715 3 -0.36869866 -0.15344766 0.91679609
3 -0.29746553 -0.90552914 -0.30254138 3 0.87062478 -0.38733125 0.30329356 3 -0.39182484 -0.17318061 0.90359378
3 -0.71557295 -0.55074549 -0.42969134 3 0.57006633 -0.81591868 0.096440107 3 -0.40370718 -0.17594264 0.89781094
3 0.096566007 -0.99401385 -0.051103055 3 0.91867638 0.069253854 0.38889292 3 -0.38302585 -0.084500939 0.91986459
3 0.041606195 -0.99388939 -0.10223973 3 0.91248554 -0.0038840249 0.40909091 3 -0.40698814 -0.11031294 0.90674794
3 0.22049683 -0.97516239 0.020963291 3 0.88800818 0.20958863 0.40928462 3 -0.40351263 -0.071630403 0.91216582
3 0.16119069 -0.98675078 -0.018451277 3 0.89244395 0.13775182 0.42961422 3 -0.42138046 -0.085716553 0.90282404
3 0.53178072 -0.82861453 0.17494914 3 0.74301565 0.55562234 0.3731105 3 -0.40637046 -0.068422996 0.91114283
3 0.14346007 -0.98955172 -0.014374307 3 0.89294446 0.1231648 0.43299034 3 -0.42669591 -0.074952394 0.90128392
3 -0.22961332 0.97316432 -0.015130847 3 -0.88533145 -0.21529712 -0.41211089 3 -0.40430927 -0.081230223 0.91100806
3 -0.44896615 0.88307375 -0.13641883 3 -0.78551525 -0.46282727 -0.41080001 3 -0.42590508 -0.077276237 0.90146172
3 -0.16315006 0.98587871 0.037751656 3 -0.90339357 -0.13390066 -0.40737033 3 -0.39656276 -0.10056715 0.91248244
3 -0.92005289 0.0048045367 -0.39176464 3 0.052432347 -0.98942041 -0.13527061 3 -0.38826978 -0.14499725 0.91006726
3 -0.80775064 0.52341264 -0.27125266 3 -0.44054395 -0.84168035 -0.312242 3 -0.39173943 -0.132715 0.91045421
3 -0.033350617 -0.97261095 -0.23003301 3 0.91929889 -0.12015911 0.37476745 3 -0.39214367 -0.19897047 0.89812803
3 0.91342986 -0.22389735 0.33987641 3 0.1425461 0.95818496 0.2481173 3 -0.38121724 -0.17818967 0.90715039
3 -0.90848535 -0.11286128 -0.40238863 3 0.17108364 -0.97890425 -0.11169946 3 -0.38129336 -0.17031944 0.90862906
3 -0.90994519 0.20778801 -0.35892048 3 -0.10734794 -0.95394635 -0.28011182 3 -0.40059471 -0.21635704 0.8903445
3 -0.77518588 -0.47059685 -0.42145637 3 0.5178718 -0.85545409 0.0026742816 3 -0.36179501 -0.21618727 0.90684479
3 -0.93043822 0.030740514 -0.36515704 3 0.049025901 -0.97707456 -0.20717482 3 -0.36315429 -0.21066554 0.90760052
3 -0.88790429 0.024009883 -0.45940119 3 0.092144959 -0.96911633 -0.22874182 3 -0.45070523 -0.24543238 0.85827017
3 -0.91748774 0.12930652 -0.37615961 3 -0.022979371 -0.96133685 -0.27441502 3 -0.3970997 -0.24312849 0.88498616
3 0.23849465 0.91386384 0.32859278 3 -0.90246874 0.33353424 -0.27258945 3 -0.35870659 -0.23153365 0.90427965
3 0.78888094 -0.59968829 -0.13431701 3 0.30672726 0.57361323 -0.75953054 3 0.53252745 0.55798036 0.63645315
3 -0.79952663 0.52779943 -0.28667971 3 -0.37708721 -0.81260049 -0.44439426 3 -0.46750697 -0.24720171 0.84872186
3 -0.5975343 0.79950666 -0.06117326 3 -0.68075132 -0.54613149 -0.48817879 3 -0.42371073 -0.25005972 0.87059724
3 -0.49709117 0.86762071 0.011605561 3 -0.76490033 -0.43184575 -0.47795051 3 -0.40966794 -0.24646212 0.87831008
3 0.26546556 -0.76672107 0.58452296 3 0.85475802 -0.09329696 -0.51057285 3 0.44600105 0.6351651 0.63059372
3 -0.043089591 0.96824652 0.2462559 3 -0.8945604 0.072362766 -0.44105029 3 -0.44486514 -0.23929548 0.86303687
3 -0.28119051 0.95035535 0.13325453 3 -0.86062831 -0.18830051 -0.47314063 3 -0.42455977 -0.24772523 0.87085092
3 -0.48858678 0.87249804 0.0054934621 3 -0.77133191 -0.42897508 -0.47013593 3 -0.40783608 -0.23393947 0.88257706
3 0.92014724 -0.35976288 -0.15459487 3 0.077404745 0.55413043 -0.82882309 3 0.38384563 0.750673 0.53772902
3 0.20114438 0.94929296 0.24162775 3 -0.91130793 0.27181116 -0.30925232 3 -0.3592481 -0.1579929 0.91977137
3 -0.15169466 0.62234616 -0.76790226 3 -0.91597563 0.20344725 0.34582946 3 0.37145329 0.7558403 0.53919208
3 -0.83107853 0.51176023 -0.21773836 3 -0.42110708 -0.32330436 0.84743327 3 0.36328688 0.79597473 0.48419717
3 -0.019711033 -0.51782274 0.85526085 3 0.93588895 -0.31050536 -0.16642807 3 0.35174331 0.79714864 0.49074501
3 -0.013319328 0.56453449 -0.82530195 3 -0.88336432 0.38007709 0.27424198 3 0.46849748 0.7326951 0.49362734
3 -0.63572282 0.64649796 -0.4217788 3 -0.6565367 -0.16547607 0.73591983 3 0.40597621 0.74475396 0.52964628
3 -0.43383604 -0.40807953 0.80327922 3 0.83086753 -0.52603966 0.18149886 3 0.34849069 0.74615926 0.56727493
3 -0.52743644 0.70149022 -0.4792935 3 -0.7865448 -0.61644363 -0.036672279 3 -0.3211827 0.35764357 0.87688833
3 -0.43103534 0.73800945 -0.5191828 3 -0.88344198 -0.46228278 0.076323137 3 -0.18368204 0.49156576 0.85124856
3 -0.097675771 0.83861274 -0.53589934 3 -0.97933239 -0.17681906 -0.098200649 3 -0.17710954 0.51523179 0.83855152
3 0.26950824 0.74835682 -0.60607564 3 -0.96097469 0.24977773 -0.11890879 3 0.062397964 0.61447006 0.78646886
3 -0.17313063 0.7607398 -0.62554038 3 -0.98308039 -0.094900861 0.15667489 3 0.059824511 0.64208168 0.76429862
3 -0.31503731 0.71402061 -0.62524068 3 -0.94767237 -0.20080405 0.24818267 3 0.051656678 0.67071021 0.73991847
3 0.65127492 0.40193945 -0.64365041 3 -0.74061817 0.52145129 -0.42376137 3 0.16530588 0.75268418 0.63729173
3 0.45605972 0.4179576 -0.78569776 3 -0.85418952 0.45332772 -0.25466496 3 0.24973945 0.78727722 0.56375951
3 -0.91931319 0.23214842 -0.31775796 3 -0.38318825 -0.7119382 0.58848149 3 -0.08960899 0.66276002 0.74345088
3 -0.89832711 0.32006276 -0.30094576 3 -0.43931878 -0.65872532 0.61080289 3 -0.0027453359 0.68091184 0.7323603
3 -0.83198559 0.42251503 -0.35955709 3 -0.55288124 -0.57760346 0.60058087 3 0.046073042 0.69846678 0.71415818
3 -0.98423022 0.063002169 -0.16529253 3 -0.16197327 -0.69657493 0.69896233 3 -0.071102493 0.7147128 0.6957947
3 -0.99991453 0.0075206161 0.010702133 3 0.0024172901 -0.69784725 0.71624273 3 0.012855004 0.71620727 0.69776934
3 -0.97856879 0.16840042 -0.11850908 3 -0.19944882 -0.63197398 0.74888539 3 0.051217929 0.75647235 0.6520173
3 0.045644283 -0.98388451 -0.17288095 3 0.93826729 -0.017177947 0.34548432 3 -0.34288642 -0.17797796 0.92236263
3 0.20274976 -0.97055787 -0.13003869 3 0.87078995 0.11795848 0.47729576 3 -0.44790396 -0.21000795 0.86906797
3 -0.18866378 -0.90809453 -0.37385875 3 0.85780865 -0.3377229 0.38743746 3 -0.47809044 -0.24760383 0.84268737
3 0.54953289 -0.82872391 0.10597527 3 0.69445688 0.52360982 0.49352127 3 -0.46448237 -0.19761081 0.86325341
3 -0.8927511 -0.0026457012 -0.45054257 3 0.094379798 -0.97889507 -0.18126546 3 -0.44055426 -0.20434703 0.87415922
3 0.091808513 -0.97542435 -0.2002959 3 0.88344294 -0.013022572 0.46835768 3 -0.45945588 -0.21994929 0.86053628
3 0.84614962 0.23888445 0.47640845 3 -0.30123362 0.95179927 0.057762764 3 -0.4396466 -0.19238618 0.87732464
3 -0.89979047 0.1328149 -0.41561669 3 -0.040602453 -0.9738996 -0.22331798 3 -0.4344289 -0.18406436 0.88169831
3 -0.89802349 0.044161618 -0.43772542 3 0.0383352 -0.98331028 -0.17785232 3 -0.4382742 -0.17649585 0.88134283
3 -0.43782347 -0.81688976 -0.37550202 3 0.78535652 -0.55080181 0.28254676 3 -0.43763673 -0.17119734 0.8827036
3 -0.893372 -0.074112505 -0.44316345 3 0.14466324 -0.98122805 -0.12753044 3 -0.42539281 -0.17804158 0.88732302
3 -0.18948342 -0.94716066 -0.25881007 3 0.88179511 -0.28009218 0.37945485 3 -0.43189543 -0.15631714 0.88827449
3 0.77724326 0.43579218 0.45384809 3 -0.45429635 0.88773763 -0.074408919 3 -0.43532494 -0.14834774 0.88796687
3 0.25055823 -0.96804869 -0.010116439 3 0.86792022 0.2199883 0.4453311 3 -0.4288767 -0.12036155 0.89530891
3 0.90401709 -0.055170644 0.42392123 3 -0.0060615577 0.9898833 0.14175335 3 -0.42745307 -0.1307171 0.89453721
3 0.86451286 0.24627988 0.43813673 3 -0.27893966 0.9602499 0.010628402 3 -0.4181031 -0.13140208 0.89884561
3 -0.019980164 -0.99378783 -0.10948314 3 0.9007839 -0.06540674 0.42931375 3 -0.4338077 -0.090042919 0.89649487
3 0.85666114 -0.35571855 0.37362561 3 0.28650951 0.93034685 0.22883886 3 -0.42900348 -0.088990122 0.89890873
3 0.89128393 0.14919564 0.42819798 3 -0.17291877 0.98479283 0.016798109 3 -0.41918015 -0.089015365 0.90352881
3 -0.19901602 -0.96302098 -0.181613 3 0.87824243 -0.25749147 0.40297431 3 -0.43483648 -0.079301879 0.89701074
3 0.84288126 0.32008579 0.43254635 3 -0.32276145 0.94392109 -0.069555953 3 -0.4305535 -0.08098188 0.89892465
3 0.90507185 -0.0059527522 0.425217 3 -0.032793056 0.99594766 0.083742425 3 -0.42399225 -0.08973708 0.901209
3 -0.60586107 0.7647742 -0.21920943 3 -0.67128396 -0.63930202 -0.37506089 3 -0.42697796 -0.080082998 0.90070885
3 -0.41681135 0.90056819 -0.1234718 3 -0.79745674 -0.42747122 -0.42582974 3 -0.43626937 -0.079027198 0.896339
3 0.83992785 0.31379196 0.44278187 3 -0.31826952 0.94566905 -0.066443309 3 -0.43957445 -0.085116372 0.8941642
3 -0.54945976 0.81846559 -0.16795272 3 -0.72191161 -0.56625789 -0.3977381 3 -0.42063949 -0.097294047 0.90199566
3 -0.65636241 0.71315753 -0.24615973 3 -0.61304528 -0.69432986 -0.37693685 3 -0.43973145 -0.096500143 0.89292997
3 0.85080951 0.26511216 0.45369464 3 -0.28123346 0.9590708 -0.033029325 3 -0.44388157 -0.099492401 0.89054495
3 -0.2467472 0.96855068 0.032021999 3 -0.87374508 -0.20805942 -0.43963718 3 -0.41914839 -0.13645832 0.89760447
3 -0.69983226 0.67375189 -0.23726189 3 -0.57078719 -0.72717208 -0.38134336 3 -0.42946097 -0.13145037 0.89346743
3 0.84529966 0.2768108 0.45699498 3 -0.30016211 0.95362473 -0.022421874 3 -0.4420082 -0.11821934 0.88918662
3 -0.04563956 0.98200673 0.1832478 3 -0.92207932 0.029156901 -0.3859013 3 -0.38430062 -0.18658146 0.9041574
3 0.18338907 0.94690084 0.26409712 3 -0.895684 0.27166301 -0.35206476 3 -0.40511584 -0.1719828 0.89794391
3 0.58805519 0.70295238 0.40006128 3 -0.69203365 0.69331574 -0.20100421 3 -0.4186652 -0.1586543 0.89417464
3 0.60550272 0.68615508 0.40318438 3 -0.66891831 0.71326649 -0.20928282 3 -0.43117839 -0.14297614 0.89086646
3 -0.029432407 0.97693276 0.21150903 3 -0.92977524 0.05092293 -0.36458871 3 -0.36694932 -0.20738679 0.90682906
3 0.4837881 0.79044265 0.37569875 3 -0.78073227 0.58377177 -0.22286232 3 -0.39548215 -0.18550193 0.89954591
3 0.5242182 0.76504451 0.37403494 3 -0.74561375 0.62453401 -0.23241676 3 -0.4114067 -0.15704849 0.89781982
3 0.3006345 0.90811837 0.29144448 3 -0.85299116 0.39271349 -0.34377643 3 -0.42664388 -0.1452485 0.89268023
3 0.63299274 0.52993238 -0.5643509 3 -0.6243028 0.78049946 0.032661989 3 0.45778424 0.33165103 0.82488871
3 0.69983751 0.36359993 -0.61483556 3 -0.4926253 0.86898053 -0.046835914 3 0.51725054 0.33566102 0.78726357
3 0.93544418 -0.02048099 0.3528806 3 -0.060824148 0.9741022 0.21777385 3 -0.34820199 -0.22517896 0.90997249
3 0.29761186 0.9018392 0.31323028 3 -0.89321464 0.37886474 -0.24213429 3 -0.33703807 -0.20771977 0.91829067
3 0.60044044 0.71822202 0.35160819 3 -0.71109784 0.68068671 -0.17608318 3 -0.36580193 -0.14430045 0.919438
3 0.53818405 0.7679047 0.34739062 3 -0.7524609 0.62344843 -0.21240218 3 -0.37968478 -0.14708638 0.91334832
3 0.87085807 -0.073860243 -0.4859536 3 -0.17754476 0.874632 -0.45110646 3 0.45834941 0.47912821 0.74856681
3 -0.15713292 0.97006732 0.18514492 3 -0.92686498 -0.080139562 -0.366741 3 -0.34092602 -0.22923146 0.91171402
3 0.80096304 0.4478153 0.39739102 3 -0.4963266 0.86784679 0.022406653 3 -0.33484048 -0.21518265 0.91737586
3 0.27595782 0.92009586 0.27797663 3 -0.90749806 0.34470409 -0.24005476 3 -0.31669301 -0.18601815 0.9301089
3 0.44558403 0.84777778 0.28762427 3 -0.82863384 0.51217318 -0.22593026 3 -0.3388522 -0.13766448 0.93071342
3 0.76369357 -0.62483573 0.16233476 3 0.55847687 0.51328832 -0.65164328 3 0.32384545 0.5883159 0.74095118
3 0.92199659 -0.28164679 -0.26570183 3 0.051100045 0.76872391 -0.63753629 3 0.38381132 0.57422888 0.72315294
3 0.86844516 -0.47069106 -0.15573385 3 0.23812719 0.67151594 -0.70168519 3 0.43485469 0.5722906 0.69525903
3 -0.17511453 0.97713864 0.12056147 3 -0.9283222 -0.12308216 -0.3508116 3 -0.32795256 -0.17335212 0.92865288
3 -0.26619726 0.96195084 0.061558671 3 -0.91619378 -0.23265506 -0.32628298 3 -0.29954627 -0.14325534 0.94326562
3 0.43480122 0.86657631 0.24493563 3 -0.85303581 0.48350495 -0.19634919 3 -0.28857908 -0.12356589 0.94944912
3 -0.36539441 0.7569679 -0.54174399 3 -0.86735326 -0.065598592 0.4933511 3 0.3379133 0.65015113 0.68052793
3 0.13529061 -0.70943344 0.69166511 3 0.92457509 -0.16054906 -0.34552154 3 0.35617074 0.68624204 0.63420385
3 -0.085641213 -0.6545279 0.75117171 3 0.93809557 -0.30694592 -0.16050264 3 0.33562249 0.690925 0.64029694
3 0.93698573 -0.30438787 -0.17148131 3 0.056847513 0.61712503 -0.78480893 3 0.34471166 0.72560644 0.595541
3 0.93445671 -0.20807776 -0.28895408 3 -0.068933651 0.69042873 -0.72010881 3 0.3493408 0.69282901 0.63083208
3 -0.017391071 0.99603295 0.087270677 3 -0.92790693 0.016431866 -0.37245011 3 -0.37240651 -0.08745636 0.92393988
3 -0.32971179 0.9436096 -0.029848613 3 -0.88319814 -0.31946471 -0.34337053 3 -0.33354333 -0.086851053 0.93872565
3 -0.021074906 0.99718714 0.071925879 3 -0.95990282 -6.6922978e-05 -0.28033203 3 -0.27953878 -0.074949823 0.95720446
3 0.44681287 0.87994051 0.16144033 3 -0.85646546 0.4728741 -0.2070196 3 -0.25850594 -0.045769159 0.96492481
3 -0.69875705 -0.27347735 0.66102105 3 0.57641405 -0.76249051 0.29386285 3 0.42365742 0.58636051 0.69043171
3 0.28170878 0.58982897 -0.75679719 3 -0.88463628 0.46509919 0.033191428 3 0.37156302 0.66013992 0.65280658
3 0.072520286 0.99451232 0.075407565 3 -0.92932642 0.094826587 -0.35687649 3 -0.36206862 -0.044197444 0.93110323
3 -0.25561377 0.96367085 -0.07745906 3 -0.92118824 -0.26709053 -0.28297451 3 -0.29338291 -0.00097780849 0.95599449
3 -0.36969107 0.92176092 -0.11698432 3 -0.89439547 -0.38714433 -0.22400014 3 -0.25176439 0.0218194 0.96754259
3 0.28839552 0.95698982 0.031600654 3 -0.92747593 0.2873981 -0.23914616 3 -0.23794237 0.039659847 0.97046924
3 0.122994 0.98584765 -0.1139162 3 -0.97344822 0.097516604 -0.2070976 3 -0.19305797 0.13636321 0.97166556
3 0.24668911 0.61275393 -0.75078428 3 -0.86492813 0.48863554 0.11460681 3 0.43708569 0.62110221 0.65052921
3 -0.024980798 0.65114629 -0.75854111 3 -0.89404368 0.32494265 0.30838031 3 0.44728297 0.68587244 0.57403576
3 -0.7686519 0.54972357 -0.3270753 3 -0.56047374 -0.82522404 -0.069818318 3 -0.30829117 0.12965114 0.94241565
3 -0.7949475 0.53249174 -0.29070807 3 -0.55731791 -0.83029336 0.0031445324 3 -0.23969848 0.16451652 0.95680666
3 -0.83088076 0.48683321 -0.26950055 3 -0.51675427 -0.8547197 0.049184412 3 -0.20640284 0.18013194 0.96174335
3 0.43956196 0.88941705 -0.12539029 3 -0.88374645 0.40329453 -0.23737314 3 -0.1605545 0.21515334 0.96329194
3 0.53681427 0.83441007 -0.12486117 3 -0.83026069 0.49613601 -0.2540012 3 -0.14999308 0.24001868 0.95911074
3 0.2238349 0.93446803 -0.27688876 3 -0.96808875 0.18031988 -0.17403707 3 -0.11270354 0.3070085 0.94500995
3 0.06830132 0.61654228 -0.78435361 3 -0.92726356 0.32932594 0.17812125 3 0.36812726 0.71513659 0.5941906
3 0.40652096 0.48255864 -0.77580804 3 -0.82813162 0.55329686 -0.0897834 3 0.38592634 0.67896986 0.62454867
3 -0.67012537 0.60514557 -0.42980334 3 -0.66655272 -0.74538785 -0.01022388 3 -0.3265571 0.27963528 0.90286463
3 -0.61097479 0.69570261 -0.37776679 3 -0.7492668 -0.6622231 -0.0077487528 3 -0.2555567 0.27831379 0.92586845
3 -0.54656452 0.7682755 -0.33319655 3 -0.81802475 -0.57495677 0.016140953 3 -0.17917293 0.28138512 0.9427194
3 0.42616916 0.87207675 -0.24054535 3 -0.89413041 0.36563298 -0.25854072 3 -0.13751607 0.32526085 0.93557179
3 0.28889963 0.91097963 -0.29436892 3 -0.95329982 0.2454513 -0.17599288 3 -0.08807265 0.33146632 0.93934751
3 0.53255624 0.79684609 -0.28534237 3 -0.8436408 0.47257569 -0.25483796 3 -0.068220794 0.37644193 0.92392492
3 0.45014942 0.82653475 -0.33794364 3 -0.88891596 0.37883556 -0.2575112 3 -0.084816873 0.41632199 0.90525246
3 0.38487163 0.83288682 -0.39771026 3 -0.91953838 0.30889228 -0.24297065 3 -0.079517402 0.45922232 0.88475519
3 0.76471025 0.54650658 -0.34139228 3 -0.64436734 0.65100145 -0.40123263 3 0.0029706038 0.5268088 0.84997863
3 0.72228521 0.53176463 -0.44218823 3 -0.68637234 0.62959749 -0.36400548 3 0.084835351 0.56642157 0.81973749
3 0.59047902 0.46455237 -0.65994376 3 -0.76394284 0.58541512 -0.27144167 3 0.26024213 0.6644398 0.70056677
3 -0.54554009 0.69812095 -0.46369523 3 -0.80177146 -0.59584159 0.046213493 3 -0.24402626 0.39698887 0.88478881
3 -0.95966697 0.15284018 -0.23596433 3 -0.23422049 -0.89887905 0.37034765 3 -0.15549938 0.41067809 0.89842284
3 -0.92019039 0.29878491 -0.2529369 3 -0.37598377 -0.85447729 0.35847569 3 -0.10902171 0.42496613 0.89862019
3 0.48040509 0.79147184 -0.37786672 3 -0.87556088 0.40772822 -0.25913507 3 -0.051031087 0.45533529 0.88885647
3 0.50580245 0.74785596 -0.42997131 3 -0.86261308 0.44304526 -0.24415059 3 0.0079071745 0.4943907 0.86920381
3 -0.25509498 0.82465017 -0.50485516 3 -0.9668259 -0.22467415 0.12152961 3 -0.013208495 0.51910859 0.85460633
3 -0.18221441 0.77236676 -0.60847962 3 -0.98312545 -0.13292179 0.12568255 3 0.016192837 0.621113 0.78355378
3 0.73137045 0.45169374 -0.51095033 3 -0.67745781 0.56733668 -0.46816716 3 0.078412719 0.68855077 0.72093654
3 -0.21958098 0.83162856 -0.51007652 3 -0.96904862 -0.24638489 0.015456386 3 -0.11282119 0.49768296 0.85999
3 0.010129988 0.84657526 -0.53217262 3 -0.99966824 -0.0040288605 -0.025437914 3 -0.023679158 0.5322538 0.84625363
3 0.34772623 0.76885766 -0.5366044 3 -0.9375897 0.28303805 -0.20202695 3 -0.0034504544 0.57336497 0.81929278
3 0.11910662 0.79007685 -0.60132539 3 -0.99133945 0.12837233 -0.027690642 3 0.0553158 0.59941566 0.79852426
3 -0.56596571 -0.78578502 -0.24944909 3 0.79445684 -0.60066855 0.089641429 3 -0.22027507 -0.14744253 0.96422994
3 -0.30168328 -0.92313051 -0.23836359 3 0.91016984 -0.35329267 0.21627556 3 -0.28386268 -0.15170464 0.94678807
3 -0.13279144 -0.96533382 -0.22471607 3 0.91810513 -0.20522463 0.33906689 3 -0.37342992 -0.16128777 0.91352975
3 -0.66488224 -0.67095667 -0.32825083 3 0.68054205 -0.72528368 0.10404726 3 -0.30788621 -0.15420935 0.93884259
