ply
format ascii 1.0
comment PCL generated
element vertex 7811
property list uint float x_axis
property list uint float y_axis
property list uint float z_axis
element camera 1
property float view_px
property float view_py
property float view_pz
property float x_axisx
property float x_axisy
property float x_axisz
property float y_axisx
property float y_axisy
property float y_axisz
property float z_axisx
property float z_axisy
property float z_axisz
property float focal
property float scalex
property float scaley
property float centerx
property float centery
property int viewportx
property int viewporty
property float k1
property float k2
end_header
3 0.7062934 -0.65165001 -0.27658996 3 -0.69483721 -0.71290392 -0.094707258 3 -0.13546605 0.25907606 -0.95630991
3 0.59261906 -0.73828411 -0.32208583 3 -0.79670507 -0.59613168 -0.099439487 3 -0.11859097 0.31553712 -0.94147366
3 0.73775721 -0.61679918 -0.27436012 3 -0.66917121 -0.72178674 -0.17673278 3 -0.089020833 0.31397966 -0.94524723
3 0.93606603 -0.3092092 -0.16783878 3 -0.34635723 -0.89367199 -0.28528351 3 -0.061780516 0.32517645 -0.94363302
3 0.80546761 -0.55334967 -0.2121937 3 -0.591865 -0.76938814 -0.24028699 3 -0.030296562 0.31913337 -0.94722545
3 0.77295744 -0.61116177 -0.17034635 3 -0.6341396 -0.73570234 -0.23792548 3 0.020086762 0.29192969 -0.95622867
3 0.58238941 -0.78958619 -0.19332924 3 -0.8122561 -0.5556885 -0.17734198 3 0.032595936 0.26031497 -0.96497339
3 0.50511509 -0.8441624 -0.1795783 3 -0.86169845 -0.48163685 -0.15969169 3 0.048314188 0.2354051 -0.97069567
3 0.59214103 -0.7941317 -0.13683605 3 -0.80339384 -0.56856823 -0.17688651 3 0.062670536 0.21467496 -0.97467285
3 0.27488384 -0.94790596 -0.16097605 3 -0.96002746 -0.26140323 -0.10007925 3 0.052786049 0.1820516 -0.98187119
3 -0.90282619 -0.42784032 -0.043099478 3 -0.42962006 0.90171808 0.048280846 3 0.018207088 0.062105611 -0.99790347
3 -0.74655402 -0.6653192 -0.0027478442 3 -0.66519576 0.7464841 -0.016624132 3 0.013111577 -0.010582956 -0.99985814
3 0.84280097 -0.49710813 -0.20632517 3 -0.52521968 -0.84336871 -0.11346285 3 -0.1176049 0.20399265 -0.97188288
3 0.6439625 -0.73235434 -0.22129023 3 -0.75950015 -0.64675736 -0.069745585 3 -0.092042603 0.21298349 -0.97271079
3 0.09454447 -0.96516836 -0.24394962 3 -0.99413049 -0.10447968 0.028083412 3 -0.052593 0.23986265 -0.96938121
3 -0.66267616 -0.73493284 -0.14399271 3 -0.74833733 0.64232737 0.16554888 3 -0.029176872 0.21746042 -0.97563285
3 -0.18988925 -0.95749509 -0.21712974 3 -0.98175842 0.18300979 0.0515562 3 -0.0096279383 0.22295888 -0.97478032
3 -0.0079380572 -0.98211181 -0.18813121 3 -0.9964121 -0.0080843661 0.084246136 3 -0.084260046 0.18812498 -0.97852397
3 -0.36495399 -0.91881561 -0.15028784 3 -0.92894077 0.34856504 0.12478492 3 -0.062269248 0.18514924 -0.98073554
3 -0.88456345 -0.46448195 -0.042472854 3 -0.46476921 0.87011683 0.16397025 3 -0.039204888 0.16478217 -0.98555052
3 -0.72978854 -0.67587656 -0.10295399 3 -0.6835286 0.72440809 0.089563243 3 0.014047007 0.13573423 -0.99064571
3 -0.52081966 -0.85088575 -0.068849884 3 -0.85056126 0.51036155 0.12679292 3 -0.072747961 0.12459729 -0.98953682
3 0.99102104 0.0027930646 -0.13367689 3 -0.0011094497 -0.99957561 -0.029110247 3 -0.13370208 0.028997174 -0.99059731
3 0.052338094 0.99861604 -0.0051756641 3 0.99438018 -0.052592296 -0.091882087 3 -0.092027076 -0.00033674826 -0.99575651
3 -0.40591377 0.91364503 0.022061162 3 0.91220051 0.4065122 -0.051361896 3 -0.055893976 -0.00072588108 -0.99843651
3 -0.47851986 0.87806046 0.0053405156 3 0.87779683 0.47851205 -0.022336207 3 -0.02216645 -0.0060033528 -0.99973631
3 0.97014993 0.032025579 -0.24038193 3 0.0051818695 -0.99375296 -0.11148228 3 -0.24245054 0.1069089 -0.96425533
3 0.98540199 -0.066950299 -0.15652634 3 -0.078141414 -0.99472409 -0.066465646 3 -0.1512531 0.077726744 -0.98543441
3 0.93165076 -0.22142373 -0.28809419 3 -0.26792857 -0.954207 -0.13305295 3 -0.2454406 0.20114762 -0.94831353
3 0.93962455 -0.23419482 -0.24951637 3 -0.27510646 -0.95060509 -0.14375806 3 -0.20352449 0.20372225 -0.95764041
3 0.80260092 -0.48433641 -0.34820974 3 -0.53564358 -0.84206295 -0.063370675 3 -0.26252198 0.23737779 -0.9352721
3 0.66328478 -0.66406476 -0.3450672 3 -0.70719671 -0.70701569 0.0012500882 3 -0.2447992 0.24320237 -0.93857652
3 0.89491105 -0.3445085 -0.28363368 3 -0.39676711 -0.905177 -0.15241522 3 -0.20422733 0.24893342 -0.94674355
3 0.86500925 -0.42002714 -0.27447447 3 -0.47099 -0.86831623 -0.15554927 3 -0.17299265 0.26382479 -0.9489311
3 0.85601598 -0.46822748 -0.21908826 3 -0.50476009 -0.84854591 -0.15870403 3 -0.11159488 0.2464391 -0.96271193
3 0.84278476 -0.50257826 -0.1926889 3 -0.53268999 -0.83012515 -0.16472208 3 -0.077169463 0.24146828 -0.96733534
3 -0.0054684281 -0.9839704 -0.17824793 3 -0.99573582 -0.011057178 0.09158618 3 -0.092089005 0.17798868 -0.9797141
3 -0.40911084 -0.90223086 -0.1364091 3 -0.90874672 0.38933986 0.15031044 3 -0.082505248 0.18545502 -0.97918284
3 -0.30155614 -0.93882716 -0.16633578 3 -0.95009094 0.28125793 0.13498707 3 -0.079946265 0.19874027 -0.97678608
3 -0.56434214 -0.81521481 -0.13016398 3 -0.82071042 0.53699058 0.19512916 3 -0.089175344 0.21694659 -0.97210181
3 -0.41045797 -0.89476109 -0.1758599 3 -0.90594745 0.37817055 0.19038481 3 -0.10384391 0.23746482 -0.96582973
3 0.45500538 -0.82842416 -0.32662457 3 -0.87619346 -0.48195612 0.0018104762 3 -0.15891854 0.28536254 -0.9451524
3 0.62093467 -0.72536922 -0.29711935 3 -0.77169842 -0.63220006 -0.069318347 3 -0.13755743 0.27232862 -0.95232099
3 0.55320913 -0.80757064 -0.20442438 3 -0.83294976 -0.53257352 -0.15020062 3 0.012426618 0.25336757 -0.96729028
3 -0.66642535 -0.73720217 -0.11140031 3 -0.74492377 0.664599 0.05827865 3 0.031073401 0.12182314 -0.99206525
3 0.99971539 -0.012874812 0.020087259 3 -0.012708815 -0.99988425 -0.0083696758 3 0.020192688 0.0081120078 -0.99976319
3 0.6211316 -0.73062456 -0.28351921 3 -0.76803148 -0.63947189 -0.034688003 3 -0.15595871 0.23929754 -0.95833898
3 0.75416243 -0.6060161 -0.25295067 3 -0.64137596 -0.76243716 -0.0855994 3 -0.14098431 0.22679222 -0.96368515
3 0.76285088 -0.60421091 -0.23019136 3 -0.63428575 -0.76840132 -0.085098661 3 -0.12546177 0.21092463 -0.96941763
3 -0.11596742 -0.97471416 -0.19100809 3 -0.99324852 0.1143982 0.019260583 3 0.0030774183 0.19195208 -0.9813996
3 -0.35398579 -0.91952008 -0.17081296 3 -0.93517572 0.35032108 0.052171804 3 0.011866363 0.17820819 -0.98392135
3 -0.30896193 -0.93501616 -0.17403322 3 -0.95069307 0.30880591 0.028669383 3 0.026936149 0.17430988 -0.98432237
3 0.0074066222 -0.98672068 -0.16225711 3 -0.99905252 -0.00034324033 -0.043516874 3 0.04288331 0.1624257 -0.9857884
3 -0.39740875 -0.90576208 -0.14717804 3 -0.91679138 0.39880365 0.021196634 3 0.039496038 0.1433553 -0.9888829
3 -0.64735705 -0.7548914 -0.1052039 3 -0.76174724 0.64547831 0.055667501 3 0.025883928 0.11617554 -0.99289137
3 -0.84538096 -0.50473404 -0.17485565 3 -0.51727402 0.85521185 0.032249823 3 0.13326105 0.11771168 -0.98406571
3 -0.44434616 -0.87721854 -0.18178073 3 -0.88364625 0.46255836 -0.072174594 3 0.14739707 0.12855935 -0.98068678
3 -0.48847413 -0.84637845 -0.21221839 3 -0.85910726 0.50906318 -0.052815393 3 0.15273437 0.15651941 -0.97579396
3 0.71738005 -0.64876795 -0.25390166 3 -0.67874378 -0.73301011 -0.044756576 3 -0.15707585 0.20444164 -0.96619397
3 0.8383013 -0.49411562 -0.23043585 3 -0.52481121 -0.84584576 -0.095490083 3 -0.14773004 0.20098478 -0.968391
3 0.76299882 -0.60956597 -0.21508618 3 -0.63441312 -0.76996094 -0.068412028 3 -0.12390632 0.1886518 -0.97419596
3 0.75493002 -0.65517151 0.028821975 3 -0.64102721 -0.74648273 -0.17845795 3 0.13843569 0.11624764 -0.98352522
3 0.78373122 -0.61950004 0.044554099 3 -0.60185093 -0.77520573 -0.19191551 3 0.15343027 0.12359524 -0.98039961
3 0.59871298 -0.80094969 -0.0047277361 3 -0.78295255 -0.58399498 -0.21432489 3 0.16890249 0.13202068 -0.97675097
3 0.86589259 -0.45731133 -0.20272261 3 -0.47694105 -0.87696117 -0.058875769 3 -0.15085529 0.14766681 -0.97746468
3 0.83351725 -0.51670265 -0.19562052 3 -0.53443825 -0.84382373 -0.048346236 3 -0.1400886 0.1448445 -0.9794873
3 0.65575504 -0.72910625 -0.1959319 3 -0.74580151 -0.66592395 -0.018035814 3 -0.11732573 0.1579534 -0.98045164
3 -0.13462284 -0.97934282 -0.1508783 3 -0.98723388 0.1194811 0.10532509 3 -0.085122272 0.16313134 -0.98292536
3 -0.7331326 -0.67762065 -0.057851057 3 -0.67659742 0.71812427 0.16282853 3 -0.068791747 0.15851679 -0.9849568
3 -0.84827501 -0.5281893 -0.038022883 3 -0.5273084 0.83588588 0.15244891 3 -0.048739079 0.14936836 -0.98757964
3 -0.84847677 -0.5271185 -0.047256373 3 -0.5281933 0.83783495 0.13800119 3 -0.033149924 0.14205132 -0.98930401
3 -0.76678503 -0.63774395 -0.072962277 3 -0.64159018 0.75788891 0.11817957 3 -0.020070994 0.13743019 -0.99030799
3 0.7513361 -0.63255745 -0.18805614 3 -0.64329779 -0.76559925 0.0050657988 3 -0.14718008 0.11717001 -0.98214519
3 0.78152132 -0.59806776 -0.17759414 3 -0.60945523 -0.79272395 -0.012385674 3 -0.13337561 0.1179153 -0.9840259
3 0.39693302 -0.90412021 -0.15814799 3 -0.91056764 -0.40955335 0.055967201 3 -0.11537112 0.12178922 -0.98582792
3 -0.24166369 -0.96480954 -0.10363964 3 -0.96605277 0.22916265 0.11927448 3 -0.091326825 0.12894566 -0.98743725
3 -0.78289312 -0.62138569 -0.030953739 3 -0.61939681 0.77377498 0.13273926 3 -0.058531042 0.12309331 -0.99066746
3 -0.86089367 -0.50830925 -0.022000799 3 -0.50689059 0.85315734 0.1232268 3 -0.043867171 0.11723714 -0.99213469
3 0.59543681 -0.78982735 -0.14706369 3 -0.79243714 -0.6075263 0.054361936 3 -0.1322816 0.084169619 -0.9876321
3 0.06516397 -0.99240124 -0.10437164 3 -0.99178612 -0.075947687 0.10291932 3 -0.11006404 0.096807703 -0.9891988
3 -0.39912099 -0.91450357 -0.06622415 3 -0.91294879 0.38966739 0.12117633 3 -0.085010789 0.10882329 -0.99041939
3 -0.51138663 -0.85734761 -0.058642153 3 -0.8564164 0.50281787 0.11715449 3 -0.070955798 0.11013333 -0.99138075
3 -0.57474989 -0.81673509 -0.05105127 3 -0.81604224 0.56736678 0.11031689 3 -0.061134871 0.10506465 -0.99258447
3 -0.69164282 -0.72200692 -0.018330775 3 -0.72218913 0.69167167 0.0057382844 3 0.0085357968 0.017207131 -0.99981546
3 -0.62893915 -0.77703613 -0.025501849 3 -0.77732074 0.62910104 0.0020859633 3 0.014422369 0.021135058 -0.99967259
3 -0.82349384 -0.5666275 -0.028129695 3 -0.56699276 0.82369632 0.0066134017 3 0.019422991 0.021395426 -0.99958247
3 -0.051421493 -0.99525261 -0.082632475 3 -0.9969759 0.055985395 -0.053896718 3 0.058267057 0.079611138 -0.99512166
3 -0.3674379 -0.92386979 -0.10702354 3 -0.92738312 0.3726562 -0.032984391 3 0.070356272 0.087132119 -0.99370921
3 0.99467021 0.10310415 0.00084722531 3 0.10310464 -0.99467039 -0.00056118885 3 0.00078821136 0.00064589921 -0.99999952
3 -0.99156994 0.09285181 -0.090374999 3 0.082521081 0.99027425 0.11201476 3 0.099898718 0.10361244 -0.98958814
3 0.62500179 0.76813161 0.13909172 3 0.77559811 -0.63122672 0.0008264333 3 0.088431649 0.10736082 -0.99027967
3 0.68096542 0.72106588 0.12786712 3 0.72897947 -0.68409777 -0.02448038 3 0.069822095 0.10988328 -0.99148911
3 0.68172079 0.72266561 0.11406694 3 0.7293331 -0.68358374 -0.028045833 3 0.057708375 0.10231416 -0.9930768
3 -0.26192603 -0.96478266 0.024271699 3 -0.96367198 0.2628209 0.047556348 3 -0.052260242 -0.0109322 -0.99857372
3 -0.34052968 -0.9398725 0.026062675 3 -0.93885481 0.34140036 0.044694953 3 -0.050904438 -0.009246558 -0.9986608
3 -0.41269431 -0.91040933 0.02895377 3 -0.90979326 0.41354322 0.035473794 3 -0.044270124 -0.011703917 -0.99895108
3 -0.41337809 -0.91035843 0.019130601 3 -0.91018134 0.41372064 0.020127214 3 -0.026238753 -0.0090944702 -0.99961436
3 0.99991262 -0.008878503 -0.0097937388 3 -0.0088271257 -0.99994719 0.0052767987 3 -0.0098363999 -0.0051899198 -0.99993825
3 0.36013058 0.93150526 -0.051028728 3 0.93113607 -0.36227474 -0.041746024 3 -0.057372898 -0.032480251 -0.99782437
3 0.3611604 0.93132716 -0.046827827 3 0.93110293 -0.36291423 -0.036609903 3 -0.051090792 -0.030380791 -0.99823171
3 0.28621864 0.95747173 -0.03642403 3 0.95720202 -0.28742793 -0.033908051 3 -0.042934529 -0.0251575 -0.99876124
3 0.48350802 0.87338465 -0.058474239 3 0.87385255 -0.4855009 -0.025897058 3 -0.051006809 -0.038575381 -0.99795306
3 0.41283137 0.90988863 -0.040901508 3 0.9104619 -0.4134956 -0.0089903893 3 -0.025091786 -0.033525411 -0.99912298
3 0.31706491 0.94816011 -0.021501934 3 0.9483726 -0.31715688 -0.00092183752 3 -0.0076926295 -0.020096853 -0.99976838
3 0.39792967 0.91628343 -0.045570716 3 0.91632867 -0.39938509 -0.028868914 3 -0.044653565 -0.030272705 -0.9985438
3 0.32755068 0.94427252 -0.032557491 3 0.94459569 -0.3280471 -0.011146676 3 -0.021206321 -0.027103806 -0.99940771
3 0.25022218 0.96805584 -0.01602654 3 0.9681865 -0.25015387 0.0061668279 3 0.0019607553 -0.017059667 -0.99985254
3 0.20357081 0.97905898 -0.0015510736 3 0.978688 -0.20344949 0.027891627 3 0.026992241 -0.007194702 -0.99960971
3 0.38018611 0.92465001 -0.02192637 3 0.92477155 -0.3804327 -0.0082922205 3 -0.016007973 -0.017122013 -0.9997254
3 0.3052578 0.95221549 -0.010166728 3 0.95217472 -0.30505908 0.017386638 3 0.013454764 -0.014986685 -0.99979717
3 0.22328056 0.9747538 0.0010073057 3 0.9738853 -0.22312501 0.041987907 3 0.041152652 -0.0083939396 -0.99911767
3 -0.865951 0.49720547 -0.053997166 3 0.49578056 0.86761034 0.038130216 3 0.065807149 0.0062480895 -0.99781275
3 -0.97999859 0.18324852 -0.077606075 3 0.18057364 0.98273772 0.040245857 3 0.083639011 0.025427721 -0.99617165
3 -0.29669982 0.95482844 -0.016488815 3 0.95199537 0.29436934 -0.083974496 3 -0.075327411 -0.040612582 -0.99633157
3 -0.47216201 0.88150686 -0.0029370203 3 0.87877429 0.47043076 -0.080316678 3 -0.069417551 -0.040504385 -0.99676514
3 -0.58656013 0.80990404 0.0016402932 3 0.80874711 0.58582813 -0.052282088 3 -0.0433046 -0.029339731 -0.99863094
3 -0.19700824 0.9799946 -0.028252086 3 0.97686684 0.19377153 -0.090463027 3 -0.083179474 -0.045417391 -0.99549907
3 -0.31593728 0.94852269 -0.022099053 3 0.94623893 0.31330201 -0.080459937 3 -0.069394745 -0.046330225 -0.99651289
3 -0.27893731 0.96007895 -0.021033073 3 0.95860463 0.27707091 -0.065641552 3 -0.057194214 -0.038469531 -0.9976216
3 -0.62680179 0.77910858 0.010456027 3 0.7773307 0.62618256 -0.060436144 3 -0.053635534 -0.029751418 -0.99811733
3 -0.90632802 0.41591811 -0.074710414 3 0.41332403 0.90931338 0.048089132 3 0.087935381 0.012705349 -0.99604523
3 -0.95557737 0.27515951 -0.10563632 3 0.27087232 0.96114004 0.053271022 3 0.11619134 0.022290051 -0.99297667
3 -0.97581702 0.17666508 -0.12872632 3 0.17109884 0.98381776 0.053175479 3 0.13603944 0.02986427 -0.99025321
3 0.51847547 0.85508609 0.0033026016 3 0.85054213 -0.5153147 -0.10501879 3 -0.088098288 0.057258572 -0.99446481
3 0.45319259 0.8914113 -0.0015345016 3 0.88658088 -0.45091444 -0.10320178 3 -0.092687689 0.045408793 -0.9946593
3 0.37964931 0.92509574 -0.0080183251 3 0.9201237 -0.37848094 -0.10061916 3 -0.096117005 0.03082246 -0.99489254
3 -0.067144878 0.99706483 -0.036786661 3 0.99411815 0.063715346 -0.087575436 3 -0.084974624 -0.042448886 -0.99547845
3 -0.067825437 0.99683261 -0.041527133 3 0.99428505 0.064095385 -0.085376509 3 -0.082444452 -0.047079578 -0.99548304
3 -0.34250477 0.93943959 -0.011992568 3 0.93713522 0.34070078 -0.075504288 3 -0.066844717 -0.037102312 -0.99707347
3 -0.41995937 0.90748376 -0.010361208 3 0.90630174 0.41876081 -0.057067253 3 -0.047448784 -0.033356205 -0.99831665
3 -0.4882147 0.8727147 -0.0039363848 3 0.87172925 0.48743826 -0.049920619 3 -0.041648749 -0.027801584 -0.99874544
3 -0.77278852 0.63106179 -0.067519218 3 0.62694174 0.77559876 0.073421285 3 0.09870331 0.01440678 -0.9950127
3 -0.97376758 0.19036461 -0.1246511 3 0.18533644 0.98135746 0.050870836 3 0.1320141 0.026433434 -0.99089533
3 -0.98525953 0.0930783 -0.14352691 3 0.086517118 0.99492806 0.051310178 3 0.14757459 0.038136333 -0.98831534
3 0.52345002 0.85128683 0.036205873 3 0.84984779 -0.51856405 -0.094076984 3 -0.061312776 0.080011889 -0.9949066
3 0.61434013 0.78902298 0.0053729694 3 0.78542167 -0.61085624 -0.099837109 3 -0.075490579 0.065555386 -0.99498934
3 0.55783224 0.82995349 0.00059309561 3 0.8248288 -0.55430824 -0.11135414 3 -0.092090555 0.062605307 -0.99378055
3 0.31838608 0.94781667 0.01654969 3 0.94141579 -0.31409153 -0.1228116 3 -0.11120536 0.054679841 -0.99229199
3 0.23997252 0.97067499 0.014258002 3 0.96383125 -0.23647508 -0.12291814 3 -0.11594204 0.043238729 -0.9923144
3 -0.0044680149 0.99887526 -0.047203191 3 0.99554944 -2.7613714e-07 -0.094239511 3 -0.094133548 -0.047411952 -0.99442995
3 -0.1280078 0.99081039 -0.043688852 3 0.98788404 0.12348468 -0.094004661 3 -0.087746069 -0.055191543 -0.99461287
3 -0.32959366 0.9439097 -0.020060727 3 0.94225365 0.3275305 -0.069868863 3 -0.059380289 -0.04192809 -0.99735445
3 -0.40480912 0.91416395 -0.020830492 3 0.91355622 0.40335092 -0.052184336 3 -0.039303582 -0.040153284 -0.99842024
3 -0.3696368 0.92895579 -0.020242359 3 0.92861605 0.36856979 -0.042762727 3 -0.032262988 -0.034606501 -0.99888015
3 -0.58844674 0.80849534 -0.0081021199 3 0.80819529 0.58787841 -0.034916691 3 -0.023465568 -0.027096573 -0.99935734
3 -0.56096584 0.82777023 -0.010666576 3 0.82781392 0.56080204 -0.015011662 3 -0.0064440616 -0.017251424 -0.99983048
3 -0.12720516 0.99118608 -0.036999598 3 0.98840076 0.12355112 -0.088312544 3 -0.082963161 -0.047801629 -0.99540555
3 -0.12654202 0.99096298 -0.04449074 3 0.9905206 0.12381467 -0.059489101 3 -0.053443275 -0.0515939 -0.99723721
3 -0.34287459 0.93891978 -0.029439662 3 0.93878835 0.3413766 -0.046245389 3 -0.033371463 -0.043491885 -0.99849635
3 -0.4144955 0.90970612 -0.025066618 3 0.90977478 0.41353324 -0.03605713 3 -0.022435792 -0.037749868 -0.9990353
3 -0.56905127 0.82207149 -0.019472314 3 0.82217419 0.56838566 -0.031101212 3 -0.014500749 -0.033706207 -0.99932653
3 -0.54145157 0.84046149 -0.021320831 3 0.84072781 0.54135323 -0.01064041 3 0.0025989965 -0.023685897 -0.99971598
3 0.95203483 0.27070433 -0.14264941 3 0.26610518 -0.96260673 -0.050756782 3 -0.15105815 0.010361687 -0.98847055
3 0.28124577 0.95833999 -0.049853116 3 0.95097899 -0.28529447 -0.11935659 3 -0.12860669 -0.013839629 -0.99159908
3 -0.14284995 0.98962873 -0.015129253 3 0.98538005 0.14076951 -0.095969126 3 -0.092843793 -0.028619101 -0.9952693
3 -0.27544153 0.96123105 -0.012916228 3 0.95980126 0.27422777 -0.059836969 3 -0.053974912 -0.02887949 -0.99812448
3 -0.35651052 0.93416011 -0.015656602 3 0.93380636 0.35573557 -0.038182054 3 -0.030097749 -0.028234618 -0.99914807
3 -0.43031877 0.90250272 -0.017740496 3 0.90249944 0.42976111 -0.028290793 3 -0.017909454 -0.028182508 -0.9994424
3 -0.49635199 0.86797953 -0.015692778 3 0.86806738 0.49603859 -0.020112194 3 -0.0096733188 -0.023604119 -0.99967444
3 -0.61922306 0.78470737 -0.028235445 3 0.7848587 0.61962515 0.0078557478 3 0.023658896 -0.017295161 -0.99957055
3 0.96724677 0.19673094 -0.1604079 3 0.18807323 -0.97982383 -0.067630291 3 -0.17047939 0.035246149 -0.98473066
3 0.98370922 0.11332111 -0.13955073 3 0.11102515 -0.9935239 -0.024154492 3 -0.14138739 0.008266991 -0.98991978
3 0.27384269 0.96108794 -0.03633301 3 0.95551902 -0.27616903 -0.10350936 3 -0.10951621 -0.00637354 -0.99396467
3 -0.48572719 0.87409443 -0.0053000278 3 0.87398881 0.48554942 -0.019636763 3 -0.014589682 -0.014172572 -0.99979323
3 -0.55471045 0.83201897 -0.00638603 3 0.83204347 0.55469584 -0.0040309383 3 0.00018761214 -0.007548145 -0.99997151
3 -0.63944417 0.76856172 -0.02058807 3 0.7676608 0.63971752 0.038186625 3 0.042518344 0.0086147562 -0.99905854
3 -0.57509983 0.81798625 0.012601671 3 0.81803048 0.57516962 -0.0025119507 3 -0.009304136 0.0088657737 -0.99991751
3 -0.79709572 0.60385031 0.0018266655 3 0.60377049 0.79693305 0.018948689 3 0.0099885566 0.016205201 -0.9998188
3 -0.84194386 0.53871381 -0.030298783 3 0.53682917 0.84200066 0.053380251 3 0.0542707 0.028676348 -0.99811447
3 0.91756159 -0.38355124 -0.10473461 3 -0.38702738 -0.9219566 -0.0143589 3 -0.091052122 0.053709805 -0.99439675
3 0.089738078 0.99533141 0.035529435 3 0.99396634 -0.087241873 -0.066481717 3 -0.063071437 0.041283876 -0.99715483
3 -8.6208114e-05 0.99932086 0.036846787 3 0.999385 0.001378051 -0.035035893 3 -0.035062879 0.036822613 -0.99870646
3 -0.67674237 0.73557848 0.030725924 3 0.73619145 0.67649353 0.019458164 3 -0.0064752279 0.035790876 -0.99933827
3 -0.67246568 0.73994076 0.016657976 3 0.7399708 0.6716882 0.035750214 3 0.015262531 0.036368914 -0.99922186
3 -0.86992407 0.49261898 -0.023635143 3 0.49076322 0.86940056 0.057393767 3 0.048821956 0.038328804 -0.99807179
3 0.88518655 -0.4460907 -0.13209035 3 -0.45509785 -0.88921279 -0.046762791 3 -0.096596904 0.10150829 -0.990134
3 0.88733488 -0.44778308 -0.11012357 3 -0.45481431 -0.88924319 -0.048895739 3 -0.076030008 0.093471691 -0.99271476
3 0.86935067 -0.48808998 -0.077444158 3 -0.49217033 -0.86926425 -0.046348915 3 -0.044697206 0.078409299 -0.99591881
3 -0.90330529 0.42755896 0.035111081 3 0.42890549 0.90178168 0.053195879 3 -0.0089177182 0.063111253 -0.99796665
3 -0.90431494 0.42679876 0.0075652278 3 0.42608377 0.90144408 0.076493405 3 0.025828369 0.072397225 -0.99704146
3 -0.90996724 0.41423014 -0.019315474 3 0.4108974 0.90696484 0.092619263 3 0.055883333 0.076344177 -0.99551427
3 0.96094322 -0.21929318 -0.1688156 3 -0.24090584 -0.96306854 -0.12026417 3 -0.13620834 0.1562358 -0.97828305
3 0.80674309 -0.56898957 -0.15942526 3 -0.58402884 -0.80882186 -0.068684205 3 -0.089864783 0.14851858 -0.9848181
3 0.77763283 -0.6157831 -0.12687972 3 -0.62639475 -0.77615345 -0.072217494 3 -0.054009713 0.13563697 -0.98928529
3 0.71818173 -0.68592155 -0.11716075 3 -0.69564146 -0.71188855 -0.096425481 3 -0.017264003 0.15075186 -0.98842096
3 -0.99395704 0.10915966 -0.011555229 3 0.10646623 0.98431957 0.14064047 3 0.026726363 0.13856034 -0.98999321
3 0.91715294 -0.33792114 -0.21128097 3 -0.37142935 -0.91694331 -0.14579168 3 -0.14446424 0.21218838 -0.96649176
3 0.70611274 -0.6746425 -0.21508649 3 -0.70016801 -0.71055019 -0.069879748 3 -0.10568453 0.19993836 -0.97409219
3 0.7141071 -0.67719227 -0.17737408 3 -0.69715846 -0.71091545 -0.092569128 3 -0.063409463 0.18976079 -0.97978055
3 0.67479092 -0.72373194 -0.14446215 3 -0.73781914 -0.66600692 -0.10980862 3 -0.016739996 0.18068396 -0.98339885
3 -0.41354889 -0.89547372 -0.16463342 3 -0.91035783 0.40966132 0.058533039 3 0.015029051 0.17408137 -0.98461646
3 -0.99823576 0.024830529 -0.053933822 3 0.015764527 0.98659283 0.16243811 3 0.057245851 0.16130123 -0.98524356
3 -0.38321543 -0.90368372 -0.19105391 3 -0.92356592 0.3778252 0.065375514 3 0.013106467 0.20150444 -0.97939986
3 -0.99514812 0.030079972 -0.09367682 3 0.014562971 0.98666412 0.16211605 3 0.097302638 0.15996532 -0.98231518
3 0.69242585 -0.63504434 -0.34243983 3 -0.68493593 -0.72774339 -0.035387263 3 -0.22673397 0.25905067 -0.93887407
3 0.58175749 -0.73593658 -0.3463459 3 -0.78488165 -0.61964339 -0.0017108321 3 -0.21335256 0.27283669 -0.93810499
3 0.83807975 -0.45275542 -0.30435976 3 -0.51029813 -0.84787762 -0.14387366 3 -0.19291879 0.27589104 -0.94162983
3 -0.19301294 -0.95278674 -0.2343999 3 -0.98049653 0.17827116 0.082739443 3 -0.037046701 0.24579616 -0.96861333
3 -0.38747329 -0.89817619 -0.20771137 3 -0.92187971 0.37713239 0.088933118 3 -0.0015435668 0.2259426 -0.97413945
3 0.14957169 0.96520054 0.214514 3 0.98821664 -0.15306118 -0.00034735352 3 0.032498363 0.2120374 -0.97672105
3 -0.22557962 0.91854858 0.32462645 3 0.95174426 0.27894953 -0.12794578 3 -0.20807944 0.2801019 -0.9371478
3 0.6082474 -0.71103382 -0.35279739 3 -0.76777154 -0.63980973 -0.03420864 3 -0.2013993 0.29167464 -0.93507439
3 0.78899544 -0.52737892 -0.31521043 3 -0.59020919 -0.79312289 -0.15036327 3 -0.17070396 0.30467722 -0.93703359
3 0.7655645 -0.57503581 -0.2885218 3 -0.6299783 -0.76102 -0.15484209 3 -0.13052876 0.30030233 -0.94487083
3 0.77277327 -0.5834077 -0.24991366 3 -0.62756109 -0.7611922 -0.16356456 3 -0.094807692 0.28323457 -0.95435297
3 0.22396411 -0.93411028 -0.27798936 3 -0.97279227 -0.2316158 -0.005452849 3 -0.059293527 0.27164862 -0.96056837
3 0.33863622 0.91345012 0.22568645 3 0.94070053 -0.32352528 -0.10204889 3 -0.020201573 0.24686006 -0.96884054
3 0.36868653 0.90375769 0.21746786 3 0.92945671 -0.36179936 -0.072190925 3 0.013437747 0.22874552 -0.97339356
3 0.99559873 0.067674786 -0.064833626 3 0.070745796 -0.99641913 0.046302781 3 -0.061470717 -0.050685879 -0.99682105
3 0.94481713 0.32454696 -0.044608008 3 0.32608026 -0.94477296 0.032797072 3 -0.031498421 -0.045532398 -0.99846613
3 0.97421414 0.2256127 0.0023966231 3 0.22539586 -0.973647 0.03475843 3 0.010175238 -0.033322006 -0.99939281
3 0.96805197 0.24962498 0.023721563 3 0.24883913 -0.96802354 0.031771246 3 0.030893439 -0.024853492 -0.99921364
3 0.99561733 0.082417898 0.044198453 3 0.081995115 -0.99656886 0.011298009 3 0.044976715 -0.0076245386 -0.99895906
3 0.97350812 0.21890205 0.066059723 3 0.21899775 -0.97570765 0.005878319 3 0.065740116 0.0087439716 -0.99779838
3 -0.98741508 -0.1183682 -0.10488296 3 -0.12031619 0.99265784 0.012422387 3 0.10264344 0.024885286 -0.99440682
3 0.99864322 -0.014998663 -0.049868666 3 -0.013441551 -0.99941617 0.031414364 3 -0.05031151 -0.030701412 -0.99826163
3 0.9996531 0.0013624947 -0.026302071 3 0.0019018587 -0.99978817 0.020492412 3 -0.026270697 -0.020535331 -0.99944389
3 0.98911601 0.14619426 0.016634241 3 0.14599253 -0.98920339 0.0127641 3 0.018318716 -0.010196993 -0.9997803
3 0.98552817 0.16484515 0.039500855 3 0.16478981 -0.98631775 0.0046760561 3 0.039734833 0.0019015577 -0.99920857
3 -0.93302834 -0.33130643 -0.1403356 3 -0.33668017 0.94148713 0.015757952 3 0.12690105 0.061949976 -0.98997891
3 -0.93918401 -0.3003422 -0.16651696 3 -0.30824313 0.95102447 0.023206241 3 0.15139127 0.073122442 -0.98576558
3 0.99464339 -0.10262368 -0.012369586 3 -0.10274483 -0.99466163 -0.009590202 3 -0.01132041 0.010809848 -0.99987757
3 -0.96419948 -0.26230982 -0.038897198 3 -0.26321968 0.96452051 0.020389389 3 0.032171838 0.02989877 -0.99903506
3 -0.9830119 -0.17306903 -0.06111303 3 -0.17506449 0.98413187 0.028925616 3 0.05514029 0.039133497 -0.9977113
3 -0.96345907 -0.25371763 -0.085871726 3 -0.25766176 0.96547616 0.038292274 3 0.07319025 0.059018526 -0.99557024
3 -0.95181137 -0.28648344 -0.1094639 3 -0.29195532 0.9557004 0.037401047 3 0.093900077 0.067557357 -0.99328691
3 -0.89434063 -0.42133394 -0.15044095 3 -0.42955101 0.9026829 0.025484871 3 0.12506136 0.087413527 -0.98829073
3 -0.97366071 -0.18981677 -0.12631065 3 -0.20085517 0.97624999 0.081197813 3 0.10789535 0.10442875 -0.98866236
3 -0.83625805 -0.51834422 -0.17886247 3 -0.53142411 0.84652358 0.031404309 3 0.13513333 0.12131409 -0.98337269
3 -0.86586195 -0.46061027 -0.19524634 3 -0.47732744 0.87748241 0.046721809 3 0.14980662 0.13365211 -0.97964025
3 -0.53335011 -0.82595193 -0.18259533 3 -0.82814586 0.46586207 0.31168395 3 -0.17237173 0.31745222 -0.93247628
3 -0.32166511 -0.91318923 -0.2502338 3 -0.92495602 0.2465463 0.28926006 3 -0.20245498 0.32450008 -0.92396528
3 0.11958551 -0.92605209 -0.35794804 3 -0.96912551 -0.1871835 0.16049343 3 -0.21562725 0.32770386 -0.91984516
3 -0.73959887 -0.66776586 -0.084156908 3 -0.67297995 0.73549867 0.078357458 3 0.009572858 0.11458898 -0.9933669
3 -0.93443513 -0.35604158 -0.0080818767 3 -0.35608524 0.93444121 0.0047827638 3 0.0058491752 0.0073470199 -0.99995589
3 -0.7159754 -0.69808745 -0.0072961631 3 -0.69810903 0.71599138 0.00059140334 3 0.0048111379 0.0055169472 -0.9999733
3 -0.74270308 -0.66949093 -0.013193119 3 -0.66951334 0.74279284 -0.0032924665 3 0.01200403 0.0063876435 -0.99990761
3 0.62221938 -0.78280491 0.0077075893 3 -0.7827422 -0.62226707 -0.0099048158 3 0.012549719 0.00012991302 -0.9999212
3 0.96051681 -0.27792642 0.012818693 3 -0.27771863 -0.96053118 -0.015880276 3 0.0167263 0.011693284 -0.99979174
3 0.99910718 -0.027945668 0.031683065 3 -0.027125029 -0.99929279 -0.026042096 3 0.032388423 0.025159445 -0.99915868
3 0.97922766 -0.19973093 0.034937669 3 -0.19785468 -0.97891438 -0.050796337 3 0.044346593 0.042828601 -0.99809784
3 0.99546826 -0.082440265 0.047395341 3 -0.079554439 -0.99503177 -0.059853267 3 0.052094199 0.055811532 -0.99708128
3 0.53554869 -0.82528144 -0.17915896 3 -0.83883321 -0.54438806 0.00020823628 3 -0.097703867 0.15017299 -0.98382002
3 0.58166724 -0.79543519 -0.17013545 3 -0.80885023 -0.58775747 -0.017390251 3 -0.086165562 0.14772943 -0.98526722
3 0.13660607 -0.97430956 -0.17905115 3 -0.98812103 -0.14685994 0.045259196 3 -0.070391931 0.17074159 -0.9827981
3 -0.21701884 -0.96081799 -0.17242913 3 -0.9720639 0.19652881 0.12832972 3 -0.089414194 0.19546205 -0.97662675
3 -0.21881412 -0.95755053 -0.18766344 3 -0.9700765 0.19273721 0.14766234 3 -0.10522441 0.21435848 -0.97107071
3 -0.15293619 -0.95716178 -0.24586947 3 -0.97119141 0.099563643 0.21650431 3 -0.18275 0.27189767 -0.94481426
3 -0.54703861 -0.82669365 -0.13162951 3 -0.83710599 0.53993887 0.087862343 3 -0.0015633593 0.15825194 -0.98739761
3 -0.5714646 -0.8105945 -0.1279248 3 -0.82060099 0.56569779 0.081241973 3 0.006512471 0.15140212 -0.98845088
3 -0.49572289 -0.85902804 -0.12778813 3 -0.86786366 0.49552488 0.035606571 3 0.03273515 0.12855364 -0.99116206
3 -0.77506727 -0.6257804 -0.087576501 3 -0.63124621 0.7730186 0.063012339 3 0.02826637 0.10412113 -0.99416292
3 -0.81601477 -0.5747754 -0.061263245 3 -0.57785368 0.81379539 0.061824776 3 0.014320385 0.085851125 -0.99620509
3 -0.89273739 -0.44834954 -0.044749893 3 -0.45037723 0.89088804 0.058980566 3 0.013423233 0.072808497 -0.99725556
3 -0.97644025 -0.21555915 -0.0099357646 3 -0.21577662 0.97487992 0.055223323 3 -0.0022177175 0.056066182 -0.99842459
3 -0.86336559 -0.5042513 -0.018186729 3 -0.50448263 0.86334467 0.011560428 3 0.0098720547 0.019155759 -0.99976784
3 0.21800947 -0.97576588 -0.018781606 3 -0.97575533 -0.21754536 -0.023989176 3 0.019321969 0.023556124 -0.99953574
3 0.66648751 -0.74549043 -0.0061990246 3 -0.74532914 -0.66611099 -0.027937271 3 0.016697729 0.023240156 -0.9995904
3 0.96422458 -0.26482946 0.011670517 3 -0.26417238 -0.96362096 -0.040589944 3 0.021995371 0.036054797 -0.99910772
3 0.92538238 -0.37894008 0.0084637217 3 -0.37794095 -0.92417735 -0.055286132 3 0.02877211 0.047962036 -0.9984346
3 0.84211814 -0.53921103 0.0094142454 3 -0.53742641 -0.84052646 -0.068471178 3 0.044833329 0.052601352 -0.99760872
3 0.8543064 -0.51955789 0.014837276 3 -0.51694745 -0.85229212 -0.079771578 3 0.05409164 0.06047928 -0.99670273
3 0.63598418 -0.77087301 -0.035760485 3 -0.75889921 -0.61635512 -0.21018618 3 0.13998571 0.16081372 -0.97700715
3 0.7956205 -0.56243622 -0.22506382 3 -0.58735377 -0.80715859 -0.059251882 3 -0.1483368 0.17933407 -0.9725408
3 0.84840083 -0.48644498 -0.208776 3 -0.51094055 -0.85562879 -0.082701221 3 -0.13840517 0.17683589 -0.97446054
3 0.83899057 -0.50626028 -0.19948784 3 -0.52922946 -0.84442902 -0.082800262 3 -0.12653483 0.17504348 -0.97639579
3 -0.85137033 -0.52418458 -0.019974852 3 -0.52448779 0.85128099 0.015269389 3 0.0090002334 0.023476474 -0.99968392
3 -0.83857942 -0.5437845 -0.032909658 3 -0.54448885 0.83857435 0.01803096 3 0.017792238 0.033039331 -0.99929571
3 0.40682286 -0.91324311 -0.021957584 3 -0.91330791 -0.40611479 -0.030650437 3 0.019074004 0.032523334 -0.99928898
3 0.81018335 -0.58616972 -0.0028707378 3 -0.5855484 -0.80907845 -0.050254669 3 0.027135102 0.042396445 -0.99873239
3 0.62125838 -0.78342366 -0.016893134 3 -0.78191757 -0.61836153 -0.078954406 3 0.051408682 0.062260132 -0.99673498
3 0.67682928 -0.73609155 -0.0084451456 3 -0.73378903 -0.67370719 -0.08759211 3 0.058786262 0.065481856 -0.99612069
3 0.97795612 -0.14910117 0.14618707 3 -0.12746733 -0.98079562 -0.14762121 3 0.16539015 0.12573299 -0.97818059
3 -0.70450914 -0.70957154 -0.01323301 3 -0.70966095 0.70417053 0.022915706 3 -0.0069420347 0.025535276 -0.99964976
3 -0.81792814 -0.57439619 -0.032599211 3 -0.57508379 0.81790328 0.017691012 3 0.01650135 0.033217251 -0.99931192
3 -0.68121129 -0.73122025 -0.035610132 3 -0.7318632 0.68139929 0.0084384307 3 0.01809437 0.031810101 -0.9993301
3 -0.81071031 -0.58430058 -0.036626209 3 -0.5850746 0.81083912 0.0150778 3 0.020887999 0.033652797 -0.99921525
3 0.36423603 -0.93107414 -0.020810945 3 -0.93106246 -0.363538 -0.031025367 3 0.021321345 0.030676849 -0.99930179
3 0.68415266 -0.72926104 -0.010659589 3 -0.72900134 -0.6833182 -0.040417917 3 0.02219132 0.035422873 -0.99912608
3 0.77128834 -0.63645041 -0.0067241527 3 -0.63559914 -0.76961321 -0.060904466 3 0.033587672 0.05124877 -0.99812096
3 0.64650398 -0.76265872 -0.019605685 3 -0.76167697 -0.6437844 -0.073416322 3 0.043369759 0.062397145 -0.9971087
3 0.30641335 -0.9505493 -0.050665177 3 -0.9500652 -0.30208781 -0.07822562 3 0.059051976 0.072104588 -0.99564749
3 0.59929031 -0.80027437 -0.020298339 3 -0.79793292 -0.59511125 -0.095632538 3 0.064452514 0.073508352 -0.99520969
3 -0.44485217 -0.88865584 -0.1113442 3 -0.89190775 0.4508628 -0.034979146 3 0.081285365 0.083748199 -0.99316615
3 -0.75510371 -0.64246303 -0.13061239 3 -0.64871341 0.7609992 0.0071361624 3 0.094811209 0.090118557 -0.99140775
3 0.98569441 -0.052471817 0.16016603 3 -0.035666272 -0.99372035 -0.10605413 3 0.1647251 0.098824441 -0.98137617
3 0.25351563 -0.96316558 -0.089676119 3 -0.96369183 -0.25950831 0.062876515 3 -0.083832197 0.070479974 -0.99398428
3 0.75438017 -0.64575571 -0.11794144 3 -0.6505444 -0.75946331 -0.0027983561 3 -0.087765135 0.078837164 -0.99301678
3 0.69603157 -0.70774984 -0.12095573 3 -0.71267074 -0.70148951 0.0036191233 3 -0.087410606 0.083682582 -0.9926514
3 -0.78996569 -0.61275506 -0.022020452 3 -0.61305726 0.78870952 0.045795716 3 -0.010693822 0.049676869 -0.99870795
3 -0.85657048 -0.516029 -0.0009263372 3 -0.51573902 0.85602611 0.035101555 3 -0.017320454 0.030544711 -0.99938321
3 -0.85112166 -0.52496457 -0.0020027105 3 -0.52477503 0.85069847 0.030384613 3 -0.014247146 0.026911976 -0.99953634
3 -0.65494859 -0.75538152 -0.021000819 3 -0.75566882 0.65459549 0.021660896 3 -0.0026151985 0.030056439 -0.99954468
3 -0.88048482 -0.47345769 -0.024176031 3 -0.47391942 0.88035607 0.019337522 3 0.012128014 0.028483879 -0.99952078
3 -0.87096417 -0.49056154 -0.027761638 3 -0.49102607 0.87104571 0.013131929 3 0.017739641 0.025069131 -0.99952823
3 -0.12189427 -0.99212146 -0.028926961 3 -0.99231279 0.12244197 -0.017978586 3 0.021378815 0.026513111 -0.99941981
3 0.30966857 -0.9506321 -0.020100052 3 -0.95045626 -0.30886891 -0.035110731 3 0.027169105 0.029976908 -0.99918121
3 0.62993395 -0.77657616 -0.010611558 3 -0.77620637 -0.62905538 -0.042344324 3 0.026208339 0.034910884 -0.9990468
3 0.66325569 -0.74826479 -0.013848043 3 -0.74749047 -0.66143411 -0.06134133 3 0.036739986 0.051036261 -0.99802071
3 0.35648894 -0.93337411 -0.041576993 3 -0.93317813 -0.35352844 -0.064780727 3 0.045765989 0.061892334 -0.99703306
3 0.31448075 -0.94792259 -0.050444216 3 -0.94746935 -0.31017673 -0.078053519 3 0.058342073 0.072340675 -0.99567223
3 -0.16817871 -0.9815585 -0.090878122 3 -0.98312551 0.17374669 -0.057239011 3 0.071973212 0.079718225 -0.99421567
3 -0.59555191 -0.79439652 -0.11938243 3 -0.79898798 0.60117239 -0.014494758 3 0.083284006 0.08675275 -0.9927426
3 -0.019508123 -0.99567735 -0.090808928 3 -0.99541622 0.027847646 -0.091495052 3 0.093628347 0.088607781 -0.99165642
3 0.57778639 -0.81606722 -0.014037352 3 -0.80949342 -0.57076424 -0.13765289 3 0.104322 0.090897121 -0.990381
3 0.4912194 0.85712224 0.15506457 3 0.85742664 -0.50716686 0.08718583 3 0.15337251 0.090129107 -0.98404956
3 0.30561417 -0.94796818 -0.089199081 3 -0.94886506 -0.31100026 0.054167997 3 -0.079090454 0.068083361 -0.9945398
3 0.18345961 -0.9787755 -0.091330029 3 -0.97954923 -0.18982829 0.066698246 3 -0.08261963 0.077225834 -0.99358457
3 -0.77255726 -0.63481063 -0.01307274 3 -0.63482571 0.77184844 0.035309866 3 -0.012324904 0.035577796 -0.99929106
3 -0.72713315 -0.68648851 -0.0033401176 3 -0.6862312 0.72670811 0.031345215 3 -0.019090831 0.025084235 -0.99950314
3 -0.7323277 -0.68095136 0.0011183547 3 -0.68070489 0.73210496 0.02574899 3 -0.018352566 0.01809543 -0.99966782
3 -0.63265526 -0.77441776 -0.0049552922 3 -0.77428228 0.63239217 0.023819715 3 -0.01531272 0.018906459 -0.99970406
3 -0.66593862 -0.74590147 -0.012518203 3 -0.74599618 0.66574746 0.016430173 3 -0.003921329 0.020280018 -0.99978667
3 -0.29598492 -0.95467412 -0.03146559 3 -0.95492488 0.29652104 -0.013906743 3 0.022606622 0.025931096 -0.99940801
3 0.273785 -0.96148372 -0.024307221 3 -0.96128589 -0.27273485 -0.039310146 3 0.031166639 0.034128711 -0.99893141
3 0.60523659 -0.79596639 -0.011230712 3 -0.7952351 -0.60392368 -0.053639576 3 0.035912812 0.04139569 -0.99849719
3 0.3454504 -0.93742353 -0.04359965 3 -0.9375807 -0.34277844 -0.058693856 3 0.040075988 0.061154027 -0.99732339
3 0.13886526 -0.98818105 -0.064920768 3 -0.98899567 -0.13500443 -0.060509473 3 0.051029719 0.07260903 -0.99605417
3 -0.54998636 -0.82612991 -0.12257323 3 -0.83094418 0.55602711 -0.019111969 3 0.083943024 0.091340221 -0.99227536
3 -0.21455166 -0.97098053 -0.10566245 3 -0.97250247 0.22240706 -0.069096506 3 0.090591423 0.087932207 -0.99199861
3 -0.73224437 -0.68102354 -0.0050232653 3 -0.68074596 0.73168862 0.034883622 3 -0.020081097 0.028962905 -0.99937874
3 -0.71678585 -0.69726509 0.0062662093 3 -0.69686973 0.71663469 0.028407708 3 -0.02429829 0.015995516 -0.99957675
3 -0.5136795 -0.85797787 0.0027096067 3 -0.85777897 0.51362407 0.020137437 3 -0.018669195 0.0080199391 -0.99979353
3 -0.6039592 -0.79701453 0.0011942787 3 -0.79694331 0.6039241 0.012553878 3 -0.010726875 0.0066302549 -0.99992061
3 -0.74291694 -0.66936606 -0.0048478232 3 -0.66938287 0.74290758 0.003870927 3 0.0010104176 0.006120827 -0.99998081
3 -0.72203773 -0.69159234 -0.019013658 3 -0.69171017 0.72217488 -0.00051354803 3 0.014086354 0.01278114 -0.99981904
3 -0.36580506 -0.93027657 -0.027785957 3 -0.93037665 0.36629474 -0.015077175 3 0.024203794 0.020336099 -0.99950016
3 -0.10521805 -0.99381912 -0.035392515 3 -0.99394077 0.10623536 -0.028203946 3 0.03178956 0.032210514 -0.99897534
3 0.04540107 -0.99817204 -0.03988995 3 -0.99816078 -0.043722469 -0.041991059 3 0.040170219 0.041723032 -0.99832135
3 -0.13135588 -0.98966408 -0.057538182 3 -0.99018681 0.13377558 -0.040425435 3 0.047704801 0.051663425 -0.99752456
3 -0.24030042 -0.96734095 -0.080666922 3 -0.96897638 0.24399228 -0.03940025 3 0.057795584 0.068696454 -0.99596208
3 -0.39701736 -0.91202265 -0.10291714 3 -0.91567296 0.40124401 -0.023374029 3 0.062612526 0.084958538 -0.99441528
3 -0.52474505 -0.84282565 -0.11953027 3 -0.8481071 0.52969521 -0.011718769 3 0.073191486 0.095225088 -0.99276143
3 -0.56209445 -0.81737602 -0.12627819 3 -0.82344389 0.56735396 -0.00703419 3 0.077394016 0.10002913 -0.99196988
3 -0.48073339 -0.86799562 -0.12441447 3 -0.87338454 0.48661232 -0.020192467 3 0.078068592 0.098954491 -0.99202478
3 0.58461171 -0.81080699 -0.028655112 3 -0.8070538 -0.57756531 -0.12280993 3 0.083024956 0.094922349 -0.99201638
3 -0.58461487 -0.81124353 -0.010456578 3 -0.8108303 0.58377641 0.041944958 3 -0.027924841 0.032997984 -0.99906528
3 -0.63407159 -0.77326286 0.0042111501 3 -0.77264661 0.63376689 0.036832612 3 -0.031152138 0.020098394 -0.99931252
3 -0.66125971 -0.75013047 0.0063149035 3 -0.74979198 0.66117704 0.025634371 3 -0.02340324 0.012217416 -0.99965155
3 -0.63804561 -0.76999801 -0.00091109326 3 -0.7699163 0.63795966 0.015379968 3 -0.011259798 0.010516405 -0.99988139
3 -0.61260551 -0.79035407 -0.0074060527 3 -0.79038876 0.61258006 0.0055879555 3 0.00012130506 0.0092781233 -0.99995697
3 -0.75962883 -0.64993232 -0.023496278 3 -0.65006739 0.75987297 -0.0023869378 3 0.019403394 0.013459145 -0.99972123
3 -0.90834957 0.41673064 -0.035166387 3 0.41176686 0.90588933 0.099059954 3 0.073137425 0.075501055 -0.99445999
3 -0.54924673 -0.82656503 -0.12295631 3 -0.83198839 0.55465961 -0.012161341 3 0.078251317 0.095619068 -0.99233747
3 -0.45972297 -0.87852603 -0.12979491 3 -0.88422877 0.4663887 -0.024918716 3 0.082426742 0.10331292 -0.99122763
3 -0.10380228 -0.98786485 -0.11553525 3 -0.99183559 0.11146512 -0.061952345 3 0.074078679 0.10816117 -0.99136961
3 0.92157108 0.37375084 0.10496222 3 0.3814795 -0.92199254 -0.066357248 3 0.071973309 0.10119385 -0.99225992
3 -0.48265004 -0.87564242 -0.017299173 3 -0.8751266 0.48139551 0.049109582 3 -0.034675427 0.038840372 -0.99864358
