ply
format ascii 1.0
comment PCL generated
element vertex 13101
property list uint float x_axis
property list uint float y_axis
property list uint float z_axis
element camera 1
property float view_px
property float view_py
property float view_pz
property float x_axisx
property float x_axisy
property float x_axisz
property float y_axisx
property float y_axisy
property float y_axisz
property float z_axisx
property float z_axisy
property float z_axisz
property float focal
property float scalex
property float scaley
property float centerx
property float centery
property int viewportx
property int viewporty
property float k1
property float k2
end_header
3 -0.84513605 -0.49206883 0.20883805 3 -0.47465673 0.87048793 0.13019875 3 -0.24585772 0.01090929 -0.96924448
3 -0.96641135 -0.066461295 0.24825774 3 -0.052766845 0.99671608 0.061422303 3 -0.25152472 0.046259437 -0.96674478
3 -0.91370827 -0.34140772 0.2204044 3 -0.31466806 0.93761188 0.14787874 3 -0.25714067 0.065763801 -0.96413368
3 -0.93360817 0.27187359 0.23336785 3 0.2562072 0.96188158 -0.095613219 3 -0.25046694 -0.029474752 -0.96767646
3 -0.89987898 -0.36815539 0.23383632 3 -0.34645265 0.92908531 0.12950215 3 -0.26493078 0.035523046 -0.96361279
3 -0.95503783 -0.13445552 0.26424295 3 -0.114802 0.98943508 0.088535033 3 -0.27335533 0.054218691 -0.96038383
3 -0.78598362 -0.58945662 0.18646884 3 -0.55209017 0.8049379 0.21742041 3 -0.27825573 0.067941263 -0.95810121
3 -0.54421854 -0.83506638 0.080562621 3 -0.78795367 0.54174733 0.29264131 3 -0.28801948 0.095781252 -0.95282257
3 -0.42562711 -0.90489125 0.0036661625 3 -0.85691416 0.40435567 0.3196792 3 -0.29075733 0.13292257 -0.94751883
3 -0.86269426 0.49347866 0.11062264 3 0.46485642 0.85991842 -0.21082868 3 -0.19916593 -0.13045704 -0.97124344
3 -0.71208525 0.69817811 0.074041739 3 0.67022449 0.70738453 -0.22451432 3 -0.20912689 -0.11024874 -0.97165394
3 -0.73756194 0.66994047 0.084747523 3 0.64204466 0.73460424 -0.21939749 3 -0.20923916 -0.10740753 -0.97194785
3 -0.7453559 0.65759873 0.1095826 3 0.62903506 0.74816078 -0.211116 3 -0.22081503 -0.088425294 -0.97129887
3 -0.84507191 0.50379097 0.1790203 3 0.47927514 0.8622129 -0.16396528 3 -0.23695782 -0.052762456 -0.97008622
3 -0.86122674 0.46960029 0.1943296 3 0.44688809 0.88184357 -0.15047641 3 -0.2420321 -0.042750731 -0.96932608
3 -0.55682623 0.82204968 0.11907504 3 0.79166329 0.56861567 -0.22348484 3 -0.25142357 -0.030174887 -0.96740669
3 -0.96250218 0.061188877 0.26428288 3 0.067200921 0.9976446 0.013759056 3 -0.26281849 0.031003175 -0.96434706
3 -0.96016073 0.057025582 0.27356756 3 0.068191014 0.99717569 0.031472363 3 -0.2710003 0.048873391 -0.96133775
3 -0.95611 -0.11917184 0.26767859 3 -0.097289197 0.9908427 0.09362486 3 -0.27638483 0.063473418 -0.95894867
3 -0.89970922 -0.37082806 0.23023899 3 -0.33526266 0.92486715 0.17949942 3 -0.27950382 0.084306754 -0.95643616
3 -0.51819104 -0.85397667 0.046923835 3 -0.80513865 0.50559247 0.31004545 3 -0.28849593 0.12288259 -0.94956315
3 -0.47638056 -0.87917483 0.010635883 3 -0.82698673 0.45214486 0.33415228 3 -0.29858723 0.15038793 -0.94245899
3 -0.96984851 0.18389755 0.1599232 3 0.15184399 0.96924078 -0.19368885 3 -0.19062302 -0.1635655 -0.96794063
3 -0.98056459 0.02711761 0.19431299 3 0.0011089295 0.99115205 -0.13272555 3 -0.19619296 -0.12993053 -0.97191888
3 -0.97488964 -0.071876049 0.21076976 3 -0.093682304 0.99102479 -0.095359802 3 -0.20202398 -0.11271069 -0.97287345
3 -0.77799171 0.6216923 0.090707645 3 0.59502435 0.77544385 -0.21126601 3 -0.20168111 -0.11038991 -0.97321063
3 -0.78645957 0.60636187 0.11750086 3 0.57859159 0.78985268 -0.20338309 3 -0.21613215 -0.09196759 -0.97202325
3 -0.96297264 0.14913985 0.22459073 3 0.13304906 0.98743737 -0.08523801 3 -0.23448169 -0.05220028 -0.97071809
3 -0.81434834 0.554685 0.17076658 3 0.52990633 0.83062816 -0.17104423 3 -0.23671921 -0.048799302 -0.97035182
3 -0.58814448 0.79874295 0.12686962 3 0.76917499 0.60090923 -0.21743548 3 -0.24991214 -0.030298522 -0.96779442
3 -0.93880481 0.22899365 0.25730807 3 0.22794136 0.97306937 -0.034333438 3 -0.25824073 0.026418755 -0.96571934
3 -0.91547585 0.30478299 0.26269978 3 0.30508342 0.95145547 -0.040696479 3 -0.26235077 0.042888701 -0.96401888
3 -0.96310753 -0.0024617314 0.26910579 3 0.014503984 0.99803001 0.061038364 3 -0.2687259 0.06268961 -0.96117443
3 -0.95527929 -0.14029193 0.26030642 3 -0.11340992 0.98679572 0.11563803 3 -0.27309239 0.080945306 -0.9585762
3 -0.64565092 -0.75680661 0.10187551 3 -0.70772958 0.64314067 0.29238486 3 -0.2867991 0.11667822 -0.95085883
3 -0.68689764 -0.71818268 0.11128847 3 -0.6648289 0.6828109 0.30293816 3 -0.29355395 0.13409972 -0.94648993
3 -0.9504022 0.0043296069 0.3109937 3 0.051380847 0.98835045 0.1432611 3 -0.30675045 0.15213476 -0.93955272
3 -0.68633354 0.72727555 -0.004050497 3 0.70453387 0.66346931 -0.25187337 3 -0.18049398 -0.17572291 -0.96775168
3 -0.98070359 -0.014022887 0.19499686 3 -0.046037152 0.98593986 -0.16063376 3 -0.19000264 -0.16651121 -0.96756035
3 -0.9805488 0.027886242 0.19428472 3 0.0016454868 0.99098891 -0.13393475 3 -0.19626889 -0.13100985 -0.97175872
3 -0.9782207 -0.036707282 0.20429583 3 -0.059702083 0.99240476 -0.10755645 3 -0.19879606 -0.11741085 -0.97298241
3 -0.84938473 0.51474994 0.11652472 3 0.48773649 0.84993124 -0.19932353 3 -0.2016398 -0.11246902 -0.97298104
3 -0.77458173 0.62411839 0.10246649 3 0.59729284 0.77511221 -0.2060153 3 -0.20800094 -0.098373204 -0.97316921
3 -0.93906152 0.27407274 0.20747919 3 0.25356498 0.95981681 -0.12023611 3 -0.23209545 -0.06029965 -0.97082227
3 -0.91854584 0.3368825 0.20684244 3 0.31481051 0.939834 -0.13268928 3 -0.23909827 -0.056765001 -0.96933472
3 -0.88339794 0.380992 0.27286124 3 0.38092732 0.9229424 -0.055424739 3 -0.2729516 0.054978207 -0.9604556
3 -0.95735562 -0.098909378 0.27145374 3 -0.073725969 0.99210232 0.1014768 3 -0.27934688 0.077136204 -0.95708698
3 -0.69230455 -0.7098949 0.12947442 3 -0.66170466 0.69610852 0.27853176 3 -0.28785652 0.10715499 -0.95165986
3 -0.84514862 -0.49726999 0.19607715 3 -0.44707772 0.85866648 0.25062561 3 -0.29299352 0.1241542 -0.94801921
3 -0.8824684 0.3389394 0.32614321 3 0.36568835 0.93046522 0.022496529 3 -0.29584 0.13911927 -0.94505256
3 -0.90573466 0.22527666 0.35902002 3 0.28092927 0.95334303 0.11052711 3 -0.31736997 0.20096742 -0.9267624
3 -0.82499206 0.53469282 0.18300776 3 0.5086984 0.84365064 -0.17169663 3 -0.24619955 -0.04855258 -0.96800232
3 -0.95419729 0.14941981 0.2591939 3 0.14794838 0.98867184 -0.025290754 3 -0.26003659 0.014214947 -0.96549416
3 -0.81381708 0.52954507 0.23934038 3 0.5173071 0.84779376 -0.11678639 3 -0.26475492 0.028769696 -0.96388644
3 -0.87886524 0.47170579 0.071340695 3 0.44113714 0.86046761 -0.25493833 3 -0.18164225 -0.19258542 -0.96432209
3 -0.88639557 -0.39561248 0.24040316 3 -0.42475164 0.90154171 -0.082514837 3 -0.18408957 -0.17525242 -0.96715957
3 -0.58426344 -0.77736914 0.23309536 3 -0.78611845 0.61345625 0.075427078 3 -0.20162849 -0.13917129 -0.96952426
3 -0.83932489 -0.48728973 0.24100311 3 -0.50283492 0.86437547 -0.0034877509 3 -0.20661761 -0.12411212 -0.97051805
3 -0.80962324 -0.53318352 0.24540922 3 -0.54738188 0.83679426 0.012191147 3 -0.21185713 -0.12446231 -0.96934295
3 -0.8061896 -0.53784311 0.2465423 3 -0.54938346 0.83518088 0.025508985 3 -0.21962725 -0.11488118 -0.96879625
3 -0.95829505 0.19094223 0.21263009 3 0.16722949 0.97801542 -0.12457911 3 -0.23174298 -0.083825529 -0.96915865
3 -0.95506811 -0.15603377 0.25198853 3 -0.16810441 0.98540014 -0.026967362 3 -0.24410178 -0.068116069 -0.96735436
3 -0.89247024 0.39973584 0.20906539 3 0.37472999 0.9149608 -0.14974856 3 -0.25114644 -0.055303048 -0.96636808
3 -0.83715701 0.49321008 0.23645727 3 0.47742751 0.86986375 -0.12409762 3 -0.26689175 0.0090019917 -0.9636845
3 -0.77991027 0.57882148 0.23812962 3 0.56371737 0.81492883 -0.13458785 3 -0.27196103 0.029271379 -0.96186304
3 -0.78851616 0.56009972 0.25402856 3 0.54821974 0.82732308 -0.12244025 3 -0.27874246 0.042717356 -0.95941544
3 -0.90079415 0.32358259 0.2895928 3 0.32683477 0.94429702 -0.038492732 3 -0.28591725 0.059974983 -0.95637548
3 -0.64317495 0.71740222 0.26769388 3 0.70684594 0.6906895 -0.15269893 3 -0.29443988 0.09100619 -0.95132709
3 -0.71555412 0.6347689 0.29163438 3 0.63524908 0.76495123 -0.10633909 3 -0.29058683 0.1091691 -0.9506005
3 0.38221011 -0.89430094 -0.23268251 3 -0.87471509 -0.43133146 0.22096714 3 -0.29797506 0.11907646 -0.94711751
3 -0.66365981 0.665034 0.34246954 3 0.6801917 0.72702444 -0.093672775 3 -0.31127933 0.17077808 -0.93484759
3 -0.83244348 0.40485945 0.37832075 3 0.45120406 0.89158171 0.038688272 3 -0.32164058 0.20290567 -0.92486572
3 -0.89549911 0.43753469 0.081514925 3 0.40530637 0.87737709 -0.25678033 3 -0.18386964 -0.19690803 -0.96302605
3 -0.91940027 -0.31224361 0.23917973 3 -0.34496078 0.93227088 -0.10896161 3 -0.18895774 -0.18268698 -0.96484202
3 -0.63346481 -0.73329955 0.2469696 3 -0.74525642 0.66405773 0.06016726 3 -0.20812272 -0.14594185 -0.96715349
3 -0.42609197 -0.87848288 0.21613243 3 -0.87926233 0.45836121 0.1296235 3 -0.21293879 -0.13480559 -0.96772116
3 -0.40008992 -0.89203161 0.21025629 3 -0.89045322 0.43264309 0.14111322 3 -0.21684338 -0.13076542 -0.96740854
3 -0.72037488 -0.64903289 0.24457371 3 -0.65779668 0.75112611 0.055792436 3 -0.21991684 -0.1206883 -0.96802413
3 -0.88794631 -0.38671032 0.2490112 3 -0.39590245 0.91818315 0.014179163 3 -0.23412107 -0.085993797 -0.96839684
3 -0.87515062 0.44676268 0.18578094 3 0.41785866 0.89143562 -0.17531905 3 -0.24393778 -0.075800374 -0.96682405
3 -0.94080734 0.24833581 0.23067528 3 0.22596714 0.96681154 -0.11922552 3 -0.25262743 -0.060043205 -0.9656989
3 -0.82208657 0.52261496 0.22593684 3 0.5049637 0.85256249 -0.13471909 3 -0.26303142 0.0033391451 -0.96478158
3 -0.71759355 0.66253889 0.21471338 3 0.64282972 0.74870861 -0.16188137 3 -0.26801044 0.021859119 -0.96316803
3 -0.71399033 0.66105986 0.23068947 3 0.64253598 0.74953663 -0.15919298 3 -0.2781463 0.034564011 -0.95991671
3 -0.37196785 0.91414428 0.16118412 3 0.88368434 0.40188697 -0.23997724 3 -0.28415155 0.053172015 -0.95730388
3 0.21766406 -0.96346444 -0.15607236 3 -0.92932749 -0.25345248 0.26853725 3 -0.2982831 0.086591758 -0.9505415
3 0.42068732 -0.87800819 -0.2283062 3 -0.8554526 -0.4677051 0.22238049 3 -0.30203176 0.10175216 -0.94785213
3 0.41878945 -0.87731695 -0.2343722 3 -0.85570908 -0.46764985 0.22150747 3 -0.30393595 0.10778846 -0.94657522
3 -0.65649867 0.67521894 0.33628699 3 0.68356508 0.72104216 -0.11330124 3 -0.31898022 0.15549193 -0.93491924
3 -0.71968031 0.59021866 0.36565319 3 0.61062843 0.78870595 -0.071247004 3 -0.33044413 0.17200316 -0.92802036
3 -0.44110233 0.83365017 0.33234945 3 0.83226573 0.51854157 -0.19608252 3 -0.33580124 0.19011062 -0.92254829
3 -0.98233193 0.012258232 0.18674532 3 -0.024947178 0.9803701 -0.19558194 3 -0.18547699 -0.19678514 -0.96274292
3 -0.89141589 -0.37406453 0.25583884 3 -0.40856093 0.90761429 -0.096511468 3 -0.19610143 -0.19055758 -0.96188986
3 -0.67717576 -0.69063163 0.25389159 3 -0.70613086 0.70696765 0.039700188 3 -0.20691134 -0.15239666 -0.96641767
3 -0.56749254 -0.78924352 0.23462114 3 -0.79625523 0.59858191 0.087622136 3 -0.20959514 -0.13709338 -0.96812987
3 -0.43410102 -0.87362421 0.21985708 3 -0.87438625 0.46733624 0.13055883 3 -0.21680653 -0.1355643 -0.96675605
3 -0.35721901 -0.911856 0.20227039 3 -0.9072054 0.39024842 0.15711308 3 -0.22220017 -0.12737699 -0.96664476
3 -0.072563291 -0.99064755 0.11555083 3 -0.96928966 0.097340874 0.22583695 3 -0.23497264 -0.095614776 -0.96728778
3 -0.95401478 -0.15799555 0.2547414 3 -0.17414722 0.98382354 -0.042000517 3 -0.24398471 -0.084431626 -0.96609676
3 -0.92800808 0.29685313 0.2251206 3 0.27157819 0.95265919 -0.13669597 3 -0.25504181 -0.065717109 -0.9646942
3 -0.31122732 0.94694036 0.08025948 3 0.91239679 0.32135952 -0.25349635 3 -0.26583862 -0.0056646783 -0.964001
3 -0.64550465 0.73724592 0.1994793 3 0.71371478 0.67525822 -0.1861105 3 -0.2719093 0.022236124 -0.96206582
3 -0.24928167 0.96294475 0.10293716 3 0.92682475 0.26804146 -0.26296327 3 -0.28081051 0.029852748 -0.95929885
3 -0.42325503 0.8898834 0.17018472 3 0.85958463 0.45377663 -0.23494932 3 -0.28630331 0.046844672 -0.95699322
3 0.22082677 -0.96415377 -0.14711557 3 -0.92993325 -0.25361842 0.26627353 3 -0.2940394 0.078005329 -0.95260471
3 0.52207279 -0.81584173 -0.2486809 3 -0.79812521 -0.57012177 0.19482654 3 -0.30072686 0.096766151 -0.94878858
3 0.54206282 -0.79713809 -0.26596767 3 -0.78311592 -0.59397781 0.18417393 3 -0.30479032 0.10844877 -0.94622505
3 0.16173548 -0.96552849 -0.2039517 3 -0.93399924 -0.21648955 0.28421441 3 -0.31857032 0.14452191 -0.93681723
3 0.36373633 -0.88724703 -0.28370497 3 -0.87223506 -0.43131584 0.23059201 3 -0.32695889 0.16358359 -0.93077302
3 -0.49466205 0.80282199 0.3328459 3 0.80175263 0.56935275 -0.18174277 3 -0.33541381 0.1769588 -0.92530179
3 -0.26020327 0.91617346 0.30482841 3 0.9000724 0.34443298 -0.26689962 3 -0.34951934 0.2049195 -0.91424507
3 -0.63350147 -0.71729618 0.29010695 3 -0.75006366 0.66136014 -0.002672568 3 -0.18994816 -0.21929176 -0.95699048
3 -0.66371804 -0.69456041 0.27760413 3 -0.72203779 0.69183761 0.0046594739 3 -0.19529328 -0.19734812 -0.96068412
3 -0.36013243 -0.90234697 0.23680051 3 -0.90969598 0.39593524 0.12525284 3 -0.2067792 -0.17030887 -0.96345067
3 -0.34310192 -0.91165495 0.22619954 3 -0.91488367 0.37889773 0.13937095 3 -0.21276471 -0.15912782 -0.96405888
3 -0.35220397 -0.90802997 0.22679032 3 -0.90967149 0.3891117 0.14522305 3 -0.22011366 -0.15515657 -0.96305573
3 -0.16793269 -0.96913838 0.18047047 3 -0.95916831 0.20289902 0.19704898 3 -0.22758496 -0.14001057 -0.96364003
3 0.25420713 -0.96607554 0.045573659 3 -0.93732381 -0.23448181 0.25776455 3 -0.23833379 -0.10824285 -0.96513242
3 -0.60195965 0.79539275 0.070674323 3 0.75884229 0.59735352 -0.25947505 3 -0.24860036 -0.10256521 -0.96316063
3 -0.23172745 0.97233766 -0.029358383 3 0.93915576 0.2157494 -0.26727986 3 -0.25355241 -0.089507394 -0.96317154
3 -0.35601386 0.93169999 0.072036505 3 0.89276052 0.36188376 -0.26836362 3 -0.27610421 -0.031227278 -0.96062034
3 0.37927705 -0.91907716 -0.10698655 3 -0.8801375 -0.39402804 0.26476407 3 -0.28549534 -0.0062535419 -0.95835978
3 0.27024549 -0.9576987 -0.098896891 3 -0.91512495 -0.28742731 0.28272218 3 -0.29918849 0.014099196 -0.95408982
3 0.40311196 -0.90134841 -0.15834078 3 -0.86379433 -0.43189764 0.25946823 3 -0.30225712 0.032176521 -0.95268321
3 -0.35582268 0.91637951 0.18340912 3 0.87950695 0.39471173 -0.26583859 3 -0.31600273 0.066718191 -0.94640946
3 0.42127407 -0.88075197 -0.21634233 3 -0.84902549 -0.46686274 0.2473757 3 -0.31887805 0.079465523 -0.94445854
3 0.35186374 -0.91329294 -0.2051536 3 -0.88099933 -0.39717197 0.2570886 3 -0.31627852 0.09028019 -0.94436073
3 0.16505161 -0.96793944 -0.18934411 3 -0.92986685 -0.21671447 0.29729187 3 -0.32879385 0.12699454 -0.93582428
3 0.36680323 -0.89004964 -0.27067876 3 -0.86769754 -0.43224758 0.24548486 3 -0.33549327 0.14482096 -0.93084425
3 0.48922235 -0.81336123 -0.31480941 3 -0.803855 -0.56053895 0.19903097 3 -0.33834776 0.155692 -0.92805219
3 0.86378479 0.44716281 -0.2322095 3 0.36524457 -0.87316096 -0.32277915 3 -0.34709108 0.19399847 -0.91754693
3 -0.2138606 -0.94083965 0.26283887 3 -0.95845509 0.25408155 0.12963915 3 -0.18875217 -0.22419457 -0.95609069
3 -0.011555471 -0.97732759 0.2114176 3 -0.9813993 0.051604241 0.18491231 3 -0.19162992 -0.20534833 -0.95974481
3 -0.21998605 -0.94984078 0.22228093 3 -0.95238912 0.25843239 0.16176514 3 -0.21109569 -0.17611185 -0.96146935
3 -0.066195548 -0.98087442 0.18303928 3 -0.97422731 0.10317831 0.20058784 3 -0.21563719 -0.16504386 -0.96242476
3 -0.2367599 -0.94803619 0.21253736 3 -0.94654256 0.27440545 0.16958427 3 -0.21909344 -0.1610249 -0.9623248
3 0.31667626 -0.9457497 0.072620168 3 -0.92097676 -0.28825346 0.2621291 3 -0.2269755 -0.14989151 -0.96229649
3 -0.41633579 0.90912157 -0.012743114 3 0.87634933 0.39751476 -0.27201807 3 -0.24223146 -0.12441935 -0.96220779
3 -0.41337517 0.91056055 0.00067050394 3 0.87489349 0.39738697 -0.27684808 3 -0.25235289 -0.11385661 -0.96091342
3 -0.1529803 0.98661661 -0.056433398 3 0.95428008 0.13264437 -0.26787165 3 -0.25680146 -0.094829567 -0.96180069
3 -0.42706272 0.8997559 0.089759201 3 0.85951769 0.43477011 -0.26870805 3 -0.28079626 -0.037605599 -0.95903027
3 0.41828144 -0.9020341 -0.10665378 3 -0.86251664 -0.43125767 0.26472977 3 -0.28479075 -0.018740473 -0.95840651
3 0.27363524 -0.95785177 -0.087428071 3 -0.91467196 -0.28725466 0.28435859 3 -0.29748747 0.0021572851 -0.95472324
3 0.40343094 -0.90200919 -0.15369755 3 -0.86200213 -0.43100137 0.2668153 3 -0.30691317 0.024844943 -0.95141327
3 -0.3695899 0.91168678 0.17952828 3 0.8727231 0.4069162 -0.26976517 3 -0.31899434 0.056975994 -0.94604236
3 0.42114118 -0.88137645 -0.214046 3 -0.8471806 -0.46653935 0.25421721 3 -0.32392186 0.074274138 -0.94316393
3 0.41864401 -0.88115823 -0.21976642 3 -0.84614456 -0.46635151 0.25798351 3 -0.32981202 0.07794942 -0.94082296
3 0.087363318 -0.98290968 -0.16203718 3 -0.93749237 -0.13612573 0.32027742 3 -0.33686116 0.12392696 -0.93336308
3 0.36745879 -0.89110494 -0.26628181 3 -0.86458433 -0.43280789 0.2552864 3 -0.34273621 0.13641673 -0.92947417
3 0.08003708 -0.98051775 -0.17938542 3 -0.93361378 -0.13679045 0.33114031 3 -0.34922707 0.14097257 -0.92637318
3 -0.11477229 -0.96016276 0.2547839 3 -0.9751274 0.15784925 0.15559609 3 -0.18961501 -0.23058861 -0.95439768
3 0.14372581 -0.96961093 0.19798392 3 -0.96957457 -0.097907558 0.22436491 3 -0.19816253 -0.22420712 -0.95418185
3 0.48363858 -0.87295866 0.063537508 3 -0.84992403 -0.45105338 0.27236032 3 -0.20910047 -0.18572597 -0.96009523
3 -0.16773766 0.97637784 -0.13620029 3 0.96152258 0.13154106 -0.24118724 3 -0.21757399 -0.17141537 -0.96087366
3 0.4144457 -0.90796238 0.061959773 3 -0.88196903 -0.38392588 0.27337068 3 -0.22442232 -0.16794392 -0.95991117
3 0.37371051 -0.92531216 0.064326122 3 -0.89824837 -0.34374294 0.27384424 3 -0.23127975 -0.16011931 -0.95962048
3 0.22252572 -0.97212303 0.073886178 3 -0.94308257 -0.19542679 0.26907939 3 -0.24713892 -0.12955783 -0.96027976
3 -0.48099858 0.8765617 0.016733134 3 0.83934355 0.46592146 -0.28003532 3 -0.25326419 -0.12065241 -0.95984393
3 -0.23555845 0.9710694 -0.039198522 3 0.93617445 0.21589495 -0.27742925 3 -0.26094082 -0.1020451 -0.95994627
3 -0.43137592 0.89901876 0.075365797 3 0.8585397 0.43474323 -0.27186003 3 -0.27717263 -0.052568186 -0.95938104
3 -0.42300293 0.90021676 0.10333601 3 0.85847598 0.43463847 -0.27222839 3 -0.2899783 -0.026442055 -0.95666778
3 0.20005152 -0.97827619 -0.054360192 3 -0.93303579 -0.20714624 0.29416749 3 -0.29903778 -0.0081277397 -0.95420665
3 0.40775344 -0.90278876 -0.13678284 3 -0.86009336 -0.43004563 0.27440828 3 -0.30655661 0.0057573416 -0.95183492
3 -0.37898189 0.90821093 0.17755404 3 0.8673209 0.41549945 -0.27407008 3 -0.32268712 0.050128754 -0.94517726
3 -0.40604091 0.89120758 0.20218723 3 0.85388613 0.44881982 -0.26351279 3 -0.32559028 0.065647885 -0.94322914
3 -0.40570536 0.88890362 0.21272841 3 0.85178244 0.45210877 -0.26469621 3 -0.33146587 0.073809654 -0.9405756
3 -0.23855403 0.95036578 0.19974239 3 0.90929425 0.29080942 -0.29768094 3 -0.34099272 0.11061164 -0.93353575
3 -0.10275451 0.98018456 0.16935065 3 0.93247849 0.15419227 -0.32666257 3 -0.34630221 0.1243498 -0.92984504
3 0.0026280198 -0.98904777 -0.14757234 3 -0.93554997 -0.05455232 0.34895566 3 -0.35318425 0.13714477 -0.92544693
3 0.2260737 -0.95382196 0.19777375 3 -0.95462888 -0.17653635 0.2398307 3 -0.1938415 -0.24301991 -0.95045608
3 0.353046 -0.92282653 0.15410988 3 -0.91289252 -0.3036958 0.2727567 3 -0.20490453 -0.23698141 -0.94965988
3 0.45747092 -0.88497919 0.086789235 3 -0.86223108 -0.41760033 0.28664896 3 -0.21743511 -0.20596588 -0.95409644
3 0.5011428 -0.86355072 0.056002937 3 -0.83536112 -0.4658598 0.2917994 3 -0.22589399 -0.1930158 -0.95483869
3 0.44232321 -0.89398658 0.07168071 3 -0.86412889 -0.40342543 0.30088082 3 -0.2400656 -0.19502792 -0.95096409
3 0.33976585 -0.93620455 0.089890532 3 -0.90740317 -0.30116957 0.29311517 3 -0.24734345 -0.18115747 -0.95184201
3 0.27514148 -0.95868659 0.072230421 3 -0.92726684 -0.2447793 0.28330055 3 -0.25391591 -0.14492461 -0.95630717
3 -0.57930106 0.81396401 0.043276776 3 0.77088302 0.56434524 -0.2953873 3 -0.26485607 -0.13775907 -0.95439696
3 -0.24375977 0.96810055 -0.057986688 3 0.93020666 0.21646419 -0.29641005 3 -0.27440247 -0.12619342 -0.95329881
3 -0.58833325 0.79968911 0.11983864 3 0.75467116 0.59624368 -0.27379671 3 -0.29040417 -0.070646442 -0.95429254
3 0.45110407 -0.88754642 -0.093630001 3 -0.84099346 -0.45785367 0.28827077 3 -0.29872364 -0.051295634 -0.95296007
3 0.20599763 -0.97814649 -0.028186472 3 -0.92837203 -0.20445848 0.31035781 3 -0.30933833 -0.037765425 -0.95020175
3 0.4085243 -0.90378827 -0.12757233 3 -0.85573959 -0.42787039 0.29092383 3 -0.31751728 -0.0096822754 -0.94820303
3 -0.14757869 0.98529935 0.086055368 3 0.93294495 0.16756725 -0.31864494 3 -0.32838079 0.03325979 -0.94395959
3 -0.23658204 0.962448 0.13312691 3 0.913746 0.26697245 -0.30625826 3 -0.33029887 0.049188979 -0.94259387
3 -0.20530891 0.96952802 0.13365459 3 0.91915035 0.23791888 -0.31393805 3 -0.33617073 0.058394425 -0.93998897
3 -0.18685757 0.96741128 0.17087859 3 0.92143357 0.23290823 -0.31098816 3 -0.34065253 0.099342793 -0.93492603
3 -0.11384988 0.97973263 0.16480885 3 0.93226725 0.16268964 -0.32312489 3 -0.34338877 0.11685814 -0.93189502
3 -0.077398568 0.98436356 0.15823391 3 0.9344874 0.12694076 -0.33259535 3 -0.34748104 0.12212516 -0.92970026
3 0.29140046 -0.93459696 0.20399567 3 -0.93467373 -0.23277441 0.26870239 3 -0.20364346 -0.26896945 -0.94137388
3 0.3474617 -0.92231882 0.16911037 3 -0.91372305 -0.29251003 0.28204226 3 -0.21066642 -0.25251898 -0.94438004
3 0.50547945 -0.85929257 0.078146055 3 -0.83316422 -0.46254134 0.30313849 3 -0.22433889 -0.21833876 -0.94973695
3 0.46964157 -0.87928712 0.079315513 3 -0.84976757 -0.42584592 0.31072545 3 -0.23944069 -0.21332933 -0.94718462
3 0.38681433 -0.91728163 0.094704665 3 -0.88895434 -0.34360489 0.30281302 3 -0.24522386 -0.20132056 -0.94833291
3 0.38704765 -0.91872555 0.078342535 3 -0.88704258 -0.34780955 0.30361819 3 -0.25169349 -0.18700787 -0.9495675
3 0.31651041 -0.94628131 0.066126883 3 -0.91091478 -0.28374943 0.29953334 3 -0.26467934 -0.15504144 -0.95179135
3 -0.42301854 0.90584594 -0.022325421 3 0.86478937 0.39624408 -0.30843133 3 -0.27054566 -0.14977746 -0.9509846
3 -0.31990507 0.94671136 -0.037394598 3 0.90576369 0.29401302 -0.30520231 3 -0.27794328 -0.1315085 -0.95155299
3 -0.4392724 0.89642173 0.05888845 3 0.84955472 0.43582824 -0.29717106 3 -0.29205689 -0.080507934 -0.95300651
3 -0.66958916 0.72386676 0.1663346 3 0.67958975 0.68746412 -0.25602931 3 -0.29967853 -0.058396958 -0.95225143
3 0.28336668 -0.95793951 -0.04533577 3 -0.90862393 -0.2832998 0.30682892 3 -0.30676779 -0.045749649 -0.95068431
3 0.41285294 -0.90368891 -0.11357309 3 -0.85502613 -0.42751208 0.29353675 3 -0.31382069 -0.024077535 -0.94917697
3 -0.16160397 0.98346716 0.081708223 3 0.93215454 0.17930503 -0.31454286 3 -0.32399336 0.025333308 -0.94572002
3 -0.095322609 0.9920001 0.082761645 3 0.93843842 0.11728418 -0.32492742 3 -0.33203465 0.046693753 -0.94211072
3 -0.27635914 0.9490214 0.15160473 3 0.90114278 0.3107124 -0.30232355 3 -0.33401698 0.053067621 -0.94107199
3 -0.073300079 0.98986644 0.12162018 3 0.93829423 0.10977519 -0.32795328 3 -0.33798084 0.090076521 -0.93683261
3 0.084330335 0.99296868 0.083075479 3 0.93638295 -0.050465487 -0.34733284 3 -0.34069821 0.10708118 -0.93405479
3 -0.028504759 0.98985565 0.13918863 3 0.9371894 0.07489378 -0.34068641 3 -0.34765464 0.12073487 -0.92981684
3 0.16663611 -0.95463502 0.2467881 3 -0.96309143 -0.10392139 0.24830535 3 -0.21139443 -0.2790561 -0.93671787
3 0.23151156 -0.94867861 0.21543273 3 -0.94771379 -0.1699374 0.27011088 3 -0.21963835 -0.26670235 -0.93841827
3 0.40583581 -0.90529978 0.12541726 3 -0.88440996 -0.35440087 0.30367589 3 -0.23046975 -0.23416284 -0.94448483
3 0.46075031 -0.8834694 0.084800474 3 -0.85487241 -0.41608602 0.30994475 3 -0.23854238 -0.21530071 -0.94696522
3 0.3439002 -0.93172073 0.11674418 3 -0.90703201 -0.29744494 0.29802638 3 -0.24295239 -0.20838203 -0.94739181
3 0.31625706 -0.94166774 0.11507992 3 -0.91498536 -0.27073422 0.29917392 3 -0.25056633 -0.19991232 -0.94723374
3 0.34211189 -0.93748701 0.063856393 3 -0.90105647 -0.30802077 0.30532014 3 -0.26656455 -0.16199188 -0.95010626
3 -0.4888601 0.87235934 -0.0022348764 3 0.82905936 0.46379513 -0.31233761 3 -0.27143517 -0.15454033 -0.94996864
3 -0.24772543 0.96644861 -0.06789051 3 0.92776126 0.21645483 -0.30398339 3 -0.27908838 -0.1382935 -0.95025486
3 -0.57260466 0.81412494 0.096563347 3 0.76513553 0.5729838 -0.29369572 3 -0.29443273 -0.094289646 -0.95100933
3 -0.56370836 0.81742436 0.1185343 3 0.76933587 0.57184547 -0.28480688 3 -0.30059063 -0.06935636 -0.95122802
3 0.57483798 -0.80600387 -0.14113505 3 -0.75788897 -0.58946812 0.27952102 3 -0.30849126 -0.053712308 -0.94970965
3 0.28008625 -0.95829397 -0.056783319 3 -0.90909028 -0.28377783 0.30499968 3 -0.30839339 -0.033804387 -0.95065796
3 -0.15278623 0.9861775 0.064111933 3 0.93620408 0.16521059 -0.31020573 3 -0.31650987 0.012626718 -0.94850522
3 -0.17998533 0.97884047 0.097348034 3 0.92891353 0.20168984 -0.31054935 3 -0.32361236 0.034533627 -0.94555938
3 -0.094142921 0.99260789 0.07659477 3 0.93979686 0.11399369 -0.32216057 3 -0.3285104 0.041654319 -0.9435814
3 0.10838942 0.99284977 0.050009698 3 0.93669224 -0.085150987 -0.33964211 3 -0.33295524 0.083657317 -0.93922424
3 0.090550512 0.9929527 0.076455593 3 0.93616927 -0.05868338 -0.34661666 3 -0.33968729 0.1029617 -0.93488568
3 0.14801398 0.98702013 0.062314719 3 0.92832345 -0.11693138 -0.35290581 3 -0.34103858 0.11008321 -0.93358141
3 -0.51061952 0.84874028 -0.1375054 3 0.83149141 0.44674364 -0.33021554 3 -0.21883817 -0.28294799 -0.93383634
3 -0.23113619 0.94750857 -0.22091559 3 0.9473567 0.16747423 -0.27288771 3 -0.22156632 -0.2723577 -0.93633837
3 -0.47560099 0.87366974 -0.10249268 3 0.84725654 0.42362812 -0.32046142 3 -0.23655981 -0.23924737 -0.9417007
3 0.30068141 -0.94285119 0.14360458 3 -0.92211431 -0.24895661 0.29618558 3 -0.24350765 -0.22147729 -0.94427323
3 -0.470651 0.87855053 -0.081464775 3 0.84565425 0.42282611 -0.32571006 3 -0.25170872 -0.22218423 -0.94195384
3 0.35527331 -0.92897099 0.10389286 3 -0.89822608 -0.30850199 0.31307581 3 -0.25878721 -0.20454676 -0.9440285
3 0.32814893 -0.94150096 0.076772794 3 -0.90546364 -0.29034504 0.30957305 3 -0.26917279 -0.17110108 -0.94777143
3 -0.11823429 0.98946422 0.08355248 3 0.93736577 0.13898143 -0.31942043 3 -0.32766739 0.040552784 -0.94392246
3 0.095917284 0.99377108 0.056736365 3 0.93868065 -0.071341395 -0.33732659 3 -0.33117774 0.085612781 -0.93967646
3 0.18867803 0.98121119 0.040314287 3 0.92385942 -0.1634305 -0.3460843 3 -0.33299318 0.10254325 -0.93733692
3 0.25999549 0.96540654 0.019811254 3 0.90577096 -0.23672205 -0.35148484 3 -0.334636 0.10932891 -0.93598396
3 0.40477359 0.91413391 -0.022746429 3 0.85008442 -0.38534525 -0.35897803 3 -0.33691928 0.12596846 -0.93306869
3 -0.6189236 0.78449726 0.03870051 3 0.73368061 0.59501904 -0.32812378 3 -0.28043789 -0.17469205 -0.94384176
3 -0.32714847 0.9434796 -0.053106103 3 0.89959508 0.29374069 -0.32317969 3 -0.28931373 -0.15350242 -0.94484627
3 -0.44738466 0.89334238 0.042266 3 0.84138882 0.43644556 -0.31871647 3 -0.30316904 -0.10702804 -0.94690734
3 0.45384946 -0.8880412 -0.073508278 3 -0.83591861 -0.45287737 0.31006807 3 -0.30864236 -0.079279445 -0.94786853
3 0.48445764 -0.8690719 -0.10007428 3 -0.81742769 -0.4904561 0.30210096 3 -0.31163028 -0.064550206 -0.94800848
3 -0.14101291 0.98997045 0.008600235 3 0.93906826 0.13650286 -0.31546456 3 -0.31347451 -0.036408372 -0.94889838
3 -0.017434478 0.99976301 0.01303301 3 0.94831192 0.020665333 -0.3166661 3 -0.31686044 0.0068384549 -0.94844759
3 0.24777743 0.96725905 -0.054919004 3 0.91466862 -0.25223854 -0.31584293 3 -0.31935468 0.028026048 -0.94722068
3 -0.16730994 -0.927037 0.33557367 3 -0.95809317 0.23315629 0.16641954 3 -0.23251821 -0.2936672 -0.92719728
3 -0.44888049 -0.81430012 0.36799669 3 -0.86042678 0.50502145 0.067963168 3 -0.24118865 -0.28612688 -0.92733997
3 0.35083356 -0.92328799 0.15638174 3 -0.90216339 -0.28847948 0.32075074 3 -0.25103235 -0.25361198 -0.93416476
3 0.41776907 -0.90143746 0.11348908 3 -0.87180382 -0.36256444 0.32940185 3 -0.255788 -0.23655406 -0.93734461
3 0.36966228 -0.9208625 0.12394515 3 -0.8909232 -0.31340358 0.32868636 3 -0.26383001 -0.23192845 -0.93627089
3 0.39896154 -0.91176605 0.09753143 3 -0.87668461 -0.34809178 0.3320488 3 -0.26880094 -0.21797901 -0.93820649
3 0.40726194 -0.91136444 0.059604734 3 -0.86971819 -0.36707416 0.32991934 3 -0.27879736 -0.18620287 -0.94212544
3 -0.49454477 0.86903137 -0.014488899 3 0.82177681 0.46209487 -0.33339328 3 -0.28303462 -0.17678341 -0.94267648
3 -0.2571781 0.96215713 -0.090073384 3 0.92246187 0.21665071 -0.31957251 3 -0.28796482 -0.16527504 -0.9432711
3 -0.4491888 0.89272565 0.03564138 3 0.84187138 0.43628311 -0.31766251 3 -0.29913545 -0.1126845 -0.94753367
3 0.45736441 -0.88680774 -0.066255473 3 -0.83737147 -0.45455286 0.30362928 3 -0.29937708 -0.083389476 -0.95048386
3 0.24819231 -0.96860766 -0.014134238 3 -0.92082196 -0.24042849 0.30705181 3 -0.30081052 -0.063194633 -0.95158774
3 0.48181143 -0.86874139 -0.11465661 3 -0.82247204 -0.49348301 0.28286809 3 -0.30232015 -0.041987505 -0.9522813
3 0.1197789 0.99227887 -0.032182738 3 0.94411367 -0.12387184 -0.30545926 3 -0.3070873 0.0062034191 -0.95166117
3 0.14657927 0.98896915 -0.021320865 3 0.93995488 -0.14596574 -0.30851111 3 -0.30822009 0.025180671 -0.95098186
3 0.21739598 0.97564685 -0.029194385 3 0.92622542 -0.21563613 -0.30920476 3 -0.30796996 0.040179323 -0.95054728
3 0.29341644 0.95590192 -0.012578785 3 0.90508717 -0.28200674 -0.31825969 3 -0.30777237 0.08199773 -0.94792008
3 0.39226136 0.91940284 -0.028803688 3 0.86607623 -0.37969714 -0.32517999 3 -0.30990803 0.10260933 -0.94521332
3 0.39984274 0.91630083 -0.022768799 3 0.86286652 -0.38467252 -0.32785416 3 -0.30917162 0.1114437 -0.94445395
3 0.55302256 0.82990927 -0.073598593 3 0.77236152 -0.54378569 -0.3282603 3 -0.31244808 0.12469061 -0.94171566
3 0.11814052 -0.95444483 0.27400365 3 -0.96267772 -0.042420946 0.26730588 3 -0.24350519 -0.29535687 -0.92383426
3 0.31892368 -0.93153232 0.17474365 3 -0.91304898 -0.25251567 0.32027736 3 -0.25422317 -0.26169357 -0.93106776
3 0.42594421 -0.89689732 0.11894214 3 -0.86674964 -0.36681268 0.33792633 3 -0.25945562 -0.24703068 -0.93362671
3 0.37676114 -0.91729784 0.12890196 3 -0.88819027 -0.31823197 0.33143073 3 -0.26299995 -0.23935968 -0.93463248
3 0.35224488 -0.92749166 0.12523171 3 -0.89714921 -0.29651245 0.32742018 3 -0.26654667 -0.22768354 -0.93654323
3 0.36690369 -0.92680973 0.080033891 3 -0.88838434 -0.32356673 0.32569587 3 -0.27596182 -0.19059986 -0.94208109
3 -0.4962945 0.86791748 -0.020273851 3 0.82141823 0.46189019 -0.33455846 3 -0.28100428 -0.18269382 -0.94215679
3 0.24057576 0.93900365 -0.2457546 3 0.92828619 -0.29655159 -0.2243696 3 -0.28356239 -0.17415097 -0.94300783
3 0.58421892 0.76477534 -0.27167442 3 0.75850159 -0.63358581 -0.15246123 3 -0.28872639 -0.11699311 -0.95023662
3 0.39402673 -0.91823268 -0.039896287 3 -0.87163407 -0.38709506 0.30068555 3 -0.29154372 -0.083701417 -0.95288855
3 0.25082999 -0.96798366 -0.0095844744 3 -0.92168182 -0.24183553 0.30334499 3 -0.29595146 -0.067252077 -0.95283258
3 0.28506029 -0.95731288 -0.047881499 3 -0.91150707 -0.28619435 0.29537696 3 -0.29647174 -0.040555432 -0.95418012
3 0.054336652 0.99845344 -0.011772633 3 0.95388156 -0.055389669 -0.29502985 3 -0.29522553 0.0048012249 -0.95541567
3 0.085424416 0.99634469 0.00019747019 3 0.95129478 -0.081503004 -0.29731432 3 -0.29621142 0.02558572 -0.95477974
3 0.21473552 0.97621763 -0.029793352 3 0.92969674 -0.21365891 -0.30002248 3 -0.2992529 0.036726732 -0.95346665
3 0.31697202 0.9481898 -0.021559596 3 0.89962566 -0.30778041 -0.30974984 3 -0.30033726 0.078786492 -0.95057368
3 0.43787491 0.89779294 -0.047258236 3 0.84689558 -0.4295508 -0.3134551 3 -0.30171758 0.097231343 -0.94842643
3 0.4770157 0.87721223 -0.054356784 3 0.82417816 -0.46794331 -0.31899735 3 -0.30526426 0.10736708 -0.94619554
3 0.61271226 0.78422439 -0.097856596 3 0.72857547 -0.60848129 -0.31452897 3 -0.30620515 0.12141983 -0.94419044
3 0.25452244 -0.93641806 0.24153619 3 -0.93519461 -0.17473999 0.30802155 3 -0.24623084 -0.30428177 -0.92020822
3 0.33254677 -0.92665803 0.17526433 3 -0.90802205 -0.26440039 0.32494381 3 -0.25477183 -0.26720285 -0.92935139
3 0.36589378 -0.91879588 0.14810807 3 -0.89326513 -0.30206022 0.33292231 3 -0.26115006 -0.25411394 -0.93125015
3 0.39793855 -0.9084667 0.12780125 3 -0.8785457 -0.33724585 0.33826411 3 -0.26420122 -0.24688756 -0.93233263
3 0.34654361 -0.92877185 0.13149309 3 -0.89958298 -0.28933352 0.32716477 3 -0.26581603 -0.23166579 -0.93577397
3 0.36041951 -0.92827731 0.091645591 3 -0.89119428 -0.31366915 0.32769564 3 -0.27544606 -0.19978194 -0.940328
3 -0.62281555 0.7818833 0.027555224 3 0.7312786 0.59430212 -0.33471876 3 -0.27808845 -0.18831582 -0.94191509
3 0.16329046 0.96090788 -0.22358978 3 0.9464339 -0.21656109 -0.23950842 3 -0.278566 -0.1725015 -0.94479853
3 0.21215837 0.95898163 -0.18799759 3 0.93520117 -0.25505504 -0.2456539 3 -0.2835269 -0.1236962 -0.95095313
3 0.46173099 -0.88511151 -0.058155812 3 -0.83938253 -0.45719045 0.29396212 3 -0.28677803 -0.086915441 -0.95404613
3 0.29413792 -0.95559525 -0.017904429 3 -0.91109216 -0.28600135 0.29684037 3 -0.28878057 -0.07099741 -0.95475918
3 0.48550996 -0.86758929 -0.10755876 3 -0.82586628 -0.4955205 0.26908052 3 -0.28674766 -0.041814435 -0.95709318
3 0.067901939 0.99760991 -0.012800068 3 0.95519376 -0.068708815 -0.28789604 3 -0.2880874 0.0073221629 -0.95757616
3 0.18254739 0.98274839 -0.029700298 3 0.94046396 -0.18334258 -0.28620505 3 -0.28671286 0.02431394 -0.95770806
3 0.17350504 0.98469943 -0.016219378 3 0.94212848 -0.1707561 -0.28850719 3 -0.28686243 0.034776729 -0.95734036
3 0.38521618 0.92201233 -0.038753279 3 0.87759316 -0.37899753 -0.29358339 3 -0.28537488 0.079083458 -0.95514762
3 0.53548723 0.84132749 -0.073630661 3 0.79436135 -0.53135628 -0.29436484 3 -0.28678134 0.099139266 -0.95285255
3 0.55690038 0.82699281 -0.077102892 3 0.7790553 -0.5522849 -0.2967394 3 -0.2879841 0.10518685 -0.95184082
3 0.74492878 0.65075654 -0.14695872 3 0.59785956 -0.74891931 -0.28580359 3 -0.29604882 0.12504266 -0.9469527
3 0.23484831 -0.93281198 0.27332789 3 -0.94233847 -0.14951667 0.29940465 3 -0.23842117 -0.32788199 -0.91413832
3 0.34743217 -0.91654998 0.19805804 3 -0.9045828 -0.27195698 0.32828259 3 -0.24702415 -0.29321584 -0.92358196
3 0.43963978 -0.88709736 0.14062415 3 -0.8619045 -0.37264046 0.34388936 3 -0.25266108 -0.272392 -0.92842078
3 0.48164219 -0.86881626 0.11480019 3 -0.83840561 -0.41867074 0.34898514 3 -0.25514048 -0.2643351 -0.93006992
3 0.42435482 -0.89778149 0.11794582 3 -0.86833394 -0.36653915 0.33413315 3 -0.25674683 -0.24420741 -0.93511695
3 0.47288564 -0.87907982 0.059979975 3 -0.84066379 -0.42973408 0.32956424 3 -0.26393789 -0.20626923 -0.94222587
3 0.44716325 0.84265327 -0.29996741 3 0.85433632 -0.50168228 -0.13573608 3 -0.26486766 -0.1955785 -0.9442426
3 0.16458695 0.96082389 -0.22299886 3 0.94939804 -0.21562943 -0.22835717 3 -0.26749605 -0.17412947 -0.9476943
3 0.29280695 0.93463784 -0.20178229 3 0.91799992 -0.33381855 -0.21410537 3 -0.26746973 -0.12254477 -0.95574194
3 0.30029675 0.93887722 -0.16831931 3 0.91596973 -0.33308029 -0.22373401 3 -0.26612189 -0.086986557 -0.96000648
3 0.25921798 -0.96576881 -0.0098288385 3 -0.92902958 -0.25211316 0.27081898 3 -0.26402643 -0.061070193 -0.96258014
3 0.2923843 -0.95549917 -0.03915038 3 -0.91829383 -0.29195547 0.2673921 3 -0.26692384 -0.042227287 -0.9627921
3 0.25950664 0.96325803 -0.069211945 3 0.92904228 -0.26857215 -0.25445965 3 -0.26369867 0.0017331431 -0.96460366
3 0.27835286 0.95915186 -0.050472826 3 0.92372787 -0.28172961 -0.25952941 3 -0.26314777 0.025617596 -0.96441543
3 0.27404574 0.96096903 -0.037910335 3 0.92474741 -0.27413088 -0.26399666 3 -0.26408508 0.037289683 -0.96377826
3 0.24741791 0.96876997 0.016402023 3 0.93373704 -0.2338827 -0.2709873 3 -0.25868824 0.082362294 -0.96244329
3 0.33746982 0.94130826 0.0072675049 3 0.905159 -0.3223708 -0.27706316 3 -0.258459 0.10007877 -0.96082413
3 0.37481949 0.92708957 0.0039168894 3 0.89010453 -0.35867858 -0.28118283 3 -0.25927675 0.10887925 -0.95964628
3 0.49642587 0.8676787 -0.026361488 3 0.82787138 -0.48234919 -0.28630096 3 -0.26113269 0.12030332 -0.95777708
3 0.03186015 -0.93853891 0.34369993 3 -0.9712193 0.052140668 0.23240982 3 -0.2360464 -0.34121263 -0.90986592
3 0.44530079 -0.88033748 0.16344157 3 -0.860861 -0.37074304 0.3485226 3 -0.24622265 -0.29589787 -0.92294037
3 0.50446975 -0.8550474 0.12001744 3 -0.82713705 -0.43869787 0.35126689 3 -0.24769844 -0.27647442 -0.92855126
3 0.51268649 -0.851722 0.1082695 3 -0.82173711 -0.45022914 0.34934521 3 -0.24879891 -0.26807362 -0.93071789
3 0.36663106 -0.9180541 0.1508584 3 -0.89623195 -0.30498672 0.32210448 3 -0.24969955 -0.25329766 -0.93460709
3 0.38611552 -0.91687977 0.10122317 3 -0.88618141 -0.33822677 0.31667781 3 -0.25611913 -0.21197632 -0.94311661
3 0.38161698 -0.9200412 0.088840537 3 -0.88713515 -0.33758113 0.31469077 3 -0.25953758 -0.1989049 -0.94502759
3 0.20735233 0.94977742 -0.23436688 3 0.94364786 -0.25735873 -0.20807515 3 -0.25794107 -0.17801324 -0.94961983
3 0.27204117 -0.9613201 0.043094732 3 -0.92720044 -0.24987695 0.27903545 3 -0.25747362 -0.11586806 -0.95931327
3 0.4694992 -0.88166875 -0.047230598 3 -0.84493798 -0.46417549 0.26574567 3 -0.25622335 -0.084859677 -0.96288538
3 0.26224267 -0.96499747 -0.0029625371 3 -0.92973447 -0.25347981 0.26709887 3 -0.25850055 -0.067290798 -0.96366453
3 0.29400602 -0.95502245 -0.03863328 3 -0.92026758 -0.2937628 0.25847772 3 -0.25820041 -0.040443148 -0.96524441
3 0.16439846 0.98569632 -0.037093684 3 0.95237136 -0.1684072 -0.25422019 3 -0.25683072 0.0064664437 -0.96643478
3 0.26349109 0.96359056 -0.04545112 3 0.93049133 -0.26630455 -0.25153148 3 -0.25447717 0.023984391 -0.96678138
3 0.26507571 0.96354306 -0.036327071 3 0.93031245 -0.26547474 -0.2530649 3 -0.25348285 0.033285845 -0.96676701
3 0.19354182 0.9806143 0.03061178 3 0.94856435 -0.17906618 -0.26107642 3 -0.25053376 0.079566464 -0.9648326
3 0.2494323 0.96789509 0.031025261 3 0.93590832 -0.23271316 -0.26442418 3 -0.24871488 0.094992734 -0.9639073
3 0.32063213 0.94694221 0.02226074 3 0.91237342 -0.3024421 -0.2758688 3 -0.2544992 0.10876252 -0.9609375
3 0.32923266 0.94342798 0.039365202 3 0.91015041 -0.30596539 -0.27930528 3 -0.25146002 0.12778464 -0.95939505
3 -0.55083328 -0.82465726 0.12854221 3 -0.75900757 0.55901098 0.33378789 3 -0.3471171 0.086296976 -0.9338429
3 -0.42856085 -0.90119976 0.064612955 3 -0.82678956 0.42000347 0.37418783 3 -0.36435559 0.10694087 -0.92509937
3 -0.490309 -0.86702943 0.088640004 3 -0.79213637 0.48573875 0.3695645 3 -0.3634792 0.11098582 -0.92496765
3 0.38192332 -0.89386785 0.23480853 3 -0.89381427 -0.2926417 0.33978969 3 -0.23501226 -0.33964878 -0.91071832
3 0.49087703 -0.85761219 0.15343052 3 -0.83832741 -0.4170174 0.35114577 3 -0.23716372 -0.30099446 -0.92366421
3 0.54535097 -0.83076006 0.11149053 3 -0.80337858 -0.48010251 0.35225648 3 -0.2391137 -0.28167248 -0.92923909
3 0.56842476 -0.81771934 0.090711117 3 -0.78621793 -0.50739992 0.35271338 3 -0.2423937 -0.2718097 -0.93132412
3 0.39471799 -0.90723693 0.14532328 3 -0.88596362 -0.33391184 0.32182485 3 -0.24344626 -0.25578117 -0.93557996
3 0.36105886 -0.92522037 0.1166354 3 -0.89919245 -0.31226304 0.30650419 3 -0.24716297 -0.2155437 -0.94469643
3 0.58583856 0.74829018 -0.31121522 3 0.77206725 -0.6320641 -0.066386737 3 -0.24638472 -0.20138745 -0.94801784
3 0.12696905 0.96795708 -0.21665177 3 0.96035898 -0.17461058 -0.21730576 3 -0.24817246 -0.18047333 -0.95175618
3 0.40268958 0.88968045 -0.21519731 3 0.88100839 -0.44050524 -0.17256722 3 -0.2483243 -0.12009764 -0.96120322
3 0.40421921 -0.91425782 -0.027192611 3 -0.88040215 -0.39696714 0.2594403 3 -0.24799082 -0.080928266 -0.96537626
