ply
format ascii 1.0
comment PCL generated
element vertex 11978
property list uint float x_axis
property list uint float y_axis
property list uint float z_axis
element camera 1
property float view_px
property float view_py
property float view_pz
property float x_axisx
property float x_axisy
property float x_axisz
property float y_axisx
property float y_axisy
property float y_axisz
property float z_axisx
property float z_axisy
property float z_axisz
property float focal
property float scalex
property float scaley
property float centerx
property float centery
property int viewportx
property int viewporty
property float k1
property float k2
end_header
3 -0.48585713 -0.87231976 0.054779857 3 -0.84184968 0.48389643 0.23902529 3 -0.23501433 0.070015758 -0.96946687
3 -0.73611605 -0.64523703 0.20445593 3 -0.66252536 0.6250456 -0.41276845 3 0.13853928 -0.43930274 -0.88759214
3 0.68176377 -0.71247882 0.16604879 3 -0.70185667 -0.70103312 -0.12629314 3 0.20638686 -0.030440362 -0.97799689
3 0.40819561 -0.90425211 0.12531714 3 -0.88728058 -0.42527637 -0.1785313 3 0.21473175 -0.03831578 -0.97592133
3 0.46597388 -0.88189507 0.071618423 3 -0.8618263 -0.47071111 -0.18890774 3 0.20030843 0.026303453 -0.97937965
3 -0.31994382 0.93989325 -0.11931767 3 0.92244798 0.33775833 0.18710756 3 0.21616165 -0.050200421 -0.97506624
3 0.24016811 0.97034454 -0.027402312 3 0.94430476 -0.22699499 0.23824789 3 0.22496232 -0.08309564 -0.9708178
3 -0.22150308 0.97507781 -0.01264183 3 0.97196323 0.22180729 0.078035086 3 0.078894325 0.0049976096 -0.99687064
3 -0.92270738 0.3468315 0.16828288 3 0.37500623 0.90871555 0.18332118 3 -0.089339681 0.2322589 -0.9685424
3 -0.97040939 0.22322421 0.092068672 3 0.24096218 0.91984051 0.3095654 3 -0.01558601 0.32259023 -0.94641042
3 -0.23317325 0.22024825 -0.94716465 3 0.9428333 0.2896989 -0.16474202 3 0.23810841 -0.93143183 -0.27520746
3 -0.97439611 -0.065490171 -0.21508935 3 0.10377315 0.7176556 -0.68862331 3 0.19945806 -0.69331229 -0.69248462
3 0.18620074 -0.90055603 0.39284629 3 -0.93238795 -0.28804103 -0.21836977 3 0.30981004 -0.32562453 -0.89330095
3 0.6352213 -0.75454485 0.16479135 3 -0.75066525 -0.65336788 -0.098043732 3 0.18164772 -0.061423674 -0.98144358
3 0.50220186 -0.8414436 0.19941397 3 -0.80151194 -0.53949451 -0.25792289 3 0.32461032 -0.030303337 -0.94536227
3 -0.10344829 -0.99331164 -0.051288396 3 -0.94909185 0.11400504 -0.2936455 3 0.29752862 0.018300273 -0.95453757
3 -0.49289054 0.85380632 -0.16755179 3 0.75151396 0.51480019 0.41256207 3 0.43850383 0.077430479 -0.89538759
3 -0.37842676 0.90723848 -0.18360713 3 0.86230505 0.41763961 0.2863692 3 0.33648676 -0.049955595 -0.94036227
3 0.017091546 0.99646056 -0.082306504 3 0.94196194 0.011556875 0.33552095 3 0.33528456 -0.083264157 -0.93843031
3 -0.5605365 0.8224349 -0.09695188 3 0.80921918 0.56884593 0.14689673 3 0.17596368 0.003885671 -0.98438901
3 -0.26899764 0.95568937 0.11957415 3 0.94258177 0.23570436 0.23660721 3 0.19793887 0.17635518 -0.96421939
3 -0.89336401 -0.37474132 -0.24793109 3 -0.436968 0.85311228 0.28505918 3 0.1046896 0.3629995 -0.92588967
3 -0.66485715 -0.64195251 -0.38191876 3 -0.74075878 0.63243246 0.2265067 3 0.09613128 0.43350428 -0.89600927
3 -0.13943785 -0.62752354 -0.76601005 3 -0.97673523 -0.040119879 0.21066308 3 -0.16292825 0.77756339 -0.60733002
3 0.35276508 0.27497461 -0.8943969 3 0.87636691 0.23789501 0.41879255 3 0.32792988 -0.93155515 -0.15705763
3 0.73731738 -0.35158789 0.57684404 3 -0.64103723 -0.63356072 0.43321174 3 0.21315375 -0.68919307 -0.69251621
3 0.44910622 -0.70902896 0.54367393 3 -0.87478471 -0.47275603 0.10608113 3 0.18181059 -0.52323949 -0.83256555
3 0.41723445 -0.86041683 0.29257193 3 -0.84916699 -0.48379645 -0.2117936 3 0.32377604 -0.16007487 -0.9324941
3 0.42563373 -0.86872244 0.25329274 3 -0.81175524 -0.49025047 -0.3173449 3 0.39986154 -0.070539013 -0.91385716
3 -0.86939549 -0.37157971 -0.32569936 3 -0.37044767 0.92636019 -0.068011001 3 0.3269864 0.061526094 -0.94302416
3 -0.91839242 0.15017942 -0.36606205 3 0.13644966 0.98862505 0.063259199 3 0.37139836 0.0081477249 -0.92843777
3 -0.78451139 0.50135928 -0.36493945 3 0.50653344 0.85758674 0.089269191 3 0.35772315 -0.11482132 -0.92674178
3 -0.9060362 0.24448943 -0.34543204 3 0.26452252 0.96431333 -0.011297651 3 0.33034253 -0.10161062 -0.93837577
3 -0.90365946 0.40596381 -0.1363565 3 0.39537522 0.91321123 0.098610312 3 0.16455448 0.035198152 -0.98573989
3 -0.64187753 0.76512647 0.050739881 3 0.74071008 0.60155737 0.29912722 3 0.19834724 0.22958662 -0.95286322
3 -0.9035728 0.42831534 0.010107853 3 0.40059802 0.83626473 0.37440953 3 0.1519125 0.34235546 -0.92720836
3 -0.88936681 0.45715895 0.0056921877 3 0.41283655 0.79766685 0.43965161 3 0.19645016 0.39336151 -0.89815032
3 -0.90292579 -0.27382615 -0.3312766 3 -0.42914897 0.61668581 0.65994698 3 0.02358282 0.73805016 -0.67433381
3 -0.027223855 -0.37110877 -0.92819035 3 -0.99830413 -0.037706077 0.044355925 3 -0.051459279 0.9278236 -0.36945283
3 0.11818385 0.48635688 -0.86573064 3 0.92429852 -0.37251496 -0.083095208 3 -0.36291155 -0.79037303 -0.49356416
3 -0.91312933 -0.34820086 0.21201703 3 -0.30864036 0.25069731 -0.91754693 3 0.26633847 -0.90327579 -0.33638784
3 -0.53184462 0.20293589 -0.82216692 3 0.7536692 0.55614817 -0.35026035 3 0.38616616 -0.80592585 -0.44873086
3 0.64667553 -0.58585697 0.48844886 3 -0.64052016 -0.76480639 -0.069318265 3 0.41417941 -0.26803493 -0.86983484
3 0.82649231 -0.38199779 0.41350698 3 -0.39732268 -0.91619116 -0.052233353 3 0.39880455 -0.12112527 -0.90900141
3 -0.87579584 -0.12375271 -0.46654782 3 -0.071788579 0.98922014 -0.12763222 3 0.47731331 -0.078286961 -0.87523896
3 -0.87748492 0.0053179413 -0.47957474 3 0.010098698 0.99992168 -0.007389734 3 0.47949782 -0.011327459 -0.8774699
3 0.92008257 0.078345448 0.38380989 3 0.056953423 -0.99613911 0.066806808 3 0.38755971 -0.039608695 -0.92099327
3 0.97276384 0.015404073 0.23128584 3 -0.0076628271 -0.99510694 0.098505042 3 0.23167382 -0.097594418 -0.96788555
3 -0.92073089 0.29003105 -0.26102969 3 0.31449842 0.9475764 -0.056475691 3 0.23096588 -0.13409235 -0.96367729
3 -0.071580991 0.99656141 -0.041731648 3 0.97738183 0.078427844 0.19640248 3 0.19900027 -0.026732273 -0.97963482
3 -0.5434922 0.83783889 0.051404104 3 0.81461215 0.51166761 0.27313659 3 0.20254263 0.19032197 -0.96060091
3 -0.39864263 0.88752627 0.23104379 3 0.90079778 0.33162597 0.28033483 3 0.17218438 0.31987715 -0.93168187
3 -0.73761785 0.63114697 0.2399447 3 0.65369588 0.57849085 0.48788333 3 0.1691203 0.51672226 -0.83928335
3 -0.64589947 0.66832864 0.36898607 3 0.7369476 0.41965395 0.52990437 3 0.19930379 0.61418837 -0.76357746
3 -0.60413283 -0.31150302 -0.73347747 3 -0.79650974 0.20785978 0.56777304 3 -0.024402557 0.92723244 -0.37369019
3 0.17308742 0.35953063 0.91693962 3 0.9799763 0.030166861 -0.19681501 3 -0.098422237 0.9326455 -0.34711009
3 -0.49931562 0.69321585 -0.51974565 3 0.6713739 -0.069620863 -0.73784125 3 -0.54766846 -0.71735942 -0.43064433
3 -0.7880221 0.56765443 0.23830602 3 0.2120797 0.61368835 -0.76053226 3 -0.57796508 -0.54877621 -0.60398787
3 0.12177429 0.53892535 -0.83350503 3 0.99206001 -0.039494343 0.11940288 3 0.031430498 -0.84142709 -0.53945559
3 -0.60699594 -0.63240981 0.48126262 3 -0.66921329 0.080144063 -0.73873568 3 0.42861336 -0.77047688 -0.47186422
3 -0.071344912 -0.78634632 0.61365223 3 -0.79246199 -0.32892567 -0.5136258 3 0.60573393 -0.52294081 -0.59968257
3 0.75931418 -0.39962241 0.51356018 3 -0.43790019 -0.89757651 -0.050992817 3 0.48133737 -0.18616851 -0.85653716
3 0.39921865 -0.87181598 0.28383371 3 -0.76039797 -0.48779461 -0.42877954 3 0.51226932 -0.044649806 -0.85766357
3 -0.16737846 -0.96977937 -0.17751637 3 -0.75993741 0.24161597 -0.60342062 3 0.6280759 0.03390168 -0.77741319
3 -0.060474798 0.99684 -0.051507205 3 0.74842042 0.079426572 0.65845168 3 0.6604619 0.0012706816 -0.7508586
3 0.083461016 0.96747583 -0.2387988 3 0.8983804 0.030646183 0.43814787 3 0.43121576 -0.25109985 -0.86660361
3 0.58907795 0.79713029 -0.13255337 3 0.730685 -0.455394 0.50864112 3 0.34508777 -0.39648607 -0.85071343
3 0.23589635 0.97098124 -0.039349318 3 0.95189095 -0.22272927 0.21046486 3 0.19559319 -0.087104134 -0.9768092
3 0.60469007 -0.79472071 -0.052619882 3 -0.76383394 -0.55993605 -0.32098174 3 0.22562823 0.23428585 -0.94562256
3 -0.00090271235 0.94086742 0.33877394 3 0.97924149 -0.0678363 0.19100919 3 0.20269549 0.33191392 -0.92127508
3 -0.96399188 0.26561385 0.01299642 3 0.19971289 0.69081622 0.69490117 3 0.17559725 0.67247468 -0.71898776
3 -0.62425339 0.68122208 0.38241875 3 0.74771821 0.37918329 0.54510295 3 0.22632936 0.62622386 -0.74606866
3 -0.99730563 0.070219547 0.021232694 3 0.050108187 0.44065836 0.89627552 3 0.053579681 0.8949244 -0.44298959
3 -0.41405907 0.30920428 0.85612381 3 0.91020721 0.13151231 0.39271823 3 0.0088393437 0.94185847 -0.33589381
3 -0.73670894 0.17037842 0.65439385 3 -0.51972067 0.47645032 -0.70914435 3 -0.43260902 -0.86253488 -0.26245597
3 -0.7292074 0.66687161 -0.15342379 3 0.49573743 0.36027467 -0.79021943 3 -0.47170019 -0.65229177 -0.59330815
3 0.20444825 0.62260389 -0.75535786 3 0.86529732 -0.47573382 -0.15791881 3 -0.45767003 -0.62132275 -0.63600039
3 0.36299071 0.73619539 -0.57118666 3 0.84433722 -0.51915675 -0.13255602 3 -0.39412248 -0.43415749 -0.8100462
3 0.2698032 0.60613424 -0.74820304 3 0.8796159 0.16099201 0.44761372 3 0.3917686 -0.77889872 -0.48972905
3 -0.32095349 -0.91351223 0.2499685 3 -0.5851047 -0.016290545 -0.81079423 3 0.74474257 -0.40648493 -0.52927184
3 0.5335201 -0.585105 0.61074412 3 -0.60625672 -0.76806581 -0.20622222 3 0.58975339 -0.26024404 -0.76450241
3 0.11000043 -0.99326742 0.036331311 3 -0.87146896 -0.11396024 -0.47702768 3 0.47795627 0.02081161 -0.87813717
3 0.64122295 0.59487957 0.48471767 3 0.36244914 -0.79156613 0.49198917 3 0.67636055 -0.13978925 -0.72318411
3 -0.075712532 0.99706286 -0.01155442 3 0.39035431 0.040300637 0.9197824 3 0.91754633 0.065128714 -0.39225897
3 0.51547617 0.84635895 -0.13401793 3 0.72507322 -0.34745476 0.59459603 3 0.45667666 -0.40367264 -0.79277694
3 0.62860799 0.76033348 -0.16353905 3 0.70738804 -0.47159055 0.52650225 3 0.32319444 -0.44664827 -0.83429658
3 0.58780903 -0.7847966 0.19640496 3 -0.78013819 -0.6141485 -0.11918946 3 0.21416132 -0.083162412 -0.97325176
3 0.57291305 -0.81663781 -0.069808751 3 -0.78786772 -0.5252437 -0.3215335 3 0.2259111 0.23920901 -0.94432175
3 -0.14287375 0.90952319 0.39032659 3 0.95892006 0.029554382 0.28213325 3 0.24507083 0.41460142 -0.87638241
3 -0.75196469 0.59822607 0.27690217 3 0.6187225 0.49556822 0.60958588 3 0.22744624 0.62971252 -0.74278563
3 -0.62142169 0.65474856 0.4302786 3 0.74621123 0.32725909 0.57971609 3 0.23875563 0.68132669 -0.69194645
3 -0.90787172 -0.061444759 -0.41472071 3 -0.39894703 0.430702 0.80952871 3 0.12887974 0.90040004 -0.41553548
3 0.086540833 0.31416851 0.94541466 3 0.99071813 -0.126991 -0.048487723 3 0.10482583 0.9408356 -0.32224235
3 nan nan nan 3 nan nan nan 3 nan nan nan
3 nan nan nan 3 nan nan nan 3 nan nan nan
3 0.82888311 -0.13630591 -0.54256207 3 0.28817767 -0.7272405 0.62295687 3 -0.47948575 -0.67271262 -0.56351697
3 0.43272567 -0.72138476 0.5406962 3 -0.84094501 -0.10684563 0.53046727 3 -0.32490003 -0.68424267 -0.65287983
3 0.0015458018 -0.79061532 0.61231136 3 -0.95607853 0.17830478 0.23264046 3 -0.29310709 -0.58577722 -0.75561458
3 -0.027085215 0.95527303 -0.29448247 3 0.92696607 -0.086264625 -0.36509255 3 -0.37416643 -0.28286383 -0.88316911
3 -0.7365725 0.63414538 -0.23520318 3 0.67568088 0.67434722 -0.29784375 3 -0.030267617 -0.37830585 -0.92518562
3 -0.090052076 -0.90744764 0.41040164 3 -0.73983675 -0.21491335 -0.63753748 3 0.66673255 -0.3610425 -0.65200931
3 -0.12987873 -0.98615837 -0.10306925 3 -0.44871479 0.15115407 -0.88079953 3 0.88418704 -0.068148404 -0.46213549
3 0.64275837 0.34301767 0.68498218 3 0.072676897 -0.91742313 0.39121988 3 0.76261383 -0.20167747 -0.61461085
3 -0.080639929 -0.93172848 0.35408938 3 -0.39759877 -0.2956903 -0.86860961 3 0.91400903 -0.21083009 -0.34660962
3 0.52618927 0.46913606 0.70925063 3 0.01600863 -0.83936912 0.54332662 3 0.85021698 -0.27453846 -0.44917718
3 0.52532732 -0.59759045 0.60573673 3 -0.75230038 -0.65881568 0.0024796426 3 0.397587 -0.45699856 -0.79566133
3 0.59594637 0.79452378 -0.11653319 3 0.75211459 -0.50140798 0.42768431 3 0.28137574 -0.34252179 -0.89638531
3 0.53067189 0.84530652 -0.062004045 3 0.81776232 -0.49140027 0.2996515 3 0.22282849 -0.20972115 -0.95203185
3 0.62540448 -0.77923775 -0.040717255 3 -0.742688 -0.57844156 -0.33737242 3 0.23933886 0.24123673 -0.94049025
3 -0.18868533 0.88143814 0.43297178 3 0.94986796 0.051885799 0.30831575 3 0.24929619 0.46944076 -0.84704
3 -0.025567409 -0.72856337 -0.68450105 3 -0.96451604 0.19797143 -0.17468864 3 0.26278344 0.65574652 -0.7077722
3 0.59869909 0.45475656 0.65936023 3 0.76130444 -0.57893443 -0.29197699 3 0.2489479 0.67678022 -0.69281566
3 -0.60927355 -0.21930811 -0.76202995 3 -0.7667526 0.40795884 0.49564114 3 0.20217875 0.88626951 -0.4167136
3 -0.58595699 0.30583671 0.75041205 3 0.79841119 0.059570618 0.59915847 3 0.13854215 0.9502185 -0.27908927
3 nan nan nan 3 nan nan nan 3 nan nan nan
3 -0.47570679 0.21756312 -0.85227305 3 0.86695796 -0.04773815 -0.49608967 3 -0.14861675 -0.97487813 -0.16590871
3 -0.061457813 -0.63487643 0.77016538 3 -0.96041387 0.24767312 0.12752703 3 -0.2717132 -0.73184001 -0.62496573
3 0.59936059 -0.69138038 0.40343535 3 -0.77766752 -0.38345903 0.49818939 3 -0.18973739 -0.61233366 -0.76749426
3 -0.96339512 -0.26277536 0.053094275 3 -0.25198063 0.81997383 -0.51395392 3 0.091518499 -0.50851941 -0.85617304
3 -0.48940757 0.83011883 -0.26717591 3 0.87141883 0.45382985 -0.18619287 3 -0.033309791 -0.32394633 -0.94548893
3 -0.4623391 -0.88485062 0.057287883 3 -0.87905008 0.44892091 -0.16044003 3 0.11624773 -0.12453661 -0.98538172
3 -0.5342527 -0.80394578 -0.26123786 3 -0.70076162 0.59404415 -0.3950251 3 0.47276586 -0.027977375 -0.88074392
3 -0.819233 0.22456613 -0.52766216 3 0.15609242 0.97271687 0.17163102 3 0.55180836 0.05824174 -0.83193481
3 -0.46449155 -0.81338263 -0.35022354 3 -0.45653826 0.55880815 -0.69231981 3 0.75882846 -0.16168626 -0.63090181
3 0.62857938 0.30235383 0.71656829 3 -0.082338408 -0.89029229 0.44788408 3 0.7733745 -0.34053189 -0.5347243
3 -0.46991962 -0.72913152 0.49753678 3 -0.69848931 -0.037476286 -0.71463859 3 0.5397113 -0.68334681 -0.4916797
3 0.60562479 -0.51912391 0.60309935 3 -0.73076749 -0.66280282 0.16331321 3 0.31495625 -0.53963202 -0.78076881
3 0.55485153 -0.74227548 0.37572199 3 -0.79196131 -0.60958171 -0.034750834 3 0.25482795 -0.2782757 -0.9260807
3 0.7014578 0.70846951 0.077638999 3 0.68178868 -0.69876987 0.21652952 3 0.20765637 -0.098952934 -0.97318417
3 0.35743719 -0.91485691 -0.18781751 3 -0.90518552 -0.28984067 -0.31085604 3 0.22995165 0.28112125 -0.93171513
3 0.0090879798 0.85977399 0.51059401 3 0.95928001 -0.15165433 0.23829211 3 0.28231111 0.48763698 -0.82614207
3 0.061995119 -0.71500349 -0.69636667 3 -0.9492178 0.17338589 -0.26253179 3 0.30845132 0.67727935 -0.66794497
3 -0.0090976059 0.6809659 0.73225874 3 0.9521364 -0.21785252 0.2144219 3 0.30553836 0.69916075 -0.64639038
3 0.54565322 0.18600395 0.8171078 3 0.80217314 -0.39802957 -0.44507381 3 0.24244754 0.89831781 -0.36639351
3 -0.74835831 0.3518528 0.56228071 3 0.62843269 0.10490294 0.77075809 3 0.21220845 0.93015867 -0.29962072
3 nan nan nan 3 nan nan nan 3 nan nan nan
3 0.80434972 -0.021571076 -0.59376448 3 0.57526916 -0.22169197 0.78734881 3 -0.14861675 -0.97487813 -0.16590871
3 -0.36242196 -0.55595231 0.74804246 3 -0.92972541 0.27187195 -0.24838839 3 -0.065279625 -0.78549534 -0.61541528
3 -0.23543423 -0.77871525 0.5815267 3 -0.97113776 0.21203427 -0.1092379 3 -0.03823835 -0.59046084 -0.80615997
3 -0.83918697 0.4727253 -0.26887915 3 0.53573948 0.8036086 -0.25922245 3 0.093533717 -0.36158594 -0.92763513
3 -0.77408302 -0.63223839 -0.032712936 3 -0.55951035 0.70738626 -0.43191791 3 0.29621574 -0.31603709 -0.90131956
3 -0.92918694 0.037894994 -0.36766213 3 0.06782265 0.99532098 -0.06881927 3 0.36333397 -0.088881798 -0.92740953
3 -0.51334965 -0.82636213 -0.23151177 3 -0.82457173 0.54971486 -0.13377266 3 0.23781067 0.12222678 -0.96359056
3 -0.72756153 -0.58786595 -0.35364938 3 -0.55525243 0.80734581 -0.19971983 3 0.40292799 0.051057983 -0.91380668
3 -0.40494245 0.89571381 -0.18362585 3 0.80108768 0.4443686 0.40099296 3 0.44077247 0.015278623 -0.89748889
3 -0.54379666 0.77652228 -0.31827414 3 0.674793 0.63006335 0.38428515 3 0.49893886 -0.0057962341 -0.8666181
3 -0.091725856 0.98024732 -0.17521793 3 0.81524712 0.17496428 0.55204993 3 0.57180244 -0.092208728 -0.81519276
3 0.64833653 -0.39785156 0.64913321 3 -0.70550871 -0.63445801 0.31578568 3 0.28621188 -0.66270447 -0.69203007
3 0.090198502 -0.92168951 0.37729686 3 -0.93319231 -0.21054593 -0.29124394 3 0.34787473 -0.32582071 -0.87910426
3 0.32577872 -0.9249391 0.19584686 3 -0.86562335 -0.37510955 -0.33164608 3 0.38021642 -0.06148636 -0.9228515
3 0.35521942 -0.91356182 -0.19805013 3 -0.88058066 -0.25593019 -0.3988452 3 0.31368279 0.31607667 -0.89537638
3 0.21058851 -0.83991587 -0.50019389 3 -0.92286873 -0.002043128 -0.38510963 3 0.32243767 0.54271293 -0.77556223
3 0.31545964 -0.73886508 -0.59545249 3 -0.88512444 -0.0028824359 -0.4653458 3 0.34211138 0.67384732 -0.6548968
3 -0.18069306 0.66216075 0.72725058 3 0.91554111 -0.15692085 0.37035209 3 0.35935327 0.73274773 -0.57788068
3 -0.60825795 -0.055420056 -0.79180229 3 -0.74249947 0.39233786 0.54292315 3 0.28056517 0.91815013 -0.27979198
3 -0.7855171 0.34839487 0.51145256 3 0.56921566 0.082493901 0.81803912 3 0.24280897 0.93371069 -0.26311225
3 0.91018754 -0.021735555 -0.41362578 3 0.41419646 0.047758523 0.9089337 3 -1.9352883e-06 -0.99862236 0.052471958
3 -0.94980907 -0.25859287 0.17604691 3 -0.28592956 0.4893125 -0.82390404 3 0.12691373 -0.83288848 -0.53869277
3 -0.92108315 0.17111579 -0.34975028 3 0.32581794 0.83054066 -0.45171317 3 0.21318655 -0.5300203 -0.82074958
3 -0.9006362 0.17996693 -0.39555815 3 0.30298287 0.91255593 -0.27466878 3 0.31153771 -0.36722404 -0.87640786
3 -0.80376691 -0.55959278 -0.20202602 3 -0.53825724 0.82863456 -0.15376516 3 0.25345165 -0.014849391 -0.96723402
3 -0.94312829 -0.021828514 -0.33171147 3 2.2351742e-08 0.99784195 -0.065663777 3 0.33242759 -0.061929408 -0.9410935
3 -0.91022831 -0.27186835 -0.31236535 3 -0.29315403 0.95580393 0.022359297 3 0.29248217 0.1119235 -0.94969869
3 -0.71360415 0.69913852 -0.044435278 3 0.68031389 0.7067312 0.19417518 3 0.16715914 0.10833427 -0.97995991
3 -0.66282773 0.73399121 -0.14804283 3 0.69850916 0.67734581 0.23084265 3 0.26971257 0.049599603 -0.96166283
3 -0.86705542 0.45017624 -0.2134387 3 0.44462785 0.89247257 0.076148041 3 0.22476827 -0.028876226 -0.97398424
3 -0.83389544 -0.53879333 -0.11966647 3 -0.48689407 0.82024795 -0.30021238 3 0.25990862 -0.19208084 -0.94633639
3 0.32413176 0.71198291 -0.62291169 3 0.86189169 0.04918392 0.50470167 3 0.3899757 -0.70047337 -0.59770906
3 0.28583002 0.9351787 -0.2091458 3 0.78693354 -0.10451818 0.6081214 3 0.54684269 -0.33840317 -0.76579791
3 0.63635522 -0.67430425 0.37465441 3 -0.60633779 -0.73748136 -0.29744914 3 0.47687182 -0.037883807 -0.87815613
3 0.76460189 0.2706008 0.58494389 3 0.4188664 -0.89841747 -0.13189909 3 0.48983166 0.34586355 -0.80027711
3 0.85655832 0.075659275 0.51047379 3 0.32512602 -0.84730107 -0.41996908 3 0.4007504 0.52569634 -0.75036162
3 0.46826565 -0.68736774 -0.55520523 3 -0.78566772 -0.03639856 -0.61757708 3 0.40429384 0.72539699 -0.55708683
3 0.53388828 -0.56014264 -0.63340634 3 -0.76087338 0.0084996223 -0.64884472 3 0.36882931 0.82835257 -0.42165977
3 -0.77325451 0.38458961 0.50415134 3 0.56332362 0.051635534 0.82462156 3 0.29110867 0.92164242 -0.25657576
3 0.02597441 -0.30998474 -0.95038664 3 -0.94159371 0.31171915 -0.1274066 3 0.33574781 0.89818752 -0.28378263
3 nan nan nan 3 nan nan nan 3 nan nan nan
3 0.94216073 -0.053547211 -0.33085632 3 0.30322257 -0.28438348 0.90949559 3 -0.14279102 -0.95721406 -0.2516982
3 -0.91303265 -0.3806628 0.14651726 3 -0.32112217 0.44935223 -0.83364469 3 0.25149968 -0.8081947 -0.53251249
3 -0.91739076 -0.38642472 -0.095235929 3 -0.24670208 0.7399196 -0.62582493 3 0.31230122 -0.55063123 -0.77412736
3 -0.722709 -0.6882239 -0.063559592 3 -0.57702118 0.65143025 -0.49263138 3 0.38044521 -0.31935385 -0.86791408
3 -0.53538513 -0.84279042 0.055381525 3 -0.78588164 0.47306398 -0.39824691 3 0.30943948 -0.25673905 -0.91560483
3 -0.53549552 -0.83559066 -0.12260876 3 -0.8088268 0.54918915 -0.21021543 3 0.24299042 -0.013398623 -0.96993613
3 -0.97587609 -0.050102051 -0.21249868 3 -0.068501294 0.9944284 0.080122262 3 0.20730127 0.092745878 -0.97387075
3 -0.83335459 0.54901749 -0.064030938 3 0.53758484 0.83199012 0.13709518 3 0.1285394 0.079827718 -0.98848635
3 -0.75035083 0.66100979 -0.0063033327 3 0.65991396 0.74959505 0.051193863 3 0.038564589 0.034253698 -0.99866879
3 -0.62225938 0.76946056 -0.14395702 3 0.78109848 0.6224668 -0.049196772 3 0.051753495 -0.14305778 -0.98836035
3 -0.41625071 0.90750015 0.056381814 3 0.90599549 0.41920444 -0.058650393 3 -0.076860741 0.026668407 -0.99668515
3 -0.060027368 -0.71701097 0.69447231 3 -0.87416077 -0.29812479 -0.38335913 3 0.4819122 -0.63009256 -0.60888731
3 0.72708958 0.39141881 0.5640319 3 0.11132336 -0.87789905 0.46572572 3 0.67745692 -0.27583444 -0.68188536
3 0.046259373 0.9943915 -0.09510839 3 0.77752191 0.023932703 0.62840039 3 0.6271522 -0.10301828 -0.77205402
3 0.10653295 -0.91488117 -0.38941371 3 -0.73895991 0.1891911 -0.64664114 3 0.66527355 0.35664979 -0.65590549
3 0.42144352 -0.82578921 -0.37477666 3 -0.71546453 -0.04883945 -0.69693995 3 0.55722213 0.56185919 -0.61140645
3 0.8682856 -0.41779244 0.26745033 3 0.0038428754 -0.53346288 -0.84581488 3 0.49604991 0.73543662 -0.46159258
3 0.9238227 -0.37436029 0.080036819 3 -0.065930694 -0.36153531 -0.93002433 3 0.37710035 0.85390079 -0.3586764
3 0.95286894 -0.29018468 0.088507682 3 0.011662133 -0.25648567 -0.96647763 3 0.30315793 0.92195874 -0.24101306
3 0.53109044 -0.32307842 -0.78330284 3 -0.77675474 0.18369767 -0.60241807 3 0.33851933 0.9283725 -0.15339287
3 nan nan nan 3 nan nan nan 3 nan nan nan
3 0.47730908 -0.28326327 0.831828 3 -0.86448711 0.018408075 0.50231767 3 -0.15760051 -0.95886552 -0.23609112
3 -0.72649121 -0.53877246 0.42653826 3 -0.65474385 0.35427463 -0.66768271 3 0.20861733 -0.76433885 -0.61013526
3 -0.7001673 -0.71161234 0.058083475 3 -0.60442328 0.54746282 -0.5787549 3 0.3800506 -0.44033223 -0.81343055
3 -0.33565432 -0.91994798 0.20256376 3 -0.84327477 0.19762045 -0.49983424 3 0.41979069 -0.33858839 -0.84210092
3 -0.52421826 -0.84818679 0.07599017 3 -0.7731933 0.43666711 -0.4598853 3 0.35688591 -0.29983574 -0.88472104
3 0.24622767 -0.94043535 0.23442151 3 -0.91745096 -0.30414215 -0.25647911 3 0.31249863 -0.15191483 -0.93769217
3 -0.01287084 -0.99988216 0.0083722062 3 -0.98187411 0.011054726 -0.18921185 3 0.189097 -0.010654002 -0.98190063
3 -0.96324319 0.23956992 -0.12152743 3 0.24020526 0.97067475 0.0096142087 3 0.12026881 -0.019931188 -0.99254143
3 -0.96241468 0.26244009 -0.069880508 3 0.26556715 0.96326792 -0.03986273 3 0.056851063 -0.056922164 -0.99675864
3 0.55703807 0.81413913 -0.16397049 3 0.82537401 -0.5208354 0.21791863 3 0.092014425 -0.25672588 -0.96209419
3 0.51060307 0.84374076 -0.16548775 3 0.85971057 -0.49797079 0.11367963 3 0.013508188 -0.20031652 -0.97963816
3 -0.67579043 -0.73707962 -0.0046059191 3 -0.44653228 0.41435811 -0.7930426 3 0.58644384 -0.5338738 -0.60914892
3 0.2414967 0.94157588 -0.2347644 3 0.61019123 0.040769473 0.79120475 3 0.75455046 -0.33432451 -0.56469554
3 -0.37932435 0.6680243 -0.64020038 3 0.56409693 0.71541715 0.41227767 3 0.73342186 -0.20474812 -0.64820558
3 -0.23329338 0.95995802 0.15509625 3 0.60663301 0.019021697 0.79475451 3 0.75998074 0.2794975 -0.58677983
3 0.54865539 -0.82708573 -0.12209237 3 -0.48145014 -0.19317332 -0.85492098 3 0.68350792 0.52783835 -0.50418609
3 -0.7104696 0.39931923 -0.57946289 3 -0.21587276 0.66005349 0.71953368 3 0.66980004 0.63629699 -0.38274571
3 0.86440265 -0.50262499 0.013273731 3 -0.15013851 -0.2832199 -0.9472301 3 0.47986087 0.81679529 -0.32027942
3 0.50213814 -0.033935808 0.8641212 3 0.77407938 -0.42786491 -0.4666183 3 0.3855623 0.90320545 -0.18857832
3 nan nan nan 3 nan nan nan 3 nan nan nan
3 nan nan nan 3 nan nan nan 3 nan nan nan
3 0.5389688 -0.44701424 0.71392637 3 -0.81903863 -0.080200806 0.56810534 3 -0.1966937 -0.89092439 -0.40934768
3 -0.59149516 -0.70830292 0.38527989 3 -0.77680492 0.37251067 -0.50775015 3 0.21611999 -0.59961897 -0.77055132
3 -0.40031901 -0.81053793 0.42751974 3 -0.86819285 0.18617862 -0.45997706 3 0.29323378 -0.55530703 -0.77823395
3 0.015241116 -0.93906927 0.34338993 3 -0.9045372 -0.15930925 -0.39551619 3 0.42612228 -0.30458093 -0.85185111
3 -0.55864292 -0.82666761 0.067370333 3 -0.7305879 0.45200524 -0.51179349 3 0.39263111 -0.33513007 -0.85646284
3 -0.44907755 0.80309898 -0.39161387 3 0.81602645 0.54716158 0.18632057 3 0.36391047 -0.23589587 -0.90106744
3 -0.97362781 -0.026888601 -0.22655222 3 0.0091744158 0.98761255 -0.15664373 3 0.2279598 -0.15459113 -0.96131986
3 -0.062398553 0.97587824 -0.20920826 3 0.97844523 0.10115813 0.18003327 3 0.19685367 -0.19346499 -0.96115553
3 0.031750292 0.99123037 -0.12827313 3 0.9965958 -0.021627445 0.07955233 3 0.076080486 -0.1303623 -0.98854297
3 0.70460379 0.70294017 -0.096999064 3 0.68273818 -0.63431114 0.36265439 3 0.1933967 -0.32175255 -0.92686194
3 -0.18596901 0.97855622 -0.088561498 3 0.97163677 0.19655372 0.1314853 3 0.14607286 -0.061597433 -0.98735422
3 0.76501292 0.44241381 0.46800131 3 0.079155311 -0.78577644 0.6134246 3 0.63913202 -0.43223292 -0.63614851
3 0.32810542 0.85837507 0.39438447 3 0.31729981 -0.49338433 0.80987221 3 0.88975722 -0.14058532 -0.43424428
3 -0.12672916 0.85377699 -0.50497985 3 0.47053689 0.49990481 0.72711116 3 0.87323254 -0.14546543 -0.46508604
3 0.16665363 -0.94767243 -0.27229297 3 -0.47063154 0.1662159 -0.86653239 3 0.86644834 0.27256045 -0.41830409
3 0.15714785 -0.73689091 -0.65749246 3 -0.7480551 0.34584153 -0.5663985 3 0.6447621 0.58084887 -0.49688679
3 0.24003068 -0.63877237 -0.73099595 3 -0.65677285 0.44765675 -0.60683835 3 0.71486694 0.62575811 -0.31207708
3 0.74500847 -0.62413365 -0.23541392 3 -0.38834223 -0.11887398 -0.91381592 3 0.54235852 0.77222174 -0.3309395
3 0.89106286 -0.44436342 -0.092455998 3 -0.16757601 -0.13278022 -0.97687656 3 0.42181188 0.88595182 -0.19278018
3 0.25359127 -0.4696376 0.84565485 3 -0.81055725 0.37394303 0.45073703 3 -0.5279097 -0.79975456 -0.28583944
3 0.30154324 0.47731629 -0.82537317 3 0.92148876 -0.36816484 0.12374719 3 -0.24480684 -0.79788721 -0.55085915
3 0.85878468 -0.32351315 0.39727578 3 -0.49183267 -0.73774672 0.46241832 3 0.14349084 -0.59251112 -0.79267985
3 -0.54952854 -0.77460933 0.3130475 3 -0.7984494 0.37660667 -0.46972966 3 0.24596122 -0.50808245 -0.82544249
3 -0.36689681 -0.90648544 0.2089756 3 -0.89099777 0.27785406 -0.35905439 3 0.26741287 -0.31793275 -0.90962034
3 -0.59177357 -0.79945159 0.10334964 3 -0.75202525 0.50134897 -0.42791045 3 0.29027805 -0.33094954 -0.89789265
3 0.90362388 -0.2127009 0.37178251 3 -0.30122894 -0.93264878 0.19856346 3 0.3045063 -0.29141796 -0.90683597
3 -0.96652645 -0.026301872 -0.25521535 3 0.037374195 0.96968746 -0.2414735 3 0.25383228 -0.24292892 -0.93624502
3 0.58234775 0.80946624 -0.075070262 3 0.78605121 -0.53712648 0.30597183 3 0.2073499 -0.23719347 -0.94907606
3 0.55506951 0.83172154 -0.011712981 3 0.80169696 -0.53117156 0.27411455 3 0.22176544 -0.16154274 -0.9616257
3 0.51967424 0.84332132 -0.13692318 3 0.82593989 -0.45489582 0.3330065 3 0.21854566 -0.28614518 -0.93293023
3 -0.30643639 0.94741118 -0.092242077 3 0.90049112 0.31993762 0.29454273 3 0.30856484 0.0071954727 -0.95117605
3 0.58030015 0.67846286 0.4504886 3 0.66629732 -0.71359122 0.21641549 3 0.46829453 0.17457335 -0.86615503
3 -0.52782333 0.75451487 0.39001268 3 0.60496712 0.011664808 0.79616511 3 0.59616894 0.65617937 -0.46261361
3 -0.095320016 -0.73183173 -0.67478621 3 -0.43162775 0.64122003 -0.63445634 3 0.89700168 0.23078001 -0.377
3 0.22588314 -0.94242984 -0.24658255 3 -0.25181901 0.18803209 -0.94933212 3 0.94104415 0.27653223 -0.19484846
3 -0.23515499 0.82205701 0.5185793 3 0.32220131 -0.43744174 0.83954239 3 0.91699982 0.36450946 -0.16200122
3 -0.30410397 0.7376458 0.60282612 3 0.43700761 -0.45426643 0.77631587 3 0.84648991 0.49952042 -0.18421264
3 -0.71998954 0.68318993 -0.12192928 3 0.017722279 0.19373748 0.98089343 3 0.69375867 0.70407206 -0.15159661
3 0.51611775 -0.52754748 0.67477119 3 0.61268091 -0.3231304 -0.72125506 3 0.59853512 0.78567213 0.15644464
3 -0.61152887 0.78345209 0.1106127 3 0.3618167 0.40122545 -0.84149069 3 -0.70364827 -0.47457445 -0.52882707
3 -0.71035993 0.68342483 -0.16828328 3 0.52386069 0.35369992 -0.77489769 3 -0.47006255 -0.63861328 -0.60927367
3 0.71188992 -0.61267996 0.34327233 3 -0.66824079 -0.44059062 0.59944493 3 -0.21602534 -0.65612745 -0.72306985
3 -0.78131205 -0.58472472 0.2182854 3 -0.62250948 0.70478886 -0.34022722 3 0.045094147 -0.40170833 -0.9146567
3 0.66813844 -0.59933674 0.44089285 3 -0.73692429 -0.61479342 0.28101885 3 0.10263508 -0.51266593 -0.85243165
3 0.79236317 -0.50596714 0.3408193 3 -0.57291675 -0.80911165 0.13078555 3 0.20958683 -0.29889023 -0.93098778
3 0.77935278 -0.49738547 0.38107342 3 -0.57211697 -0.81288785 0.10906653 3 0.25552207 -0.30302003 -0.91808897
3 0.9145537 -0.22193551 0.33813623 3 -0.30741382 -0.92470759 0.22452787 3 0.26284385 -0.30928993 -0.91392177
3 0.77203226 -0.50011921 0.39223328 3 -0.57063651 -0.81717438 0.081240401 3 0.27989116 -0.28654158 -0.91627228
3 0.58432597 0.80559278 -0.097895406 3 0.77207762 -0.51471627 0.37277815 3 0.24991991 -0.29340553 -0.92274231
3 0.54000151 0.83866352 0.071006693 3 0.79429227 -0.53569555 0.28658342 3 0.27838653 -0.098353058 -0.95542008
3 0.2706269 0.96211141 -0.033207595 3 0.91017294 -0.24447584 0.33439037 3 0.31360233 -0.1207197 -0.94184947
3 -0.64072138 0.76045293 -0.10577148 3 0.66673249 0.61940837 0.41448939 3 0.38071537 0.19505085 -0.90388674
3 -0.90391219 0.14697775 -0.40167192 3 -0.089907259 0.8528313 0.51438868 3 0.41816208 0.50107539 -0.75767016
3 0.5565967 -0.42097905 0.71622396 3 0.41508731 -0.60587132 -0.67869186 3 0.71965456 0.67505312 -0.16248293
3 -0.08506906 -0.38858604 -0.91747713 3 -0.26785746 0.89583623 -0.35458443 3 0.95969576 0.21558926 -0.18029276
3 0.18571788 -0.6221267 -0.76057035 3 -0.1225615 0.75332481 -0.64612734 3 0.97492939 0.21321458 0.063657761
3 -0.085023701 0.36385888 0.92756563 3 0.10138574 -0.92294538 0.37133986 3 0.99120742 0.12561458 0.041582122
3 -0.34860078 0.81334555 -0.46577513 3 -0.27085933 0.38832355 0.88081771 3 0.89728028 0.43321419 0.08493185
3 -0.48758042 0.80076671 -0.34790528 3 -0.22484975 0.26987016 0.93627596 3 0.84362787 0.53473622 0.048468783
3 nan nan nan 3 nan nan nan 3 nan nan nan
3 nan nan nan 3 nan nan nan 3 nan nan nan
3 nan nan nan 3 nan nan nan 3 nan nan nan
3 nan nan nan 3 nan nan nan 3 nan nan nan
3 0.48911476 -0.76637584 -0.4164553 3 -0.21558627 -0.56887531 0.79366469 3 -0.84515643 -0.29841107 -0.44346538
3 -0.67063504 0.27658761 0.68829381 3 -0.066650391 0.9016645 -0.42727003 3 -0.73878741 -0.33241713 -0.58625281
3 -0.51685792 0.85580188 -0.021472886 3 0.55148232 0.31367093 -0.7729671 3 -0.65477127 -0.411356 -0.63408291
3 -0.7955929 -0.15177922 0.58651078 3 -0.28012595 0.95056534 -0.13399607 3 -0.53717905 -0.27090323 -0.79878044
3 0.71863234 -0.66173184 0.21372551 3 -0.64847666 -0.52673852 0.54956782 3 -0.25108907 -0.53353322 -0.80764896
3 -0.42331585 -0.87147093 0.24767376 3 -0.90577072 0.41300473 -0.094905034 3 -0.019583458 -0.26451039 -0.96418411
3 0.17019634 -0.92107451 0.35022113 3 -0.98434663 -0.17542113 0.017007116 3 0.045771368 -0.34763354 -0.93651271
3 0.4232071 -0.8583222 0.29013565 3 -0.89284813 -0.44951868 -0.027477562 3 0.15400602 -0.2474184 -0.95659089
3 0.55084682 -0.78294349 0.28907984 3 -0.81889433 -0.57391256 0.006033659 3 0.16118076 -0.24004695 -0.95728695
3 0.80142248 -0.48963553 0.34348089 3 -0.55148548 -0.82722509 0.10752875 3 0.23148537 -0.27560022 -0.93298393
3 0.46783668 -0.78979629 0.39667451 3 -0.83541036 -0.54166669 -0.093201727 3 0.28847545 -0.28778231 -0.91321582
3 0.57978666 0.811171 -0.076478697 3 0.7659409 -0.51062888 0.39063132 3 0.27781686 -0.28506064 -0.91736495
3 0.68783784 0.70409441 0.17643766 3 0.65286314 -0.70634532 0.2735801 3 0.31725213 -0.072989084 -0.94552827
3 0.21290059 0.976372 0.037026942 3 0.91635203 -0.21267715 0.33921573 3 0.33907554 -0.038289536 -0.93997961
3 0.17077373 0.90934259 0.37938413 3 0.91505182 -0.28915966 0.28118831 3 0.36539912 0.29913661 -0.88147652
3 0.38027418 0.58623242 0.71534836 3 0.78319043 -0.61551207 0.088077426 3 0.49193931 0.52676034 -0.69319487
3 -0.016532153 0.31980217 0.94734013 3 0.78255504 -0.58561105 0.21134648 3 0.62236184 0.74483979 -0.24058138
3 nan nan nan 3 nan nan nan 3 nan nan nan
3 nan nan nan 3 nan nan nan 3 nan nan nan
3 nan nan nan 3 nan nan nan 3 nan nan nan
3 nan nan nan 3 nan nan nan 3 nan nan nan
3 -0.72348744 0.6814819 0.11021914 3 0.20308062 0.36269739 -0.90951014 3 -0.65979099 -0.63563585 -0.40080282
3 0.53728247 -0.0089357914 -0.84335506 3 0.33644274 -0.91466749 0.22403146 3 -0.77339238 -0.40410882 -0.48842666
3 -0.52914047 0.826074 0.19393808 3 0.34391803 0.41773018 -0.84096467 3 -0.77571297 -0.3782897 -0.50513977
3 -0.37469146 0.76106238 0.5295189 3 0.34059367 0.64418048 -0.68485558 3 -0.86232364 -0.076258771 -0.50058198
3 0.48957908 -0.34507611 -0.8007713 3 -0.34002924 -0.92120874 0.18908764 3 -0.80292726 0.17971231 -0.56834066
3 0.43155408 -0.65144026 -0.62400866 3 -0.58557725 -0.72848713 0.35553616 3 -0.68619275 0.21197209 -0.69585013
3 0.4355914 -0.89276677 -0.1150125 3 -0.8773911 -0.44964734 0.16733983 3 -0.20111045 0.028019134 -0.97916794
3 0.90237504 0.21572027 -0.37307361 3 0.17303751 -0.9742161 -0.14477953 3 -0.39468625 0.066089712 -0.91643614
3 -0.49156719 0.87079811 -0.0085194707 3 0.49162161 0.26941976 -0.8280831 3 -0.71879768 -0.41124675 -0.56054097
3 0.5450151 0.0059196092 -0.83840531 3 0.4125016 -0.87246948 0.26199132 3 -0.72993219 -0.48863277 -0.47795093
3 -0.65377879 0.070733465 0.75337249 3 -0.082268313 0.98307514 -0.16369271 3 -0.75220031 -0.1689975 -0.63689458
3 -0.02895169 -0.99620175 0.082122535 3 -0.76778549 0.074769683 0.63632965 3 -0.64005286 -0.044629619 -0.76703376
3 0.51363635 -0.82704592 0.22841364 3 -0.80936843 -0.37867534 0.4489187 3 -0.28478178 -0.41545174 -0.86388624
3 0.35761213 -0.93277049 0.045306325 3 -0.91708201 -0.34161219 0.20557615 3 -0.1762782 -0.11506616 -0.97759181
3 -0.7187295 -0.6683377 0.19170947 3 -0.69509882 0.69713879 -0.17559832 3 -0.016289132 -0.25946474 -0.96561503
3 0.67359787 -0.73419577 0.084984317 3 -0.73813188 -0.66237861 0.12812375 3 -0.03777612 -0.14903355 -0.98811024
3 0.69085115 -0.67806113 0.25091383 3 -0.70984596 -0.70201963 0.057333261 3 0.13727099 -0.21771894 -0.96631008
3 0.84250706 -0.50148541 0.19670834 3 -0.52225041 -0.84990895 0.070066862 3 0.13204511 -0.16176191 -0.97795564
3 0.80828393 -0.4876706 0.32993099 3 -0.53715974 -0.84022582 0.074028067 3 0.24111369 -0.23706041 -0.94109869
3 0.59735799 0.80185992 -0.013573884 3 0.74333322 -0.54724574 0.38467938 3 0.30102995 -0.23988213 -0.92295057
3 0.10778296 0.99253094 -0.057142407 3 0.93568766 -0.081851006 0.34320444 3 0.33596382 -0.090459049 -0.93752104
3 0.87317193 0.40930396 0.26465306 3 0.37521333 -0.91102564 0.17101893 3 0.31110439 -0.050027564 -0.94905818
3 -0.31829768 0.9375701 0.14017403 3 0.8721509 0.23166379 0.43091118 3 0.37153625 0.25941095 -0.89144075
3 0.61206484 0.32118052 0.72264767 3 0.68762553 -0.66747445 -0.28574315 3 0.39057374 0.67180437 -0.62938958
3 -0.86529458 0.49221677 -0.09480457 3 0.0098282769 0.20575444 0.97855449 3 0.501167 0.84580636 -0.1828759
3 nan nan nan 3 nan nan nan 3 nan nan nan
3 nan nan nan 3 nan nan nan 3 nan nan nan
3 -0.5447489 0.70358568 -0.45630664 3 0.59642708 -0.05744867 -0.80060869 3 -0.58951086 -0.70828468 -0.38834232
3 0.75330204 -0.55851716 -0.34726736 3 -0.094122544 -0.61414152 0.78356302 3 -0.65090472 -0.55757391 -0.51520312
3 -0.42914802 0.82740146 -0.36226922 3 0.61327332 -0.027540356 -0.78939074 3 -0.66311997 -0.56093538 -0.49560428
3 -0.24637929 0.93226391 -0.26491714 3 0.66650862 -0.035459414 -0.7446534 3 -0.70360744 -0.36003676 -0.6126256
3 0.28577307 0.83847982 -0.46398848 3 0.57530117 -0.53733134 -0.61668754 3 -0.76639563 -0.090700448 -0.63593328
3 -0.7843647 -0.083612911 0.61463886 3 0.15094675 0.93535954 0.31987149 3 -0.6016537 0.34367362 -0.72104192
3 -0.2512306 -0.96136647 -0.11250659 3 -0.7772311 0.1310913 0.61540806 3 -0.57688403 0.24205297 -0.78013808
3 -0.52288949 -0.80657446 0.27572492 3 -0.73828006 0.5902189 0.32647246 3 -0.42606241 -0.032853186 -0.90409708
3 -0.62796956 -0.71015871 0.31832188 3 -0.64912045 0.70359552 0.28913048 3 -0.42929837 -0.025064098 -0.9028151
3 -0.82962728 0.39021474 0.39931336 3 0.041442409 0.75627482 -0.65294039 3 -0.55677748 -0.52514857 -0.64359754
3 0.048771128 -0.77748543 0.62700701 3 -0.74414188 0.39044815 0.54203606 3 -0.66623884 -0.49301794 -0.55951685
3 -0.50778085 0.85850507 0.071607277 3 0.41870928 0.3185859 -0.85040319 3 -0.75288856 -0.40183583 -0.52123588
3 0.61964083 -0.16317907 -0.76773548 3 -0.1909956 -0.98009551 0.054162398 3 -0.76129228 0.11307287 -0.63847375
3 -0.74371815 -0.51454782 0.42675993 3 -0.29123664 0.82401609 0.48598227 3 -0.60171813 0.23714565 -0.76269078
3 -0.16567811 -0.98604041 -0.01658389 3 -0.86790919 0.13780299 0.47722527 3 -0.46827811 0.093459122 -0.87862456
3 0.95149744 -0.22249463 -0.21248278 3 -0.18880075 -0.96758574 0.1677275 3 -0.24291375 -0.11947535 -0.96266234
3 0.79119265 -0.59707195 -0.13236094 3 -0.58539772 -0.80202067 0.11862761 3 -0.1769854 -0.016373495 -0.98407733
3 0.78199518 -0.62233752 -0.034345441 3 -0.62157184 -0.78274369 0.030997708 3 -0.046175182 -0.0028915261 -0.9989292
3 0.76657993 -0.63151366 0.1163858 3 -0.63826704 -0.7692253 0.030127876 3 0.070501156 -0.097380996 -0.99274701
3 0.833112 -0.51539451 0.20073114 3 -0.53501749 -0.8429752 0.056118347 3 0.14028828 -0.15414754 -0.97803777
3 0.38261718 0.91957593 -0.089354634 3 0.89452308 -0.3445147 0.28484794 3 0.23115531 -0.18891752 -0.95439911
3 0.015432932 0.99965149 0.021417435 3 0.95130938 -0.021274827 0.30750278 3 0.30785125 0.015628384 -0.95130616
3 0.64031798 0.73779845 0.21365006 3 0.69767243 -0.67500508 0.24004455 3 0.32131937 -0.0046470878 -0.9469595
3 -0.19582842 0.92365831 0.32940304 3 0.91960454 0.056316055 0.3887879 3 0.34055653 0.37905633 -0.86042881
3 0.48837161 -0.4824971 -0.72711051 3 -0.77081269 0.15208142 -0.61864305 3 0.40907347 0.86259371 -0.29764265
3 0.97466022 0.052143846 -0.21752831 3 -0.22369075 0.22720572 -0.94780809 3 2.0065345e-06 0.9724499 0.23311231
3 -0.49749258 0.53900445 -0.67968762 3 0.74593461 -0.13415389 -0.65236801 3 -0.44281203 -0.83155084 -0.33532155
3 0.025752272 0.48705214 -0.87299317 3 0.84726143 -0.47410938 -0.23951745 3 -0.53055173 -0.73348528 -0.42486984
3 -0.822303 0.37722835 0.42604753 3 -0.08848007 0.654836 -0.75057387 3 -0.56212902 -0.65489584 -0.50509644
3 -0.7051267 0.70453078 0.080205567 3 0.39164871 0.48125771 -0.78422105 3 -0.59110725 -0.5215627 -0.6152761
3 0.61457348 0.262245 -0.74399406 3 0.46768278 -0.8806299 0.07592079 3 -0.63527352 -0.39461204 -0.66385913
3 0.8113023 -0.058435403 -0.58169913 3 0.033116449 -0.98880112 0.14551929 3 -0.58368826 -0.13732393 -0.80028141
3 -0.91900277 -0.10910954 0.37885252 3 0.10968813 0.85224098 0.51152176 3 -0.37868544 0.51164544 -0.77124363
3 0.73443103 0.52710974 -0.42751178 3 0.17066632 -0.75311029 -0.63537222 3 -0.65687442 0.39367527 -0.64306748
3 -0.95246571 -0.22291355 0.20765015 3 -0.28090653 0.90641481 -0.31544262 3 -0.11790077 -0.3587786 -0.92594689
3 -0.98429132 0.13072805 0.11866279 3 0.0091324896 0.70891142 -0.70523858 3 -0.17631593 -0.69307649 -0.69896919
3 0.49959606 -0.74888128 0.43540889 3 -0.69542366 -0.047025606 0.71706009 3 -0.51651734 -0.66103387 -0.54428339
3 -0.85745466 0.12194431 0.49990094 3 -0.30685544 0.65867835 -0.68700951 3 -0.41305086 -0.74247694 -0.52736765
3 0.085483462 0.65508938 -0.75070006 3 0.9100095 -0.35812023 -0.20888504 3 -0.40567923 -0.66528791 -0.62675083
