ply
format ascii 1.0
comment PCL generated
element vertex 786
property list uint float x_axis
property list uint float y_axis
property list uint float z_axis
element camera 1
property float view_px
property float view_py
property float view_pz
property float x_axisx
property float x_axisy
property float x_axisz
property float y_axisx
property float y_axisy
property float y_axisz
property float z_axisx
property float z_axisy
property float z_axisz
property float focal
property float scalex
property float scaley
property float centerx
property float centery
property int viewportx
property int viewporty
property float k1
property float k2
end_header
3 0.97806948 0.16496301 -0.1271511 3 0.18743375 -0.96333754 0.19196187 3 -0.09082552 -0.21158488 -0.97313023
3 0.9618454 0.25561774 -0.097534686 3 0.27061239 -0.94134116 0.20160793 3 -0.040276445 -0.22030911 -0.97459823
3 0.99853027 -0.052012298 0.015230829 3 -0.054076239 -0.9748714 0.21610536 3 0.0036106352 -0.21661152 -0.97625118
3 0.91123515 0.41104898 0.026253106 3 0.39584848 -0.89158583 0.21995185 3 0.11381906 -0.19003507 -0.97515744
3 0.97722548 0.13427354 -0.16431968 3 0.15484485 -0.98068327 0.11951406 3 -0.14509782 -0.14223622 -0.97914028
3 0.99220771 -0.091335893 -0.084744185 3 -0.078568652 -0.98654413 0.14337817 3 -0.096700497 -0.13560259 -0.98603278
3 0.89535987 0.43776879 -0.081787735 3 0.44460955 -0.8892194 0.10775508 3 -0.025554465 -0.1328427 -0.99080759
3 0.99294966 0.11853666 0.00014431658 3 0.11737332 -0.9833734 0.13856448 3 0.016567631 -0.13757053 -0.99035335
3 0.887384 0.45656991 0.063980557 3 0.44176361 -0.88177103 0.16530226 3 0.13189019 -0.11842131 -0.98416537
3 0.8961966 0.41563281 0.15518069 3 0.38695997 -0.90338153 0.18483469 3 0.21701078 -0.10559946 -0.97044063
3 0.94471544 0.28993103 -0.15314311 3 0.30072019 -0.95228094 0.05223358 3 -0.13068941 -0.09539856 -0.98682284
3 0.94823802 0.29339001 -0.12151898 3 0.30079186 -0.95250869 0.04744745 3 -0.10182891 -0.081543908 -0.99145418
3 0.98513758 -0.17092849 -0.016953418 3 -0.16838335 -0.98050946 0.10123299 3 -0.033925466 -0.096873939 -0.99471825
3 0.99956173 -0.024075201 0.017222671 3 -0.025505211 -0.99576741 0.088298313 3 0.015024161 -0.088698901 -0.99594516
3 0.85684973 0.50882071 0.083126567 3 0.49582091 -0.85744613 0.13764995 3 0.14131565 -0.076729454 -0.98698646
3 0.58555287 0.80740803 0.072249651 3 0.78172588 -0.5860135 0.21329041 3 0.21455172 -0.068413332 -0.97431374
3 -0.1190291 -0.99207127 0.040331967 3 -0.98495632 0.12310557 0.12126945 3 -0.12527294 -0.025289968 -0.99180001
3 0.97412235 0.20548256 -0.094141841 3 0.20600855 -0.9785412 -0.0042022401 3 -0.092983201 -0.015300117 -0.9955501
3 0.97886002 0.20172338 -0.033775993 3 0.20201088 -0.97936904 0.0052920841 3 -0.032012831 -0.012003576 -0.9994154
3 0.98021114 0.19746417 0.013931727 3 0.1973657 -0.98029619 0.008133526 3 0.015264573 -0.0052226703 -0.99986982
3 0.82657743 0.55268037 0.10636895 3 0.54682553 -0.83334982 0.080685742 3 0.13323765 -0.0085266214 -0.99104744
3 0.53780228 0.83411014 0.12259248 3 0.8101185 -0.5515458 0.19875911 3 0.23340212 -0.0075790691 -0.97235078
3 0.66479594 0.69882607 0.26398584 3 0.6533885 -0.71525109 0.24799103 3 0.36211681 0.0076198466 -0.93210167
3 -0.05551222 0.99280286 -0.10611738 3 0.99838138 0.053876504 -0.018221511 3 -0.012373134 -0.10695714 -0.99418664
3 0.94604981 0.30506071 -0.10921437 3 0.30067587 -0.95213962 -0.054993298 3 -0.12076584 0.019187558 -0.9924956
3 0.99646813 0.0023899651 -0.083937176 3 -8.7078661e-08 -0.99959475 -0.028462756 3 -0.083968855 0.028362244 -0.9960646
3 0.95299643 0.30286357 -0.0084609734 3 0.30215552 -0.95208794 -0.04723116 3 -0.022361211 0.042454265 -0.9988482
3 0.97780603 0.20688529 0.03307284 3 0.20818822 -0.9771632 -0.042542223 3 0.023515277 0.048483223 -0.9985472
3 0.90070629 0.41006738 0.14343283 3 0.41214302 -0.91097295 0.016317531 3 0.1373547 0.044417534 -0.98952544
3 0.86335319 0.44043007 0.24625696 3 0.43741637 -0.89653707 0.069914937 3 0.25157377 0.047356877 -0.96667886
3 -0.91384286 -0.3987515 0.076736972 3 -0.39257422 0.91586828 0.084088787 3 -0.10381149 0.046718977 -0.99349916
3 0.9358331 0.3495709 -0.044906717 3 0.34554794 -0.93512607 -0.078332841 3 -0.069378689 0.057788156 -0.99591529
3 0.9517023 0.30646116 0.018553566 3 0.30697739 -0.94879121 -0.074565381 3 -0.0052498891 0.076658949 -0.99704349
3 0.87243831 0.48494589 0.060652703 3 0.48830661 -0.87008291 -0.06717369 3 0.020196686 0.088221699 -0.9958961
3 0.79276723 0.5786069 0.19166139 3 0.58950007 -0.80776823 0.00022918731 3 0.15495265 0.11280422 -0.98146057
3 0.95855999 0.12891263 0.25405556 3 0.15337923 -0.98501325 -0.078890391 3 0.24007511 0.11458761 -0.96396768
3 0.81922615 0.56462288 0.10034765 3 0.57247758 -0.81548333 -0.085184574 3 0.033736877 0.12723371 -0.99129879
3 0.93701279 0.3305313 0.11294301 3 0.34228083 -0.93334597 -0.10820896 3 0.069651321 0.14005242 -0.98769128
3 0.52981317 0.8088249 0.25514758 3 0.8283633 -0.5580495 0.048938684 3 0.18196781 0.18542652 -0.96566284
3 0.89862257 0.36025777 -0.25038332 3 0.42155588 -0.86711603 0.26533064 3 -0.12152652 -0.34398368 -0.93107808
3 0.94829947 0.25934646 -0.18294133 3 0.30574316 -0.90113848 0.30736074 3 -0.085142761 -0.34740314 -0.93384254
3 0.96819037 0.23234609 -0.0928583 3 0.24992332 -0.91590595 0.31409362 3 -0.012071891 -0.32731009 -0.94483995
3 0.63034123 0.75350261 -0.18682556 3 0.77052039 -0.57788956 0.26896489 3 0.094702423 -0.31349108 -0.94485706
3 0.90902162 0.41665545 0.0088283485 3 0.39192632 -0.86188787 0.32178152 3 0.14168024 -0.28904667 -0.94677293
3 0.23305643 0.91027212 -0.34218335 3 0.95662892 -0.27783939 -0.087558128 3 -0.17477399 -0.30693752 -0.93554443
3 0.074295193 0.93861538 -0.33686996 3 0.98328125 -0.12526414 -0.13216309 3 -0.16624786 -0.3214165 -0.93223023
3 0.97224784 0.14409392 -0.18431254 3 0.19465853 -0.93525356 0.29564992 3 -0.12977891 -0.32332319 -0.93734711
3 -0.99709076 -0.030525357 0.069844007 3 -0.049588256 0.95566642 -0.29024589 3 -0.057887673 -0.29286495 -0.95439988
3 0.97515076 0.213735 -0.058295213 3 0.22145234 -0.93290687 0.28397822 3 0.0063106832 -0.28983149 -0.95705688
3 0.89675105 0.44249269 0.0061479174 3 0.42353675 -0.86219639 0.27791044 3 0.12827407 -0.24661261 -0.96058738
3 0.42755607 0.89145321 -0.150023 3 0.88796616 -0.38304678 0.25454128 3 0.16944581 -0.24204603 -0.95535433
3 0.87587446 0.4349454 0.2089652 3 0.36393359 -0.87979376 0.30580276 3 0.31685239 -0.19179603 -0.92888045
3 0.42717189 0.85992801 -0.27937061 3 0.89595419 -0.44413745 0.0028642192 3 -0.12161653 -0.25152799 -0.96017879
3 0.27246895 0.91478884 -0.29819795 3 0.95056605 -0.30390731 -0.063753903 3 -0.14894611 -0.26608658 -0.95237231
3 0.27118346 0.9139083 -0.30204472 3 0.94709438 -0.30932581 -0.085613444 3 -0.17167334 -0.26284882 -0.94944131
3 0.26984635 0.92073053 -0.28184795 3 0.94822079 -0.30501407 -0.088564985 3 -0.16751237 -0.24335614 -0.95536238
3 0.9168188 0.34337687 -0.20380293 3 0.38153359 -0.90388888 0.19343501 3 -0.11779289 -0.25510207 -0.95971239
3 0.98817724 0.12274056 -0.0918727 3 0.14269741 -0.95544499 0.25838441 3 -0.056064036 -0.26843944 -0.96166378
3 0.91278201 0.40051082 -0.080125272 3 0.40767887 -0.88133758 0.23883465 3 0.025036214 -0.25067034 -0.9677487
3 0.88288021 0.46958834 0.0030595362 3 0.45417103 -0.85551393 0.24864566 3 0.11937857 -0.21813478 -0.96858966
3 0.87469 0.47758019 0.082671225 3 0.44358888 -0.85753143 0.26051652 3 0.19531219 -0.19119836 -0.9619233
3 0.88061643 0.40181383 0.25111839 3 0.33427227 -0.90244126 0.27177513 3 0.33582443 -0.15538688 -0.92901921
3 -0.87912774 -0.30723113 -0.36433977 3 -0.22872385 0.94267106 -0.24301603 3 0.41811612 -0.1303084 -0.89899874
3 -0.99956906 0.029356569 0.0002444759 3 0.02860558 0.97580367 -0.2167698 3 -0.0066021457 -0.21666935 -0.97622275
3 -0.76305223 -0.63126564 0.13876224 3 -0.64632976 0.74424988 -0.16837426 3 0.0030151061 -0.21816452 -0.97590733
3 -0.59429097 -0.78508633 0.17452164 3 -0.80422473 0.58184183 -0.12117359 3 -0.0064122751 -0.21236698 -0.97716904
3 0.0010105511 0.97891146 -0.20428228 3 0.99998182 0.00022627926 0.0060310671 3 0.0059501044 -0.20428614 -0.97889322
3 -0.31797925 0.93243194 -0.1716387 3 0.94797599 0.30978516 -0.07331153 3 -0.015187177 -0.18602006 -0.98242855
3 -0.11595141 -0.97702819 0.17880486 3 -0.99203622 0.12283162 0.027862521 3 -0.049185678 -0.1741529 -0.98348939
3 0.52663046 -0.84137154 0.12146684 3 -0.84826583 -0.51073933 0.13996527 3 -0.055725429 -0.17674533 -0.98267782
3 0.0374224 -0.98352993 0.176829 3 -0.9904595 -0.01302116 0.13718718 3 -0.13262518 -0.1802759 -0.97463381
3 0.28170931 0.93279332 -0.22480327 3 0.94934219 -0.30497029 -0.075780563 3 -0.1392459 -0.19206706 -0.97145301
3 0.17114319 0.96644861 -0.191539 3 0.97313106 -0.19620691 -0.12049309 3 -0.15403135 -0.16576935 -0.97406089
3 0.84683639 0.49497619 -0.19459316 3 0.51645362 -0.85270607 0.078535624 3 -0.1270593 -0.16700622 -0.97773457
3 0.83661544 0.52101225 0.16917685 3 0.47927642 -0.8457498 0.23452356 3 0.26527172 -0.11512309 -0.95727611
3 0.8668685 0.3861942 0.31526676 3 0.3260859 -0.91758263 0.22739941 3 0.37710267 -0.094321743 -0.9213562
3 -0.79356384 -0.47980148 -0.37422854 3 -0.40078983 0.87491101 -0.27184266 3 0.45784852 -0.065736681 -0.88659662
3 -0.91623735 -0.38906243 0.095601372 3 -0.40052676 0.8950991 -0.19589812 3 -0.0093560955 -0.21778005 -0.9759531
3 -0.48142487 -0.85817635 0.17822349 3 -0.87644142 0.46925786 -0.1079246 3 0.008985552 -0.20816001 -0.97805351
3 -0.9657709 -0.25511205 0.046952017 3 -0.25931871 0.94509482 -0.19887114 3 0.0063603534 -0.20423947 -0.97890031
3 -0.16109571 -0.96891475 0.18775661 3 -0.98692882 0.15729176 -0.03508639 3 0.0044631478 -0.19095469 -0.98158872
3 -0.064482927 -0.98237848 0.17542604 3 -0.99782795 0.061102502 -0.024609121 3 0.013456504 -0.17663188 -0.98418492
3 -0.00072742061 -0.98664814 0.16286488 3 -0.99995977 0.0021736906 0.0087021608 3 -0.0089399908 -0.16285457 -0.98660952
3 -0.10483838 -0.98331898 0.14863639 3 -0.99355447 0.11004207 0.027206061 3 -0.043108601 -0.14482714 -0.98851734
3 -0.0064411308 -0.99078667 0.13527812 3 -0.99847525 0.013789037 0.053450517 3 -0.054823421 -0.13472794 -0.98936486
3 -0.014840267 -0.99035603 0.13774845 3 -0.99131465 0.032576386 0.12741229 3 -0.13067086 -0.1346591 -0.98223823
3 -0.3090331 -0.93964988 0.14682259 3 -0.94081533 0.32463112 0.097372822 3 -0.13915952 -0.1080415 -0.98435855
3 0.18264155 -0.97911406 0.089317583 3 -0.97315639 -0.16709326 0.15826035 3 -0.14003094 -0.11582302 -0.98334956
3 0.7732873 0.57397926 0.26939648 3 0.51614362 -0.81661576 0.25833017 3 0.36826956 -0.060716186 -0.92773443
3 0.3306601 0.92881781 0.16721649 3 0.80790502 -0.37016791 0.45854697 3 0.48780403 -0.016530275 -0.87279671
3 -0.98498994 0.17230077 -0.010358756 3 0.17222025 0.97694367 -0.12617815 3 -0.011620672 -0.12606819 -0.99195337
3 -0.99998367 -0.0056974292 0.00018138066 3 -0.0056712353 0.99116844 -0.13248663 3 0.00057505752 -0.13248551 -0.99118477
3 0.04899174 -0.98998016 0.13243534 3 -0.99846554 -0.051969975 -0.019123906 3 0.025814949 -0.1312952 -0.99100715
3 0.018625014 -0.99214143 0.12372865 3 -0.99915498 -0.02300491 -0.034065265 3 0.036643915 -0.12298959 -0.99173123
3 0.20150414 -0.97045952 0.13268168 3 -0.97909266 -0.20341384 -0.00085681863 3 0.027821066 -0.12973629 -0.99115831
3 0.0024618525 -0.99377513 0.11137735 3 -0.99950087 -0.0059535592 -0.031028528 3 0.031498466 -0.1112432 -0.99329406
3 0.0027158877 -0.99602997 0.088977233 3 -0.99981111 -0.0044173775 -0.018931419 3 0.019249305 -0.088908635 -0.99585384
3 0.20076285 -0.97722197 0.068786524 3 -0.97927439 -0.19827501 0.041334264 3 -0.026754603 -0.075656816 -0.99677485
3 -0.005568984 -0.99803525 0.062407143 3 -0.99836266 0.0091021508 0.056474332 3 -0.056931403 -0.061989021 -0.99645185
3 0.13451339 -0.99046892 0.02962267 3 -0.98275799 -0.12951978 0.13195267 3 -0.12685864 -0.04685875 -0.99081343
3 -0.026559204 -0.99855864 0.046639849 3 -0.98932767 0.032943081 0.14193535 3 -0.14326721 -0.042372081 -0.98877662
3 -0.043920215 -0.99822551 0.040211227 3 -0.98926896 0.049069807 0.13761897 3 -0.13934779 -0.033732627 -0.98966867
3 -0.78426224 -0.45296708 -0.42397347 3 -0.40138757 0.89151025 -0.20999359 3 0.47309795 0.0054882327 -0.88099271
3 0.24611828 0.948358 0.20010722 3 0.80507827 -0.31498981 0.5026238 3 0.53969902 0.037397075 -0.84102714
3 -0.56017792 0.82357842 -0.088990733 3 0.82836998 0.55667144 -0.062613301 3 -0.0020283731 -0.10879182 -0.9940626
3 -0.95454997 -0.29773381 0.013739679 3 -0.29758757 0.949485 -0.099597722 3 0.016607985 -0.099159777 -0.99493289
3 -0.7001372 -0.71278894 0.041711673 3 -0.71297479 0.69478744 -0.094538167 3 0.038405009 -0.095929049 -0.99464703
3 -0.22124377 -0.97237468 0.074422978 3 -0.97434115 0.21716344 -0.059157543 3 0.041361339 -0.085601605 -0.99547064
3 -0.39562389 -0.91670877 0.055917673 3 -0.91757065 0.39192155 -0.066793695 3 0.039315388 -0.077732749 -0.99619865
3 -0.2025266 -0.97765648 0.056310225 3 -0.97798634 0.19897398 -0.062866658 3 0.050258093 -0.067801014 -0.99643224
3 -0.29758722 -0.95370728 0.043407809 3 -0.95427775 0.29580632 -0.043038346 3 0.028205901 -0.054230064 -0.9981299
3 0.20423926 -0.97835433 0.033304062 3 -0.97873741 -0.20342392 0.026301473 3 -0.018957719 -0.037965801 -0.9990992
3 -0.0026768751 -0.9997074 0.024039118 3 -0.99897242 0.003760932 0.045164187 3 -0.045241375 -0.023890588 -0.99869037
3 -0.015182418 -0.99984401 0.0090228058 3 -0.99238002 0.016171368 0.12214801 3 -0.12227483 -0.0070969663 -0.9924708
3 -0.011982619 -0.99992776 0.00092477549 3 -0.99142915 0.012001091 0.13009229 3 -0.13009398 0.00064471929 -0.99150139
3 -0.30665037 -0.95118105 0.034931116 3 -0.94199663 0.30853993 0.13208105 3 -0.136411 0.0075965929 -0.99062318
3 0.3103272 0.927113 0.21013965 3 0.85908824 -0.36815184 0.35557252 3 0.40701815 0.07018172 -0.91071993
3 0.48507833 0.78685308 0.3815248 3 0.70114625 -0.61069214 0.36803403 3 0.5225836 0.088980459 -0.8479321
3 -0.97444868 0.22264954 -0.029614585 3 0.22419138 0.97218966 -0.067716911 3 0.013713856 -0.07262598 -0.99726498
3 -0.99977505 -0.0060176551 -0.02034165 3 -0.0050409185 0.99884754 -0.047731411 3 0.020605441 -0.047618125 -0.99865305
3 -0.93295968 -0.35917965 -0.024006762 3 -0.35775119 0.93252784 -0.049052574 3 0.040005654 -0.037175626 -0.99850774
3 -0.88381994 -0.46654847 -0.034567062 3 -0.46478182 0.88408351 -0.048727173 3 0.053293753 -0.026999906 -0.99821383
3 -0.32650825 0.94455945 -0.034637198 3 0.94328231 0.32795861 0.051591508 3 0.060090818 -0.015827598 -0.99806744
3 -0.39982995 -0.91603446 -0.031887457 3 -0.91483712 0.40097412 -0.047881231 3 0.056648102 0.010030222 -0.99834377
3 -0.21208878 -0.97685462 -0.027811039 3 -0.97587019 0.21321541 -0.047079626 3 0.051919881 0.017155793 -0.9985038
3 0.0037069556 -0.99999309 0.00041761855 3 -0.9993881 -0.0037192386 -0.034782063 3 0.034783375 -0.00028854617 -0.99939489
3 -0.00020947123 -0.99999827 -0.0018464115 3 -0.99996281 0.00019353876 0.0086248545 3 -0.008624482 0.0018496815 -0.99996114
3 0.34472945 -0.93836749 -0.025062568 3 -0.93770599 -0.34547061 0.03684793 3 -0.043235857 0.01080033 -0.99900663
3 0.15151401 -0.98806459 -0.027783554 3 -0.98282397 -0.15358734 0.10231271 3 -0.10535844 0.011802421 -0.9943642
3 -0.013276686 -0.9997713 -0.016765628 3 -0.99247199 0.011134484 0.12196391 3 -0.12174937 0.018256497 -0.9923929
3 -0.31013742 -0.95065606 0.0082463101 3 -0.94233036 0.30854607 0.1296645 3 -0.12581047 0.032443713 -0.99152362
3 0.86571854 0.49542928 -0.071282156 3 0.48765814 -0.86694705 -0.10291866 3 -0.11278448 0.054338593 -0.99213254
3 0.89142162 0.45061249 -0.04812333 3 0.44536942 -0.89073849 -0.090723991 3 -0.083749071 0.059439458 -0.99471247
3 0.73986894 0.50737762 0.44177142 3 0.51447046 -0.84983969 0.1144233 3 0.43349123 0.14262046 -0.88980043
3 0.54131585 0.70832235 0.45305276 3 0.64790565 -0.69481415 0.31217286 3 0.53590637 0.12455133 -0.83503979
3 0.31769136 -0.94681591 -0.05110725 3 -0.94663936 -0.31362382 -0.074258104 3 0.054280296 0.07197129 -0.99592865
3 0.5238744 -0.85097498 -0.037380666 3 -0.85059756 -0.52030694 -0.075924672 3 0.045160566 0.071570896 -0.99641263
3 0.41667938 -0.90748525 -0.053374324 3 -0.90757495 -0.41193658 -0.081338443 3 0.0518266 0.082333252 -0.99525636
3 -0.95010054 -0.30262733 -0.07566911 3 -0.30622303 0.95106375 0.041295603 3 0.059468947 0.062406585 -0.99627751
3 -0.011989653 0.99871707 0.049198695 3 0.99819076 0.0090552326 0.059439495 3 0.058917727 0.049822334 -0.99701869
3 0.26132071 0.96336997 0.060247056 3 0.96363693 -0.26398385 0.041426852 3 0.05581364 0.047230594 -0.99732339
3 -0.043826222 0.99838114 0.036253195 3 0.99786431 0.041986506 0.050039366 3 0.048436217 0.038368806 -0.99808908
3 -0.52972376 -0.84720564 -0.04043996 3 -0.84737456 0.53068972 -0.018023614 3 0.036729474 0.024718173 -0.99901944
3 -0.60006624 -0.79993451 -0.0050173658 3 -0.79986483 0.5998987 0.018371662 3 -0.011685175 0.015038818 -0.99981856
3 -0.79895139 -0.60065484 0.029837703 3 -0.59955221 0.79940319 0.038619719 3 -0.047047593 0.012967439 -0.99880844
3 -0.93866026 -0.33472797 0.08290951 3 -0.33256608 0.94227099 0.039053407 3 -0.09119276 0.0090859691 -0.99579185
3 0.84510237 0.5285269 -0.080382518 3 0.52384067 -0.84869307 -0.072877683 3 -0.10673533 0.019483073 -0.99409658
3 0.97484732 0.20112465 -0.096029073 3 0.19573011 -0.97864968 -0.062727004 3 -0.10659287 0.042353861 -0.99340034
3 0.84397781 0.53360331 -0.05448826 3 0.5276131 -0.8441813 -0.094775893 3 -0.096570306 0.05124028 -0.9940064
3 0.97659469 0.21110588 -0.041195866 3 0.20638597 -0.97366363 -0.09687084 3 -0.060560264 0.086101443 -0.99444407
3 0.92145765 0.13933824 0.36263022 3 0.2115293 -0.96290952 -0.16751271 3 0.32583949 0.23106283 -0.91675431
3 0.72547603 0.46121606 0.51084673 3 0.52410328 -0.85130805 0.024297997 3 0.44609448 0.25010881 -0.85932839
3 0.050557449 -0.99623734 -0.07039205 3 -0.99712831 -0.046372227 -0.059872117 3 0.056382604 0.073216893 -0.99572098
3 -0.13019276 -0.98690981 -0.095177963 3 -0.98993838 0.13475482 -0.043161787 3 0.055422485 0.088600963 -0.994524
3 -0.80219096 -0.5901897 -0.090364717 3 -0.59521627 0.80240065 0.043252766 3 0.046981368 0.08848352 -0.99496907
3 -0.86537939 0.50109845 0.0043453639 3 0.49925077 0.86137599 0.093701877 3 0.043210872 0.083257094 -0.99559081
3 0.1515387 0.98535502 0.07817544 3 0.98702466 -0.15509352 0.041569784 3 0.053085502 0.070861645 -0.99607247
3 0.1143977 0.99144387 0.062865615 3 0.99237418 -0.11697008 0.038875598 3 0.045896374 0.057938945 -0.9972645
3 0.33685669 0.94007993 0.052698761 3 0.94077623 -0.33832729 0.021782765 3 0.038306974 0.042240076 -0.99837279
3 -0.35115504 0.93609464 0.020419708 3 0.93615234 0.35060021 0.026428131 3 0.017580079 0.028396331 -0.99944222
3 -0.81110245 0.58448929 0.022029167 3 0.58446956 0.81137639 -0.0079961605 3 -0.022547616 0.0063896729 -0.9997254
3 -0.99859315 0.00053965615 0.053023547 3 2.5262125e-08 0.99994814 -0.010176667 3 -0.05302709 -0.010162347 -0.9985413
3 0.95020854 0.30115587 -0.080055229 3 0.3004216 -0.95356756 -0.02135135 3 -0.082770698 -0.003762889 -0.99656159
3 0.86836636 0.48909068 -0.082038239 3 0.48652011 -0.87222528 -0.050215144 3 -0.096114583 0.0036924498 -0.99536353
3 0.86748952 0.49309248 -0.065739952 3 0.48913088 -0.86956686 -0.067857608 3 -0.090625294 0.026710358 -0.99552685
3 0.8671236 0.49681357 -0.035679985 3 0.49258631 -0.86595625 -0.086479202 3 -0.073863938 0.057411194 -0.99561441
3 0.94599241 0.32418773 0.00079169695 3 0.32268322 -0.94136143 -0.098559663 3 -0.031209303 0.093491226 -0.99513078
3 0.99250799 0.089741118 0.08291214 3 0.099867091 -0.98681384 -0.12737714 3 0.070387244 0.13470297 -0.98838288
3 0.80210447 0.55963749 0.20840898 3 0.58372027 -0.8084144 -0.075743586 3 0.1260912 0.18240635 -0.97510469
3 0.84347796 0.40344122 0.35465524 3 0.46451998 -0.87938535 -0.104417 3 0.26975244 0.25281781 -0.9291485
3 0.92362452 -0.070335917 0.37679005 3 0.04338716 -0.95751655 -0.28509575 3 0.38083446 0.27966931 -0.8813343
3 0.48074642 0.67961788 0.55407822 3 0.71982205 -0.66672242 0.19323012 3 0.50073886 0.30594292 -0.80972815
3 0.57385546 0.47983164 0.66366529 3 0.57475686 -0.81324863 0.091002271 3 0.58339059 0.32922399 -0.74247354
3 0.86153543 0.50063038 0.084414855 3 0.50658745 -0.85867447 -0.07776475 3 0.033553492 0.1097606 -0.99339157
3 0.86092609 0.50522459 0.059618995 3 0.50825274 -0.85926723 -0.057785753 3 0.022033866 0.080050774 -0.99654734
3 0.74229467 0.66822773 0.049702302 3 0.66986471 -0.74187082 -0.030145723 3 0.016728481 0.055670824 -0.99830896
3 -0.98390645 0.17821255 0.012983818 3 0.17827928 0.9839713 0.0041664932 3 -0.012033182 0.0064141843 -0.99990714
3 -0.87874669 -0.4750486 0.04618568 3 -0.47597736 0.87938786 -0.01107626 3 -0.035353359 -0.031716563 -0.99887151
3 -0.78863358 0.61446112 0.022239309 3 0.61223543 0.78808957 -0.063895158 3 -0.056787658 -0.036774177 -0.9977088
3 0.67728215 0.73277187 -0.065835536 3 0.73234361 -0.68003356 -0.035030454 3 -0.070438087 -0.024486978 -0.99721551
3 0.8453083 0.52962011 -0.070401132 3 0.52986896 -0.84791619 -0.016630426 3 -0.068503477 -0.023246421 -0.99737984
3 0.987602 0.14989331 -0.046628997 3 0.14908467 -0.98861426 -0.020381028 3 -0.049151182 0.013176962 -0.99870437
3 0.85129732 0.52467555 -0.0028912467 3 0.52338427 -0.84956402 -0.065650091 3 -0.036900889 0.054374769 -0.99783862
3 0.98332322 0.17830455 0.035817947 3 0.18107934 -0.97819585 -0.10170171 3 0.016902829 0.10649149 -0.99417001
3 0.37828276 0.90742534 0.18297952 3 0.92108065 -0.38867432 0.02330311 3 0.092265263 0.15972371 -0.9828406
3 0.28727975 0.91986626 0.26705098 3 0.94331974 -0.32007688 0.087740809 3 0.16618671 0.22670838 -0.95967978
3 0.55671906 0.69222152 0.45923132 3 0.75697148 -0.65042782 0.062756434 3 0.34213817 0.31268728 -0.88609737
3 0.59455431 0.60995668 0.5238874 3 0.7021569 -0.71133286 0.031327009 3 0.39176646 0.34922555 -0.85121131
3 0.77838922 0.62586051 0.049080979 3 0.62770438 -0.77714056 -0.045165371 3 0.0098755937 0.06596458 -0.99777311
3 0.71579325 0.69688892 0.044563103 3 0.69830614 -0.71459562 -0.041492753 3 0.0029287571 0.060818918 -0.99814451
3 -0.98640555 -0.16075203 0.034099273 3 -0.16108051 0.98691565 -0.0070971847 3 -0.032512225 -0.012493432 -0.99939322
3 -0.99885464 -0.010215938 0.046744712 3 -0.012415144 0.99881762 -0.047001343 3 -0.046209272 -0.047527853 -0.99780047
3 -0.33884022 0.94032866 -0.031134654 3 0.93934792 0.33625075 -0.067534313 3 -0.053035393 -0.052129615 -0.99723101
3 0.1482603 0.98839879 -0.032963872 3 0.9869982 -0.14997797 -0.057802372 3 -0.062075656 -0.023965489 -0.99778372
3 -0.1127654 0.99362123 -0.00092596561 3 0.99213248 0.11254535 -0.054832943 3 -0.05437896 -0.0071019391 -0.9984951
3 0.99966478 0.0011045155 -0.025867054 3 0.00074623455 -0.99990374 -0.013856421 3 -0.025878686 0.013832475 -0.99956942
3 0.82138097 0.5696553 0.028741321 3 0.57037914 -0.82025474 -0.04300826 3 -0.0009224643 0.051721159 -0.99866116
3 0.99805158 0.026737895 0.056375101 3 0.033205345 -0.9925648 -0.11710051 3 0.052827217 0.11874437 -0.99151856
3 0.88150519 0.41569671 0.22393024 3 0.44481161 -0.89019293 -0.098483652 3 0.15840031 0.18641993 -0.96961689
3 0.92263758 0.21771717 0.31833816 3 0.28485385 -0.94115001 -0.18192086 3 0.25999808 0.25852719 -0.9303574
3 0.52668011 0.68343866 0.50548953 3 0.74987173 -0.65361094 0.10239671 3 0.4003754 0.32512203 -0.85673517
3 -0.99471354 -0.089181244 0.050909642 3 -0.091419868 0.99486297 -0.043478228 3 -0.046770666 -0.047902528 -0.99775648
3 -0.8718828 0.48961419 0.0099189915 3 0.48743552 0.86959887 -0.078768708 3 -0.047191821 -0.063842207 -0.99684358
3 0.60062182 0.79676574 -0.066465333 3 0.79850763 -0.60198426 -0.0005919449 3 -0.04048273 -0.052717544 -0.99778855
3 0.97708094 0.20803714 -0.045092329 3 0.20915738 -0.9776414 0.021687869 3 -0.03957225 -0.030622199 -0.99874735
3 0.51229256 0.85849774 -0.023191443 3 0.8580727 -0.5127849 -0.027615044 3 -0.035599679 -0.0057529649 -0.99934953
3 -0.17734012 0.98315144 0.044316296 3 0.98409408 0.17667116 0.018613165 3 0.010470146 0.04691226 -0.99884421
3 -0.15484789 0.98476279 0.079148665 3 0.98587149 0.14884765 0.076823711 3 0.063872032 0.089926392 -0.99389815
3 0.98991334 0.030263731 0.13840395 3 0.050064564 -0.98861325 -0.14190675 3 0.13253511 0.14740458 -0.98015636
3 0.78844184 0.52548897 0.31971997 3 0.56403059 -0.82501459 -0.034934536 3 0.24541682 0.20787629 -0.94686747
3 0.92623788 -0.17019622 0.33632824 3 -0.068062633 -0.95310986 -0.29487121 3 0.37074417 0.25022939 -0.89439029
3 0.9301576 0.36314693 -0.054140724 3 0.36437652 -0.93113828 0.014547454 3 -0.045129631 -0.03325903 -0.99842745
3 0.73344427 0.67932844 -0.023922395 3 0.67931497 -0.73377949 -0.009931678 3 -0.024300635 -0.0089665074 -0.99966443
3 0.48868677 0.87243247 0.0068670623 3 0.87237507 -0.48851484 -0.01776123 3 -0.012140808 0.014670326 -0.99981874
3 0.071792722 0.99347395 0.088630825 3 0.99630558 -0.075627379 0.040689461 3 0.047126833 0.085382178 -0.99523306
3 0.13420963 0.98077393 0.1416689 3 0.98675442 -0.14541423 0.07190387 3 0.091122136 0.13014226 -0.9872992
3 -0.02939406 0.97856003 0.20385319 3 0.97984785 -0.012101607 0.19937806 3 0.19757038 0.20560567 -0.95848435
3 -0.32417303 0.93587327 0.138033 3 0.90621525 0.2653476 0.32918808 3 0.27145159 0.23180149 -0.93412113
3 0.60935283 0.7926935 0.018062185 3 0.79289651 -0.60913199 -0.01653846 3 -0.002107671 0.0243992 -0.99970013
3 0.60623491 0.79163575 0.076105595 3 0.79418838 -0.60764533 -0.005662933 3 0.041762229 0.063875251 -0.99708372
3 0.07815963 0.98632097 0.14512773 3 0.99002659 -0.093905807 0.10501889 3 0.11721066 0.13547207 -0.9838236
3 0.52246553 0.81709617 0.24368802 3 0.8356694 -0.54746687 0.044009618 3 0.16937117 0.18064909 -0.96885461
3 0.61543399 0.72711605 0.30420905 3 0.75927305 -0.65050155 0.01876232 3 0.21153086 0.2194308 -0.95242047
3 0.37229979 0.88199401 0.28892827 3 0.90678185 -0.41202718 0.089332946 3 0.19783738 0.22873621 -0.9531737
3 0.66108871 0.6659295 0.34568706 3 0.71325135 -0.70076716 -0.014061406 3 0.23288228 0.25585762 -0.93824446
3 0.73696178 0.57871646 -0.34924865 3 0.66515768 -0.71280301 0.22243461 3 -0.12021957 -0.39623174 -0.91024595
3 0.96418369 0.20941439 -0.16277456 3 0.2559227 -0.89572811 0.36355883 3 -0.069666371 -0.39219493 -0.91724038
3 0.65286362 0.70535982 -0.27610961 3 0.75737083 -0.6018033 0.25342095 3 0.012590981 -0.37456486 -0.92711526
3 0.88574278 0.45393613 -0.096963093 3 0.45714435 -0.81685567 0.35180423 3 0.080489554 -0.35593528 -0.93103796
3 0.77769864 0.62471044 -0.070155598 3 0.60322833 -0.71019506 0.3629584 3 0.17691974 -0.32459205 -0.92916065
3 0.81230789 0.46821749 -0.34774742 3 0.56008548 -0.79254156 0.24120963 3 -0.16266409 -0.3907038 -0.9060303
3 0.78862172 0.5086264 -0.34550685 3 0.59820753 -0.76461852 0.23980507 3 -0.14220852 -0.39579949 -0.90725946
3 0.89994365 0.34427494 -0.26753718 3 0.41960117 -0.85060191 0.31687742 3 -0.11847471 -0.39743078 -0.90995198
3 0.97115856 0.1882987 -0.14626932 3 0.22989058 -0.90221882 0.36489925 3 -0.063258305 -0.3880012 -0.91948539
3 0.97825813 0.20227039 -0.045799829 3 0.204944 -0.90902621 0.36286241 3 0.031763721 -0.36435938 -0.93071651
3 0.86157644 0.50005764 -0.087340899 3 0.49686667 -0.79549587 0.34685749 3 0.10397043 -0.34224039 -0.93384254
3 0.87141758 0.49045184 0.0093947798 3 0.45460573 -0.81462657 0.36016268 3 0.1842986 -0.30957958 -0.9328422
3 0.87789053 0.47164887 0.082797766 3 0.41654292 -0.83743501 0.35382849 3 0.23621836 -0.27613506 -0.93163854
3 -0.064726949 0.92343801 -0.37824956 3 0.99015778 0.012297995 -0.13941446 3 -0.12408905 -0.38354814 -0.91514629
3 -0.066905871 0.92289776 -0.37918779 3 0.9879806 0.0082022361 -0.15436119 3 -0.13934949 -0.38495654 -0.91235435
3 -0.49693677 0.82583147 -0.2665638 3 0.85203969 0.40607673 -0.33034837 3 -0.16456711 -0.3912845 -0.90543586
3 0.78017026 0.50787413 -0.36523715 3 0.60242277 -0.76729947 0.21985918 3 -0.16858505 -0.3915545 -0.90457946
3 0.92378795 0.27249244 -0.26900515 3 0.35342798 -0.87710702 0.32522604 3 -0.1473258 -0.39551413 -0.90656692
3 0.93638539 0.28314322 -0.20739412 3 0.34121293 -0.87279594 0.34899998 3 -0.082195871 -0.39756405 -0.91388547
3 0.81849748 0.51604378 -0.2525087 3 0.57310343 -0.76413882 0.29604778 3 -0.040179484 -0.38702884 -0.92119181
3 -0.97065884 0.20619902 -0.12370652 3 0.23693666 0.90791112 -0.34577215 3 0.041016676 -0.36493742 -0.93012816
3 0.58113664 0.78273326 -0.22273038 3 0.80817443 -0.52293754 0.27090663 3 0.095572181 -0.33744064 -0.93648267
3 0.84529412 0.53383905 0.022220628 3 0.49048346 -0.79179448 0.36398822 3 0.21190269 -0.2967799 -0.93113852
3 0.59383464 0.80362928 -0.039248824 3 0.75249618 -0.53746003 0.38063937 3 0.28479826 -0.25557142 -0.92389029
3 0.86554027 0.43263131 0.25232953 3 0.34253418 -0.87890339 0.3319627 3 0.36538869 -0.20089659 -0.90891784
3 -0.99851525 0.046586692 0.028230846 3 0.03340457 0.93304443 -0.35820672 3 -0.043028336 -0.35673183 -0.93321526
3 -0.99944276 0.030814469 0.012838781 3 0.02420757 0.93384135 -0.35686776 3 -0.022986092 -0.35635802 -0.93406677
3 -0.99462134 -0.0935193 0.044524997 3 -0.10325927 0.92895353 -0.35550353 3 -0.0081151817 -0.35818902 -0.93361378
3 -0.0019509413 0.93248862 -0.36119431 3 0.99975133 -0.0062066196 -0.021423534 3 -0.022218991 -0.36114684 -0.93224424
3 0.094051845 0.92468119 -0.36894313 3 0.99467909 -0.10292729 -0.004400488 3 -0.042043287 -0.36656538 -0.92944175
3 -0.0079749059 0.93124491 -0.36430669 3 0.99716133 -0.019872408 -0.072626568 3 -0.074872792 -0.36384943 -0.92844379
3 -0.015062549 0.93188345 -0.36244491 3 0.99259061 -0.029773915 -0.11780209 3 -0.12056918 -0.36153615 -0.92452943
3 -0.53178811 0.80956554 -0.24860609 3 0.83544004 0.4534103 -0.3105785 3 -0.13871375 -0.37285647 -0.91746199
3 -0.04358625 0.93058336 -0.36347595 3 0.98520756 -0.020316493 -0.17015621 3 -0.16572902 -0.36551788 -0.91593146
3 -0.21863452 0.91910738 -0.32778123 3 0.95983106 0.14202535 -0.24197739 3 -0.17584963 -0.3675206 -0.913239
3 0.9371956 0.25462058 -0.23839632 3 0.3214851 -0.89570761 0.30717266 3 -0.13531895 -0.36452121 -0.92131042
3 0.98914146 0.077611625 -0.12480207 3 0.11810541 -0.92516303 0.36072764 3 -0.087467171 -0.37155059 -0.92428327
3 0.7373358 0.61979634 -0.26867896 3 0.6750049 -0.69160932 0.25699204 3 -0.02653902 -0.37084979 -0.92831355
3 0.75772005 0.63277251 -0.15955937 3 0.64708072 -0.69685584 0.30931932 3 0.084539831 -0.33762446 -0.93747681
3 0.83540678 0.54608846 -0.062313508 3 0.53225964 -0.77550656 0.33954293 3 0.13709362 -0.31682491 -0.93852401
3 0.87048233 0.48208115 0.099289015 3 0.42563727 -0.83858937 0.3400012 3 0.2471725 -0.25370303 -0.93516874
3 0.61612278 0.78547192 0.05853714 3 0.7108447 -0.58651578 0.38819996 3 0.33925447 -0.19756632 -0.91971415
3 0.89558834 0.22957206 0.38107508 3 0.1604311 -0.96559495 0.20466673 3 0.41495001 -0.12216082 -0.90160602
3 -0.85829717 -0.47191221 0.20155598 3 -0.51098186 0.82207119 -0.25119013 3 -0.047153696 -0.31858724 -0.94671994
3 -0.9313184 -0.33455276 0.14394581 3 -0.36320794 0.88238585 -0.29912373 3 -0.026943088 -0.33086175 -0.94329447
3 -0.9950496 0.098725528 -0.011381254 3 0.096860997 0.93783432 -0.33329377 3 -0.022230882 -0.33274624 -0.94275439
3 -0.0045051277 0.93930638 -0.34304982 3 0.99956739 -0.0057410654 -0.028846532 3 -0.029065218 -0.34302872 -0.93887514
3 0.24685146 0.91268283 -0.32569072 3 0.96843028 -0.24439164 0.049145989 3 -0.034740914 -0.32753879 -0.94419873
3 -0.01310114 0.94227904 -0.33457229 3 0.9971261 -0.012657985 -0.074694902 3 -0.074618429 -0.33459052 -0.93940473
3 0.13419002 0.92989457 -0.34247485 3 0.98292416 -0.16881242 -0.073229134 3 -0.12590906 -0.32679784 -0.93666977
3 -0.016241794 0.94380426 -0.33010551 3 0.98874408 -0.033949651 -0.14571342 3 -0.14873196 -0.32875466 -0.93263018
3 -0.0055071674 0.93772846 -0.34732541 3 0.98548698 -0.053839907 -0.1609858 3 -0.16966093 -0.34317294 -0.92382216
3 0.81210977 0.55215752 0.18867911 3 0.47185367 -0.81166047 0.34432772 3 0.34326494 -0.19060403 -0.91969526
3 0.81816322 0.50977278 0.26597124 3 0.4247815 -0.84763348 0.31792864 3 0.38751969 -0.14713646 -0.91004384
3 0.86555171 0.18801093 0.46418977 3 0.12445523 -0.97853261 0.16426988 3 0.48510766 -0.084413595 -0.87037045
3 -0.99916452 -0.017079383 0.037127241 3 -0.026907934 0.95870817 -0.2831158 3 -0.030758761 -0.28387833 -0.95836687
3 -0.99924004 -0.007786423 0.038193084 3 -0.0185523 0.95674706 -0.2903291 3 -0.03428049 -0.29081702 -0.95616442
3 -0.39960146 -0.87807846 0.26324299 3 -0.91637391 0.39016628 -0.089604527 3 -0.0240287 -0.27703506 -0.96055925
3 -0.84422123 -0.51454902 0.15009889 3 -0.53596187 0.81349474 -0.22576766 3 -0.0059361421 -0.27104518 -0.96254832
3 0.29819623 0.91958541 -0.25581574 3 0.95420253 -0.29393753 0.055660851 3 -0.024009105 -0.26069838 -0.96512169
3 0.19869936 0.94520128 -0.25906208 3 0.97899646 -0.20373778 0.0075377896 3 -0.045655999 -0.25511858 -0.96583122
3 -0.013172807 0.96457636 -0.26347479 3 0.99712217 -0.0070022373 -0.075487643 3 -0.074658528 -0.26370898 -0.96170872
3 -0.019277217 0.95865941 -0.28390244 3 0.99242055 -0.016122332 -0.12182682 3 -0.12136763 -0.28409722 -0.951083
3 0.8153621 0.45659003 0.35596374 3 0.36567301 -0.88282681 0.29478854 3 0.44885179 -0.11019312 -0.88678622
3 -0.14157143 -0.98901826 -0.042432636 3 -0.84413695 0.14300121 -0.51670456 3 0.51709813 -0.037331712 -0.85511166
3 -0.99132794 0.12941717 -0.022806637 3 0.13118923 0.96454716 -0.22899398 3 -0.0076376824 -0.23000011 -0.97316062
3 -0.65144932 0.73931068 -0.17039266 3 0.75856686 0.6306197 -0.16399787 3 -0.013792385 -0.23609053 -0.9716332
3 -0.94992876 -0.30052751 0.085548252 3 -0.3123745 0.92000741 -0.23666139 3 -0.007581763 -0.25153455 -0.96781868
3 -0.081426442 -0.96723449 0.240473 3 -0.99661505 0.081757009 -0.0086189192 3 -0.011323838 -0.24036081 -0.97061753
3 0.30977577 0.92489845 -0.22045797 3 0.95079875 -0.30022436 0.076465219 3 0.0045357118 -0.23329826 -0.97239459
3 -0.0013709315 0.97798955 -0.20864937 3 0.99994063 -0.00091560534 -0.010861776 3 -0.010813747 -0.20864949 -0.97793072
3 0.067547053 -0.97814435 0.19664954 3 -0.99668086 -0.057176575 0.057950385 3 -0.045440093 -0.19991122 -0.97875988
3 0.38942093 0.90100408 0.19116205 3 0.76891679 -0.43227604 0.47106731 3 0.50706899 -0.03645429 -0.86113423
3 -0.66779876 -0.5879153 -0.45650902 3 -0.489299 0.80890274 -0.3259804 3 0.56091911 0.0056791254 -0.8278513
3 -0.99937379 0.032359481 0.01431644 3 0.028251916 0.97329891 -0.22779591 3 -0.021305546 -0.22724879 -0.97360361
3 -0.99972618 -0.0048012137 0.022895724 3 -0.009691027 0.97578156 -0.21853153 3 -0.021292033 -0.21869364 -0.9755612
3 0.20523734 0.97275305 0.10783814 3 0.83320063 -0.23146644 0.50219518 3 0.51347232 -0.0132209 -0.85800439
3 -0.68580836 -0.51611054 -0.51312459 3 -0.43498495 0.8559432 -0.27955201 3 0.5834865 0.031483326 -0.81151241
3 0.41945547 0.8455013 0.33043098 3 0.72370309 -0.53120071 0.44054481 3 0.54800642 0.054345015 -0.83470696
3 0.59455657 0.56426567 0.57280594 3 0.49168801 -0.81882489 0.29625812 3 0.63619614 0.10549965 -0.76428038
3 0.67868477 0.44992727 0.58047593 3 0.42157057 -0.88585842 0.19373471 3 0.60138607 0.11322678 -0.79089481
3 0.37791803 0.76653856 0.51922703 3 0.63481581 -0.62276876 0.45734888 3 0.6739338 0.15677311 -0.72196633
3 -0.67158782 -0.3039397 -0.67571479 3 -0.35475737 0.93256325 -0.066880658 3 0.65047449 0.19479857 -0.73412293
3 0.42570955 0.65319896 0.62618083 3 0.67101204 -0.69215381 0.26583046 3 0.6070537 0.30700833 -0.73296094
3 0.675336 0.1332006 0.72538191 3 0.37721723 -0.90755296 -0.18453974 3 0.63374168 0.39825287 -0.6631487
3 -0.39024523 -0.35425842 -0.84982908 3 -0.53354323 0.83924931 -0.10484278 3 0.75035977 0.41250598 -0.51652592
3 0.73300463 0.67122185 0.11029734 3 0.67944908 -0.73021704 -0.071639568 3 0.032454941 0.12745354 -0.99131346
3 -0.55837089 -0.36692721 -0.74403381 3 -0.53869861 0.84242445 -0.011175349 3 0.6308921 0.39456952 -0.66804951
3 0.91211629 0.40626943 0.054671094 3 0.40965456 -0.90825826 -0.085146338 3 0.015063122 0.10005964 -0.99486738
3 0.59699565 -0.80053401 0.052359253 3 -0.57857996 -0.47484764 -0.66314793 3 0.55573517 0.36560234 -0.74665493
3 0.90658927 -0.16476256 0.38852191 3 -0.039700851 -0.94985199 -0.31016958 3 0.42014265 0.26577175 -0.86766678
3 0.76911128 0.25522447 0.58594221 3 0.38173762 -0.91874862 -0.10088296 3 0.51258576 0.3012664 -0.80404878
3 -0.4548507 -0.46813896 -0.75759941 3 -0.55846322 0.81258214 -0.16682164 3 0.69370687 0.34721193 -0.63104266
3 0.10680678 0.93113995 0.34866998 3 0.89256483 -0.24430223 0.37900478 3 0.43808731 0.27073029 -0.85719585
3 -0.026901539 -0.90656304 -0.42121202 3 -0.79973477 0.27232307 -0.5350368 3 0.59975046 0.3224647 -0.73233604
3 0.46930164 0.79649347 0.38125336 3 0.83870786 -0.53713495 0.089750022 3 0.27626979 0.27764034 -0.92010367
3 0.64934087 0.59569383 0.47276378 3 0.66242719 -0.74839282 0.03314963 3 0.37355995 0.29164609 -0.88056552
3 0.71399283 0.435518 0.54821366 3 0.53705359 -0.84302402 -0.029733449 3 0.44920787 0.3156496 -0.83580971
3 -0.14287733 0.91784412 0.37033513 3 0.74494362 -0.14663021 0.65081382 3 0.65164804 0.36886537 -0.66279203
3 0.83671105 0.35681984 0.415445 3 0.45116067 -0.87913084 -0.1535697 3 0.31043375 0.31592581 -0.89656126
3 0.82937235 0.27676651 0.48532626 3 0.40131235 -0.89948308 -0.17285395 3 0.38870269 0.33812779 -0.85707641
3 0.63120127 0.52458799 0.5713076 3 0.6319617 -0.77488548 0.013303846 3 0.44967702 0.35264713 -0.82062823
3 0.63515413 0.64073509 0.43132085 3 0.70961612 -0.70458621 0.0017098039 3 0.30499828 0.30498627 -0.90219694
3 0.85655999 0.20761117 0.47244337 3 0.33215714 -0.92245436 -0.19685049 3 0.39493898 0.32553965 -0.85909688
3 0.34683588 -0.84310162 0.41095567 3 -0.93666887 -0.28867662 0.19828576 3 -0.048542716 -0.45369965 -0.8898316
3 0.70974082 -0.62662941 0.32187527 3 -0.70446068 -0.63250417 0.32198429 3 0.0018225736 -0.45527378 -0.89034969
3 0.2232458 -0.86199099 0.45511842 3 -0.97369969 -0.21899614 0.062844425 3 0.045497857 -0.45717844 -0.88821036
3 0.065770507 -0.90486288 0.42059165 3 -0.9887327 -0.11590029 -0.094734222 3 0.13446818 -0.40962204 -0.9022904
3 -0.052007005 -0.91284001 0.40499175 3 -0.98795557 -0.012152646 -0.15426001 3 0.14573644 -0.40813646 -0.90121341
3 -0.021672396 -0.91648573 0.3994799 3 -0.99031538 0.074487224 0.11716226 3 -0.13713372 -0.39307278 -0.90922385
3 -0.19973226 -0.88820755 0.41375637 3 -0.97246438 0.23143627 0.027385518 3 -0.12008193 -0.39689213 -0.90997624
3 0.97227585 0.17377926 -0.15646209 3 0.22093664 -0.90186799 0.3712427 3 -0.07659138 -0.39551809 -0.91525912
3 0.18863679 -0.9015696 0.38934362 3 -0.98204589 -0.1726326 0.076050237 3 -0.0013511621 -0.39669919 -0.91794753
3 0.14048493 -0.90532261 0.40081769 3 -0.98850894 -0.15107115 0.0052454919 3 0.05580356 -0.39695159 -0.91614157
3 0.69358373 0.70169872 -0.16297404 3 0.70256108 -0.60889173 0.36831895 3 0.15921499 -0.36995965 -0.91530353
3 -0.065690637 -0.93437874 0.35017321 3 -0.98133111 -0.0030767471 -0.19230229 3 0.18076053 -0.35626826 -0.91673261
3 0.26582611 -0.88490045 0.38247579 3 -0.92832029 -0.34194431 -0.14593057 3 0.25991943 -0.31626785 -0.91236871
3 -0.9323554 -0.26580384 0.24507549 3 -0.34141612 0.8703171 -0.35494182 3 -0.11894845 -0.41460451 -0.90219432
3 -0.37844348 -0.82170844 0.42611697 3 -0.91420579 0.40389964 -0.033060081 3 -0.14494362 -0.40207186 -0.90406287
3 0.66636431 -0.72024757 0.19287832 3 -0.72791988 -0.5723592 0.37754121 3 -0.1615285 -0.39197883 -0.90568262
3 0.30829865 -0.89163935 0.33155876 3 -0.93701255 -0.22447254 0.26761818 3 -0.16419244 -0.39318281 -0.90468115
3 0.9898752 -0.08327949 -0.11494165 3 -0.030355863 -0.91526079 0.40171632 3 -0.13865578 -0.39415994 -0.90852207
3 0.31341127 -0.88553524 0.34292948 3 -0.94174099 -0.24342234 0.2320977 3 -0.12205488 -0.39569032 -0.91023713
3 0.92193872 0.32789329 -0.20619147 3 0.38181788 -0.8588689 0.34140769 3 -0.065148711 -0.39348549 -0.91701955
3 0.71975327 0.64137793 -0.2656869 3 0.69422138 -0.66305512 0.28002569 3 0.0034358073 -0.38599622 -0.92249388
3 0.82237816 0.55089843 -0.14214449 3 0.5625692 -0.75009227 0.34767428 3 0.084911428 -0.36588606 -0.92677796
3 0.77431959 0.62530833 -0.097050123 3 0.61145121 -0.69985431 0.36923108 3 0.16296457 -0.34524241 -0.92425668
3 0.79459441 0.6063537 -0.030900763 3 0.57116669 -0.7292859 0.37671041 3 0.20588467 -0.3169812 -0.92581564
