ply
format ascii 1.0
comment PCL generated
element vertex 18761
property list uint float x_axis
property list uint float y_axis
property list uint float z_axis
element camera 1
property float view_px
property float view_py
property float view_pz
property float x_axisx
property float x_axisy
property float x_axisz
property float y_axisx
property float y_axisy
property float y_axisz
property float z_axisx
property float z_axisy
property float z_axisz
property float focal
property float scalex
property float scaley
property float centerx
property float centery
property int viewportx
property int viewporty
property float k1
property float k2
end_header
3 -0.58884847 0.8071034 -0.042916097 3 -0.79932702 -0.57366532 0.17884305 3 0.11972535 0.13961542 0.98294127
3 -0.66147101 0.74952364 -0.025891935 3 -0.74035263 -0.64708722 0.18208852 3 0.11972535 0.13961542 0.98294127
3 nan nan nan 3 nan nan nan 3 nan nan nan
3 nan nan nan 3 nan nan nan 3 nan nan nan
3 0.55846161 0.7669934 0.31597736 3 -0.82947505 0.51192856 0.22338361 3 0.0095759444 -0.38684648 0.9220944
3 0.18845099 0.90631109 0.37826788 3 -0.98203599 0.17014733 0.081580393 3 0.0095759444 -0.38684648 0.9220944
3 -0.9815886 0.16710424 0.092520379 3 -0.15167831 -0.97633278 0.15416779 3 0.11609279 0.13729601 0.9837032
3 -0.99112362 0.080605641 0.10571834 3 -0.064777322 -0.98724461 0.14543505 3 0.11609279 0.13729601 0.9837032
3 -0.82383454 0.56681919 0.0035681869 3 -0.56075591 -0.81590879 0.14087471 3 0.082761854 0.11405654 0.99002099
3 -0.79275584 0.60945731 0.009991372 3 -0.59797394 -0.78078771 0.18110079 3 0.1181744 0.1375941 0.98341376
3 -0.81492931 0.57955194 -0.0031621084 3 -0.55640072 -0.78082526 0.28413111 3 0.16219965 0.23330611 0.95878029
3 -0.95775652 0.28464985 0.040949561 3 -0.27707759 -0.95150608 0.13365708 3 0.077009223 0.11666474 0.99018127
3 -0.84409291 0.53618598 -0.0034419266 3 -0.53213739 -0.83689654 0.12819594 3 0.065856315 0.11004085 0.99174297
3 -0.62814188 0.77687567 -0.043611556 3 -0.77616304 -0.62164319 0.10550134 3 0.054850597 0.10011949 0.99346232
3 0.79813784 -0.6021812 0.01880526 3 0.57973653 0.75914651 -0.29597652 3 0.16395552 0.24713221 0.95501018
3 0.83175635 -0.55450171 0.026630398 3 0.55422765 0.83218247 0.017433787 3 -0.031828415 0.00025863844 0.9994933
3 0.84358448 -0.53692865 -0.0085352613 3 0.53496921 0.84167343 -0.073441744 3 0.046616852 0.057388235 0.99726295
3 -0.36249018 -0.61185193 -0.70302063 3 0.93070233 -0.19804469 -0.30752504 3 0.048930343 -0.76577777 0.64124143
3 0.96117097 0.24201651 0.13258314 3 -0.25737989 0.61294264 0.74703199 3 0.099528261 -0.75214976 0.65143287
3 0.67189646 -0.73984092 0.034503635 3 0.7397638 0.6726402 0.017448932 3 -0.036117963 0.013800664 0.99925214
3 -0.90161526 -0.019419096 -0.43210283 3 0.2538358 -0.83263367 -0.49222827 3 -0.35022476 -0.55348366 0.75564444
3 0.87080801 -0.46862683 -0.14860043 3 0.39787054 0.49423075 0.77293903 3 -0.28877714 -0.73220539 0.61683303
3 0.9811312 -0.075802922 0.1778636 3 -0.071226828 0.71352786 0.69699681 3 -0.17974497 -0.69651401 0.69466525
3 -0.34904736 -0.61464113 -0.70737696 3 0.9358269 -0.18921144 -0.2973673 3 0.048930343 -0.76577777 0.64124143
3 0.98812473 0.15346225 -0.007676661 3 -0.094288312 0.64504385 0.75830626 3 0.12132321 -0.7485773 0.65185338
3 nan nan nan 3 nan nan nan 3 nan nan nan
3 0.5450089 -0.83819914 0.019684792 3 0.83756018 0.54536259 0.032753237 3 -0.038189087 -0.0013636056 0.99926966
3 -0.96898699 0.16577372 -0.18325779 3 -0.13268772 -0.97466218 -0.18007806 3 -0.20846663 -0.15017721 0.96643102
3 0.71353638 0.62510359 0.31640351 3 -0.58706027 0.28695792 0.75697786 3 0.382395 -0.72587937 0.57172841
3 0.77906775 -0.111678 -0.61691284 3 0.50391424 0.69697195 0.51019675 3 0.37299323 -0.70834899 0.5992645
3 0.83992016 -0.50297648 -0.20383531 3 0.45950183 0.4592275 0.76024216 3 -0.28877714 -0.73220539 0.61683303
3 -0.3841238 -0.62427366 -0.68024355 3 0.90505767 -0.40025982 -0.14374635 3 -0.18253712 -0.67087603 0.71875298
3 0.38170412 -0.6004312 -0.70269793 3 0.852337 0.52273798 0.016326144 3 0.35752419 -0.60516721 0.71130091
3 0.61950213 -0.39382136 -0.67905951 3 0.67742383 0.70528322 0.2089801 3 0.39662844 -0.58947474 0.70370847
3 0.18488559 -0.98261082 0.017125806 3 0.9826892 0.18505342 0.0087834019 3 -0.011799855 0.015205422 0.99981475
3 0.060545564 -0.99804372 0.015591476 3 0.99807 0.060748477 0.012886934 3 -0.01380888 0.014781139 0.99979544
3 0.96356839 0.26741114 0.0052065095 3 -0.26727149 0.96343446 -0.018970739 3 -0.010089117 0.016888056 0.99980652
3 0.72436148 0.68939012 -0.0064579016 3 -0.68936324 0.72414899 -0.019666474 3 -0.0088813938 0.018697474 0.99978584
3 0.86649328 0.49917579 0.0035841481 3 -0.49899954 0.86634034 -0.021300757 3 -0.013737915 0.016668476 0.99976665
3 -0.39206237 -0.91980433 -0.015720695 3 0.91927874 -0.39237112 0.031171964 3 -0.034840453 -0.0022303469 0.99939048
3 0.93426651 -0.35329747 -0.048239589 3 0.35536218 0.91137576 0.20763493 3 -0.029392505 -0.21112888 0.97701633
3 0.72584772 -0.67005146 -0.15548743 3 0.68782872 0.70503414 0.172681 3 -0.0060811955 -0.23228881 0.97262788
3 0.40722871 -0.88250768 -0.23525532 3 0.91332167 0.39430553 0.10181763 3 0.0029076363 -0.25632682 0.96658581
3 -0.98967475 -0.14075831 0.027039677 3 0.12621118 -0.94522309 -0.30103871 3 0.067932181 -0.29451767 0.95322859
3 -0.98750705 0.12671518 -0.093665138 3 -0.11242621 -0.98307496 -0.14465201 3 -0.11040945 -0.13231446 0.98503947
3 -0.97844404 0.14861669 -0.14338914 3 -0.1181639 -0.97234029 -0.20147435 3 -0.16936548 -0.18018794 0.96894157
3 0.5704037 -0.82136434 -0.00056490302 3 0.79208821 0.54989034 0.26498526 3 -0.21733882 -0.15159602 0.96425241
3 0.61451006 -0.78877574 0.014499977 3 0.75838077 0.59569424 0.26458886 3 -0.21733882 -0.15159602 0.96425241
3 -0.83895344 -0.52337134 -0.14912961 3 0.43122497 -0.4721747 -0.7688278 3 0.3319672 -0.70931911 0.62182331
3 0.62764198 0.66169602 0.41015109 3 -0.70294154 0.25527263 0.66385955 3 0.33457312 -0.70497805 0.62535357
3 0.69664085 -0.38287991 -0.60670811 3 0.52051717 0.85172904 0.060166687 3 0.49371418 -0.3577165 0.79264462
3 0.91155422 0.41117606 0.0017642304 3 -0.41108507 0.91142786 -0.01756119 3 -0.0088287061 0.015282731 0.99984431
3 0.97047371 0.24105024 0.0086950436 3 -0.24089238 0.97041851 -0.016088525 3 -0.012315974 0.01351892 0.99983275
3 0.9412173 0.33773398 0.0067754914 3 -0.33758515 0.94114256 -0.01694867 3 -0.012100844 0.013665073 0.99983346
3 -0.42592853 -0.90459979 0.016854281 3 0.90452737 -0.42532718 0.030444169 3 -0.020371202 0.028212206 0.9993943
3 -0.33395416 -0.94240463 0.018658917 3 0.94240612 -0.33343354 0.026321027 3 -0.018583549 0.026374295 0.99947941
3 0.83995801 0.54101712 0.042082399 3 -0.54044461 0.84100962 -0.024946371 3 -0.048888117 -0.0017892994 0.99880266
3 -0.85279304 -0.47018111 -0.22731902 3 0.51088691 -0.84136683 -0.17634237 3 -0.10834582 -0.26651779 0.95772099
3 0.93774813 0.2795774 0.20607017 3 -0.32284781 0.92043042 0.22040236 3 -0.12805384 -0.27321124 0.95339286
3 0.99839503 -0.03295885 0.046054687 3 0.023039125 0.97924978 0.20134319 3 -0.051735092 -0.19995899 0.97843748
3 0.82186532 -0.56000346 -0.10456413 3 0.56937724 0.80146736 0.18292065 3 -0.018631466 -0.20987254 0.97755134
3 0.36950296 -0.89790785 -0.2392258 3 0.92922503 0.35785189 0.092102736 3 0.0029076363 -0.25632682 0.96658581
3 -0.98805571 -0.15256009 0.021706387 3 0.13566546 -0.92800689 -0.346984 3 0.073079579 -0.33989477 0.93761981
3 -0.35321021 -0.88162482 -0.31301802 3 0.93200684 -0.30252731 -0.1996011 3 0.081276782 -0.36223605 0.92853606
3 0.31043217 -0.87380975 -0.37428385 3 0.94731951 0.31703329 0.045558155 3 0.078851283 -0.36870912 0.92619437
3 0.97934103 -0.16734836 -0.11351451 3 0.20180717 0.84448862 0.49609751 3 0.012840596 -0.50875676 0.86081457
3 0.39260137 -0.84737104 -0.35752827 3 0.91962123 0.367048 0.13990144 3 0.012681602 -0.38371608 0.92336398
3 -0.91194046 -0.36920625 -0.17902887 3 0.39924031 -0.89911652 -0.17943455 3 -0.094719447 -0.23510917 0.96734273
3 -0.73985296 -0.62170053 -0.2571106 3 0.65700012 -0.74992472 -0.077223264 3 -0.14480387 -0.22605561 0.96329159
3 0.23168956 0.9415729 0.24445932 3 -0.95687383 0.26585707 -0.11709982 3 -0.17524926 -0.20678592 0.9625628
3 -0.84275985 0.52883565 -0.10044267 3 -0.49492759 -0.83463484 -0.24172568 3 -0.2116662 -0.1540048 0.96513206
3 -0.57921982 -0.68727744 -0.43835407 3 0.76943803 -0.28336233 -0.5724259 3 0.26920232 -0.66884661 0.69294637
3 0.83148777 -0.26696998 -0.48719111 3 0.53920186 0.5989598 0.59203768 3 0.13375162 -0.75496638 0.64197844
3 -0.94237196 0.22338572 0.24906588 3 -0.33095059 -0.51324904 -0.79186302 3 -0.049058486 -0.82865798 0.55760127
3 -0.83170491 0.36619538 0.4173342 3 -0.54939097 -0.43418425 -0.71390009 3 -0.080227055 -0.82303387 0.5622977
3 -0.32107806 -0.49560666 -0.80702102 3 0.94565266 -0.12145799 -0.30164385 3 0.051477559 -0.86001283 0.50766927
3 0.082175404 -0.4977662 -0.86340958 3 0.99495459 0.091007352 0.042228416 3 0.057556737 -0.86252344 0.50273329
3 0.84591001 -0.2456031 -0.47340843 3 0.52471596 0.54211867 0.65633911 3 0.095444672 -0.80360866 0.58745533
3 0.72368819 -0.38716352 -0.57129669 3 0.68667352 0.48667315 0.54002666 3 0.068956114 -0.78310513 0.61805451
3 0.99671853 0.056925371 -0.057543665 3 0.0085229352 0.63315463 0.77397794 3 0.080493078 -0.77192891 0.63059205
3 0.99856627 0.053440847 -0.0031145494 3 -0.031800911 0.63900542 0.76854479 3 0.043061905 -0.7673437 0.63978857
3 -0.68798625 -0.44561219 -0.57280421 3 0.72151273 -0.504893 -0.47381699 3 -0.0780662 -0.73926508 0.66887438
3 0.13086908 -0.90782148 -0.39841357 3 0.85290992 0.30795875 -0.42155203 3 0.50538898 -0.28464282 0.81459224
3 -0.075373292 -0.98541874 -0.15254091 3 0.87922126 0.0064906999 -0.47636965 3 0.47041368 -0.17002273 0.86591196
3 0.90917051 -0.25810784 -0.32678664 3 0.24754076 0.96602422 -0.074304342 3 0.33486223 -0.013337676 0.94217277
3 -0.76997983 0.63797712 0.01078331 3 -0.63802874 -0.77001035 -0.0018810672 3 0.0071031814 -0.0083284443 0.99994016
3 0.99988431 -0.013262164 0.0074626077 3 0.013215949 0.99989367 0.0062087486 3 -0.0075441506 -0.0061094034 0.99995303
3 0.88971013 -0.45644349 0.0086704176 3 0.4564352 0.88975143 0.0030254398 3 -0.0090954583 0.0012657188 0.9999578
3 -0.22323635 0.97462666 -0.016381081 3 -0.97472441 -0.22334778 -0.0052974527 3 -0.0088217175 0.014784455 0.99985182
3 -0.60933053 -0.79290253 0.0046919538 3 0.79283994 -0.6091789 0.017492529 3 -0.011011628 0.014378699 0.99983597
3 -0.52110183 0.85331982 -0.017267579 3 -0.8534593 -0.52115756 0.0014546188 3 -0.0077578742 0.015495179 0.99984992
3 -0.30715832 -0.95157492 0.012612998 3 0.95162743 -0.30701408 0.012161246 3 -0.0076999664 0.015738301 0.99984658
3 0.99930882 0.035392851 0.011362866 3 -0.035234418 0.99928296 -0.013852578 3 -0.011845001 0.01344264 0.99983943
3 0.98017693 0.19792497 0.0088838637 3 -0.19774204 0.98008597 -0.018157722 3 -0.012300818 0.016041066 0.99979573
3 -0.88734174 -0.46107712 -0.005707135 3 0.4606525 -0.88694137 0.03367769 3 -0.020589901 0.027254615 0.99941641
3 -0.94494456 -0.32701576 -0.011860936 3 0.32648841 -0.94462144 0.033104803 3 -0.022029884 0.02740974 0.99938154
3 0.74949908 -0.66136539 0.029108567 3 0.66172266 0.74973977 -0.0037309416 3 -0.019356329 0.022058129 0.99956936
3 -0.33986849 0.93993193 -0.031893421 3 -0.94017988 -0.34041375 -0.01342697 3 -0.0234774 0.02542215 0.99940115
3 -0.44138718 0.89670324 -0.033178635 3 -0.89700973 -0.4419018 -0.0098312534 3 -0.023477403 0.025422148 0.99940115
3 -0.61708593 0.78571737 -0.04304824 3 -0.78649402 -0.61759526 0.0018361993 3 -0.025143659 0.034990277 0.99907136
3 0.97667176 0.21029475 0.043454617 3 -0.20991625 0.97763085 -0.013148602 3 -0.045247667 0.0037200369 0.99896878
3 0.7874068 -0.61174965 -0.075846776 3 0.6162985 0.77867681 0.11763673 3 -0.012904105 -0.13937223 0.99015594
3 0.97519964 -0.21915787 0.030911043 3 0.20582414 0.94935346 0.23741199 3 -0.081376225 -0.22516184 0.97091711
3 0.10622078 0.95406687 0.2801314 3 -0.98757923 0.1340282 -0.081998706 3 -0.11577775 -0.26794198 0.9564532
3 0.99393916 0.0408298 0.10206825 3 -0.061799437 0.97539639 0.21161957 3 -0.090916514 -0.21664472 0.97200793
3 0.89165694 -0.4515295 -0.032693923 3 0.44747433 0.86808717 0.21492182 3 -0.06866236 -0.20626624 0.97608393
3 0.8067221 -0.58024275 -0.1118827 3 0.59043282 0.78368992 0.19292319 3 -0.024260936 -0.22169463 0.97481441
3 0.67607343 0.70865667 0.20181829 3 -0.73682785 0.65137112 0.18110979 3 -0.0031139264 -0.27114877 0.96253252
3 -0.74948132 -0.63890529 -0.17342956 3 0.66002017 -0.70074147 -0.27080372 3 0.051488601 -0.31742936 0.94688302
3 -0.92308593 0.32319295 0.2084675 3 -0.37645584 -0.87021708 -0.31781021 3 0.078697994 -0.37184495 0.92495298
3 0.55483031 0.78386283 0.27878702 3 -0.83049786 0.50195074 0.24149205 3 0.049359266 -0.36551923 0.92949408
3 0.70646936 0.66050601 0.25423029 3 -0.70774126 0.66026998 0.25128883 3 -0.0018828746 -0.35745707 0.93392771
3 0.94380391 -0.30234417 -0.13350002 3 0.33048731 0.85903615 0.39094111 3 -0.0035174224 -0.41309178 0.9106825
3 -0.96664524 -0.21093562 -0.14526939 3 0.25379199 -0.86516702 -0.43252248 3 -0.034447912 -0.45496398 0.88984329
3 -0.97452813 -0.14778538 -0.16868439 3 0.2132569 -0.8434301 -0.49309954 3 -0.069400601 -0.51651245 0.85346264
3 -0.87974787 -0.36201137 -0.30820674 3 0.46905065 -0.76678073 -0.43822193 3 -0.077685699 -0.53008944 0.84437543
3 0.97957718 -0.19206676 -0.059488937 3 0.19574831 0.84335279 0.50043857 3 -0.045947462 -0.50186306 0.86372584
3 0.99592811 0.081140995 0.039291233 3 -0.089906678 0.86167943 0.49942583 3 0.0066674054 -0.50092453 0.86546546
3 0.99912804 -0.0092252269 -0.040719118 3 0.028629266 0.86126274 0.50735283 3 0.030389411 -0.50807619 0.86077583
3 -0.45574248 0.85045123 0.26273844 3 -0.89002311 -0.43122897 -0.14798802 3 -0.01255618 -0.30128768 0.95345062
3 -0.73060787 -0.65451121 -0.19449224 3 0.68040401 -0.72171491 -0.12719283 3 -0.057118796 -0.22526136 0.97262263
3 -0.87676167 -0.44053453 -0.19292033 3 0.47150522 -0.86640233 -0.16440752 3 -0.094719455 -0.23510917 0.96734273
3 -0.99115241 0.012216866 -0.13216539 3 0.018738288 -0.97290236 -0.23045607 3 -0.13139945 -0.23089364 0.96406555
3 -0.21070166 0.95818996 0.19358924 3 -0.96396017 -0.17075051 -0.2040226 3 -0.16243695 -0.22960021 0.95963436
3 -0.42470613 0.9011246 0.087174185 3 -0.88275009 -0.39081684 -0.26079628 3 -0.20094077 -0.18771476 0.96144998
3 0.96826553 0.017663553 -0.24929956 3 0.16180925 0.71591187 0.67918241 3 0.19047317 -0.69796759 0.69033438
3 0.98420238 0.15964073 0.076554492 3 -0.15445501 0.56284022 0.81200659 3 0.08654134 -0.81100297 0.57860595
3 -0.99499214 -0.073729813 -0.067487992 3 0.098154634 -0.59321433 -0.79903853 3 0.018878199 -0.80166125 0.59748048
3 -0.95437229 0.20353624 0.21850994 3 -0.29456207 -0.52143943 -0.8008334 3 -0.049058486 -0.82865798 0.55760127
3 -0.34419182 -0.49247631 -0.79937434 3 0.93748724 -0.13358577 -0.32136086 3 0.051477559 -0.86001283 0.50766927
3 0.80622 -0.28374287 -0.51913345 3 0.58386636 0.52316666 0.62080365 3 0.095444679 -0.80360866 0.58745521
3 0.69346881 -0.40774745 -0.59400594 3 0.71717924 0.46956187 0.51494229 3 0.068956114 -0.78310513 0.61805451
3 -0.32608685 -0.61384052 -0.71893466 3 0.94182861 -0.14546806 -0.30298123 3 0.081400141 -0.77591151 0.62556785
3 0.99805391 0.052003235 0.034412414 3 -0.059783541 0.64101869 0.76519352 3 0.017733518 -0.76576155 0.64288002
3 -0.25659829 -0.62494123 -0.7372964 3 0.96417648 -0.21858391 -0.15028413 3 -0.067242369 -0.74944633 0.65864176
3 0.10315003 -0.96632648 -0.2357398 3 0.85857117 0.206164 -0.46941629 3 0.50221044 -0.15397908 0.85092586
3 -0.75692928 -0.56090558 0.33532551 3 0.46890014 -0.82357204 -0.31915832 3 0.45518228 -0.084346093 0.88639432
3 -0.70868808 -0.6537683 0.26523224 3 0.57191569 -0.7524758 -0.32663828 3 0.41312662 -0.079794183 0.90717107
3 0.94704676 -0.063515961 -0.31475094 3 0.067123577 0.9977445 0.00062417984 3 0.31400141 -0.021718338 0.94917411
3 -0.62287384 0.78207314 -0.019741986 3 -0.78222173 -0.62300009 -0.00031311158 3 -0.012544136 0.015247582 0.99980509
3 -0.49086651 0.87105429 -0.017729525 3 -0.87119365 -0.49093926 0.00028430903 3 -0.0084564723 0.015585409 0.99984276
3 0.50369132 0.86382931 -0.0097084828 3 -0.86382818 0.50349939 -0.017021287 3 -0.0098152701 0.01695993 0.99980813
3 -0.040759534 -0.99900103 0.018314891 3 0.9990077 -0.040416811 0.018708948 3 -0.017950032 0.019059287 0.99965727
3 -0.042021334 0.99892735 -0.019451044 3 -0.9989692 -0.042341698 -0.016362388 3 -0.017168427 0.01874342 0.99967688
3 -0.92898607 -0.36994752 -0.011121499 3 0.36957243 -0.92883217 0.026212152 3 -0.02002712 0.020240527 0.99959457
3 0.24583556 -0.96899718 0.024687424 3 0.96910143 0.24623297 0.014561004 3 -0.020188428 0.020345004 0.9995892
3 -0.54020971 0.84084964 -0.033845596 3 -0.84126258 -0.54061574 -0.0034966851 3 -0.021237643 0.026584083 0.99942106
3 -0.60509443 0.79542673 -0.034016166 3 -0.79587048 -0.60546654 -0.00080711022 3 -0.021237643 0.026584083 0.99942106
3 0.99659705 0.069136918 0.044882778 3 -0.068898655 0.9976002 -0.0068356618 3 -0.045247667 0.0037200369 0.99896878
3 -0.43940282 -0.89813745 -0.016557908 3 0.89714968 -0.4396989 0.04227322 3 -0.045247667 0.0037200369 0.99896878
3 -0.91548133 -0.39821702 -0.057594594 3 0.40228781 -0.90317047 -0.14982519 3 0.0076451967 -0.16033177 0.98703355
3 -0.99580157 -0.089963883 -0.016900264 3 0.091462806 -0.97042584 -0.22340095 3 0.0036975855 -0.22400878 0.97457999
3 0.99122816 0.12957436 0.026022127 3 -0.13210976 0.96593493 0.22252293 3 0.0036975855 -0.22400878 0.97457999
3 -0.99891502 0.045795292 0.008461073 3 -0.046551395 -0.97670531 -0.20947507 3 -0.001328992 -0.20964167 0.97777742
3 0.97149312 -0.23442923 -0.03526929 3 0.23671953 0.95121425 0.19787672 3 -0.012839484 -0.20058483 0.9795922
3 0.96998006 0.23374376 0.067103475 3 -0.24146496 0.95848942 0.15163548 3 -0.028874114 -0.16328648 0.98615623
3 -0.98501754 -0.12951723 -0.11386672 3 0.15350376 -0.9593935 -0.23664427 3 -0.078593478 -0.25057775 0.96490091
3 -0.83176261 0.55206019 0.058313102 3 -0.54913455 -0.80282724 -0.23220576 3 -0.081376225 -0.22516184 0.97091711
3 -0.23599023 0.94738579 0.21626078 3 -0.96502346 -0.20232807 -0.16671251 3 -0.11418545 -0.24803923 0.96199703
3 -0.15883736 0.9538058 0.25500026 3 -0.98072237 -0.12265047 -0.15211992 3 -0.11381696 -0.27424678 0.95490021
3 -0.94814461 0.26667154 0.17293921 3 -0.30954513 -0.89823693 -0.31201324 3 0.072135314 -0.34936619 0.93420547
3 -0.85750532 0.44603086 0.25640017 3 -0.50783473 -0.81364363 -0.28299844 3 0.082392342 -0.37288159 0.92421371
3 0.043612655 0.92581397 0.37545493 3 -0.99717718 0.017348373 0.073053189 3 0.06112013 -0.37758115 0.92395717
3 0.20970923 0.88307601 0.41976064 3 -0.97772431 0.1855263 0.098160662 3 0.008806685 -0.43099529 0.90231127
3 -0.83661509 0.50253677 0.21801841 3 -0.54713166 -0.74705034 -0.37757504 3 -0.026874632 -0.43516973 0.89994729
3 -0.99481314 0.10143362 0.0076196594 3 -0.093096673 -0.87774181 -0.47000253 3 -0.040985927 -0.46827403 0.88263226
3 -0.99437296 0.10445771 -0.017641529 3 -0.080038682 -0.84988451 -0.52085543 3 -0.069400601 -0.51651245 0.85346264
3 -0.30324316 0.81387824 0.49562654 3 -0.95034766 -0.22016054 -0.21992882 3 -0.069877885 -0.53770953 0.84022957
3 0.96838343 -0.22583057 -0.10599034 3 0.24855855 0.83723426 0.48709062 3 -0.021261204 -0.49803537 0.86689603
3 0.85399973 0.48057979 0.19931765 3 -0.5202297 0.78381062 0.33911932 3 0.006746578 -0.39329877 0.91938597
3 -0.43647742 0.85372061 0.2839871 3 -0.89913112 -0.4025225 -0.17186937 3 -0.032417215 -0.33035871 0.9432987
3 -0.7388128 0.65914643 0.14029181 3 -0.66930223 -0.6933803 -0.26694286 3 -0.078678831 -0.29111841 0.95344627
3 -0.92441571 0.38131171 -0.007539168 3 -0.36631212 -0.89320767 -0.26075888 3 -0.10616447 -0.23828796 0.96537447
3 0.60584217 -0.67338449 -0.42368466 3 0.62314558 0.73272562 -0.2735011 3 0.49461597 -0.098318726 0.8635326
3 -0.011535004 -0.99493837 -0.099823982 3 0.88301659 0.036708303 -0.4679046 3 0.46920049 -0.09354347 0.8781234
3 0.1814405 -0.96623468 -0.1829479 3 0.88681942 0.24116534 -0.39419603 3 0.42500654 -0.090718672 0.9006328
3 -0.20588349 -0.97849345 0.012749774 3 0.91708994 -0.19747643 -0.34633699 3 0.34140626 -0.059612386 0.93802363
3 -0.065115377 0.99530786 0.071569949 3 -0.98232788 -0.076547921 0.1707993 3 0.17547642 -0.05918349 0.98270309
3 0.037496805 0.99926746 -0.0076558217 3 -0.99919677 0.037383508 -0.014441403 3 -0.014144622 0.0081911786 0.99986649
3 -0.511379 0.85904717 -0.023005396 3 -0.85915804 -0.51165175 -0.0077194301 3 -0.018402109 0.01581772 0.99970549
3 0.99954361 -0.022701632 0.019935612 3 0.023038104 0.99959332 -0.0168136 3 -0.019545805 0.017265201 0.9996599
3 -0.40167055 0.91534573 -0.028335296 3 -0.91561306 -0.40200123 -0.0068932157 3 -0.017700501 0.023175364 0.99957466
3 -0.7835893 0.62051654 -0.030776327 3 -0.62111753 -0.78355378 0.016018417 3 -0.014175218 0.031667575 0.99939793
3 0.95295209 -0.29536781 -0.068118788 3 0.30311507 0.92996371 0.20805979 3 0.0018938977 -0.21891886 0.97574133
3 0.98602283 -0.16317722 -0.033645913 3 0.16660459 0.96406615 0.20692833 3 -0.001328992 -0.20964167 0.97777742
3 -0.977916 -0.20407759 -0.045084748 3 0.20899411 -0.95624411 -0.20474072 3 -0.001328992 -0.20964167 0.97777742
3 -0.96243805 -0.26322794 -0.066514127 3 0.27119777 -0.94365084 -0.18967076 3 -0.012839484 -0.20058483 0.9795922
3 0.77423406 0.46913055 -0.42482743 3 -0.36472726 0.87929577 0.30628961 3 0.51723868 -0.082193665 0.85188526
3 0.58118439 -0.72084373 -0.37763602 3 0.66718924 0.68777752 -0.28604305 3 0.46592191 -0.08571092 0.88066483
3 0.9057309 -0.018875927 -0.42343292 3 0.056453757 0.99547964 0.076378837 3 0.42007706 -0.093083031 0.90270209
3 0.025170207 0.99614489 0.084035903 3 -0.93290693 -0.0068022255 0.36005402 3 0.35923752 -0.087460309 0.92913908
3 0.81852591 -0.51297295 -0.2586 3 0.5188278 0.85337949 -0.050605692 3 0.24664332 -0.092746802 0.96465796
3 0.99805319 0.061826169 0.0082065277 3 -0.061658293 0.99791002 -0.019338325 3 -0.0093849907 0.018794676 0.9997794
3 -0.26294726 0.96474159 -0.011506496 3 -0.96470791 -0.2630744 -0.011430484 3 -0.014054528 0.0080947923 0.99986851
3 0.67138082 0.67963374 -0.29554307 3 -0.57301509 0.72893977 0.37456706 3 0.47000155 -0.082126483 0.87883663
3 -0.078387156 0.98622769 0.14563803 3 -0.89487505 -0.13399428 0.42572781 3 0.43937922 -0.096956275 0.89305395
3 -0.61333168 0.78974557 -0.011240514 3 -0.78974229 -0.61341166 -0.0058002211 3 -0.01147576 0.0053196498 0.99992013
3 0.94301343 0.33263132 0.0090530384 3 -0.33255661 0.94304198 -0.0088336989 3 -0.01147576 0.0053196498 0.99992013
3 0.20553958 0.97861016 -0.0087018125 3 -0.97861898 0.20545574 -0.0096383225 3 -0.0076443227 0.010496814 0.99991572
3 -0.82291561 0.56743777 -0.028710384 3 -0.56788749 -0.82304013 0.010427859 3 -0.017712642 0.024885517 0.99953336
3 0.73994195 0.58312523 -0.33533692 3 -0.47453147 0.80583179 0.35419631 3 0.47676602 -0.10295675 0.87298006
3 0.48719773 0.87328887 -0.0022014065 3 -0.8732329 0.48719266 0.010373944 3 0.010131961 -0.0031318208 0.99994385
3 -0.56399715 0.82577473 0.0018588197 3 -0.82577455 -0.56399959 0.0011454336 3 0.0019942434 -0.0008889446 0.99999774
3 -0.72982651 0.68363225 -0.00062410405 3 -0.68363106 -0.72982275 0.0027482675 3 0.0014233186 0.002432415 0.99999607
3 -0.94343293 0.33153152 -0.0045872084 3 -0.33156058 -0.94339103 0.0089990487 3 -0.0013440639 0.010010938 0.9999491
3 -0.75021249 -0.11183694 0.65166998 3 0.033972453 -0.9908095 -0.13092907 3 0.6603235 -0.076085784 0.74711698
3 -0.90096688 0.19989601 0.38509774 3 -0.23571894 -0.970653 -0.047638044 3 0.36427364 -0.13369514 0.92164546
3 -0.40453014 -0.82814741 0.38797846 3 0.56924003 -0.56005293 -0.601919 3 0.71576613 -0.022641512 0.69797289
3 -0.92615807 0.37707019 0.0070200595 3 -0.37712339 -0.9261173 -0.00921012 3 0.0030285476 -0.01117746 0.999933
3 -0.87511122 -0.48391622 -0.002361781 3 0.48390144 -0.8750186 -0.013502205 3 0.0044673327 -0.012958799 0.99990618
3 0.58478189 -0.16545646 -0.79413748 3 -0.20154589 0.91864479 -0.33981031 3 0.78575402 0.35877007 0.50385982
3 0.33192313 0.26519096 -0.90526289 3 -0.33125457 0.93132091 0.15136689 3 0.88323134 0.24963027 0.3969726
3 0.0014585257 -0.88286763 0.46961969 3 0.61745971 -0.36860907 -0.69488913 3 0.78660119 0.29098466 0.54459757
3 -0.23262978 -0.96803004 0.093815252 3 0.73017853 -0.23755679 -0.64062971 3 0.64243519 -0.080527641 0.76209748
3 -0.74759907 0.65362972 0.11774518 3 -0.65306789 -0.75573123 0.048710782 3 0.1208225 -0.040479451 0.99184841
3 -0.44729501 0.76369262 -0.4655112 3 -0.52933627 0.193491 0.82605338 3 0.72092319 0.61590159 0.31770265
3 0.35024601 -0.013730396 -0.93655711 3 0.93162173 0.10865292 0.34680742 3 0.096997857 -0.99398488 0.050846789
3 0.93340296 0.24319927 -0.26384261 3 0.20385182 0.24571739 0.94766408 3 0.295302 -0.93833739 0.17977674
3 -0.5153867 0.85654497 0.026599875 3 -0.85695767 -0.51516241 -0.015218458 3 0.00066796102 -0.030638348 0.99953038
3 0.13439523 0.99015665 0.039087456 3 -0.99087685 0.13468412 -0.0048419614 3 -0.010058759 -0.038080115 0.99922413
3 0.060450144 -0.1124541 -0.99181646 3 0.95026046 -0.29766145 0.091666788 3 -0.30553383 -0.94802523 0.088867024
3 0.77453089 -0.26070496 -0.57631141 3 0.61136335 0.074785396 0.7878083 3 -0.16228586 -0.9625175 0.21730909
3 -0.89712733 -0.30609715 -0.31853908 3 0.39701912 -0.24240415 -0.885221 3 0.19374846 -0.92062199 0.33899379
3 0.77201527 -0.26417419 -0.57810432 3 0.57546544 0.67669481 0.45926458 3 0.26987436 -0.68723822 0.6744417
3 -0.94703919 -0.32111365 -0.001623433 3 0.29590225 -0.87069887 -0.3928428 3 0.12473368 -0.37251794 0.91960436
3 -0.99698818 0.077546418 0.0010902835 3 -0.077529043 -0.99621052 -0.039419819 3 -0.0019707156 -0.039385617 0.99922216
3 -0.75109059 0.65988183 0.020466913 3 -0.66015989 -0.75034672 -0.034186866 3 -0.0072020125 -0.039188869 0.99920589
3 0.01784201 -0.037258543 -0.99914634 3 0.99925578 0.034847893 0.016544472 3 0.034201723 -0.998698 0.03785257
3 0.33070502 -0.10269792 -0.93812966 3 0.9113614 -0.22337602 0.34572199 3 -0.24506061 -0.96930724 0.019723352
3 0.47322154 -0.26340476 -0.84064221 3 0.85144359 -0.1081205 0.51318014 3 -0.22606476 -0.95860726 0.17310935
3 0.35490796 -0.21998927 -0.90865022 3 0.92269593 -0.074114822 0.37833765 3 -0.15057465 -0.97268277 0.17667924
3 -0.96791041 -0.25074339 -0.016649455 3 0.11446383 -0.38092723 -0.91749251 3 0.22371295 -0.8899563 0.39740446
3 -0.45889372 -0.45528728 -0.76297444 3 0.87360799 -0.074691549 -0.48086423 3 0.16194364 -0.8872062 0.43201816
3 -0.95199043 0.30573186 0.015563061 3 -0.30610901 -0.95013934 -0.059435148 3 -0.0033841447 -0.061345689 0.99811089
3 -0.789958 0.61278313 0.02152152 3 -0.613069 -0.78874511 -0.045028239 3 -0.010617546 -0.048764601 0.99875391
3 -0.95884746 -0.28333268 -0.018278232 3 0.28391099 -0.95738059 -0.053076774 3 -0.0024608679 -0.056081932 0.99842322
3 -0.96101731 -0.2763294 0.0093678124 3 0.24933816 -0.88079357 -0.40253353 3 0.11948301 -0.38450593 0.91535735
3 -0.99878502 -0.045235962 0.019549996 3 0.034018703 -0.91992736 -0.39061019 3 0.035654213 -0.38947055 0.92034853
3 -0.97684205 0.20185858 -0.070942029 3 -0.15036976 -0.88355303 -0.44353473 3 -0.15221238 -0.4225958 0.89344513
3 -0.19866168 -0.81519318 -0.54405296 3 0.97985685 -0.17673166 -0.092986465 3 -0.020349449 -0.55156684 0.83388245
3 -0.65013295 0.68152714 0.33592856 3 -0.756235 -0.53748947 -0.3731139 3 -0.073729187 -0.49661449 0.86483419
3 -0.70064896 0.65845728 0.27481836 3 -0.70479417 -0.57869065 -0.41034454 3 -0.11115949 -0.4811978 0.86953574
3 -0.22739023 -0.81901109 -0.52679682 3 0.97236454 -0.22036576 -0.077115506 3 -0.052929498 -0.52977365 0.84648609
3 0.46430773 -0.88562596 -0.0092269629 3 0.52952874 0.28593716 -0.7986486 3 0.70994222 0.3659327 0.60172713
3 0.72071838 -0.63113642 -0.28676075 3 0.28258598 0.64520872 -0.70982456 3 0.63301671 0.43054909 0.64336419
3 0.22212276 -0.87784618 0.42432022 3 0.79326189 -0.090334356 -0.60214239 3 0.56691903 0.4703466 0.67629653
3 0.58786923 0.25912508 -0.76633155 3 -0.49725151 0.86296201 -0.089652777 3 0.6380837 0.43376359 0.63615912
3 0.65769362 0.14316696 -0.73955542 3 -0.40601629 0.89433074 -0.18794495 3 0.63449973 0.42388177 0.64632386
3 0.2652218 -0.92277133 0.27955449 3 0.87429088 0.10791453 -0.4732551 3 0.40653813 0.36992946 0.83539164
3 0.27002901 0.76135451 -0.58942652 3 -0.73638868 0.55769968 0.38301784 3 0.62033534 0.33062109 0.71124792
3 -0.85766971 -0.1631259 0.48763996 3 0.23813051 -0.96652621 0.095504634 3 0.45573747 0.19803336 0.86780542
3 -0.96700323 -0.028348088 0.25318226 3 0.054592371 -0.99376249 0.097241126 3 0.24884644 0.10785429 0.96251905
3 -0.6802215 -0.17041497 0.71292174 3 0.35622752 -0.92687654 0.11832995 3 0.64062524 0.33445293 0.69118786
3 0.51685345 0.64067191 -0.56780434 3 -0.64512563 0.72748768 0.23361133 3 0.56273901 0.24556239 0.78931856
3 0.89878953 0.093468487 -0.42830065 3 -0.145036 0.98538727 -0.089316182 3 0.41369358 0.14239541 0.89921165
3 0.6225993 -0.77490491 -0.10905284 3 0.71906793 0.62149584 -0.31094104 3 0.30872563 0.11517525 0.94415212
3 0.64123291 0.41843256 -0.64322203 3 -0.48397309 0.87102765 0.084149584 3 0.5954746 0.25734234 0.76104212
3 0.68735391 0.39880878 -0.60703892 3 -0.46345627 0.88433516 0.056210831 3 0.5592432 0.24269924 0.79268163
3 0.8422274 -0.43286687 -0.32137054 3 0.3212654 0.88167125 -0.34560657 3 0.43294489 0.18783416 0.8816331
3 0.51429135 -0.84480596 -0.14767298 3 0.78406858 0.53293008 -0.31815439 3 0.34747809 0.047838327 0.93646711
3 0.39649051 0.78677744 -0.47305056 3 -0.70451993 0.59114152 0.3926881 3 0.58859777 0.17757639 0.78868216
3 0.50380981 0.76226044 -0.40636751 3 -0.74605024 0.62109601 0.24010159 3 0.43541321 0.18220504 0.88159901
3 0.87118125 -0.47419593 -0.12720639 3 0.44971973 0.87469476 -0.18072438 3 0.19696549 0.10023649 0.97527289
3 0.75020409 0.14619571 -0.64484149 3 -0.16064021 0.98632932 0.036728676 3 0.64139569 0.076033473 0.76343328
3 0.76630229 0.19135855 -0.61332101 3 -0.19125977 0.97927922 0.066573054 3 0.61335188 0.066288561 0.78702313
3 -0.69584846 0.71760672 0.028903402 3 -0.71370339 -0.69543332 0.083664015 3 0.080138266 0.037589014 0.99607468
3 0.57650346 -0.53983307 -0.61337137 3 0.33199689 0.84067273 -0.42784125 3 0.74660712 0.043014545 0.66387331
3 0.79134274 0.094567597 -0.60401469 3 -0.09917254 0.99473554 0.025811089 3 0.60327572 0.039476253 0.79655516
3 0.33479184 -0.83821869 -0.43046939 3 0.51951253 0.54532367 -0.6578213 3 0.78614318 -0.0034010252 0.61803502
3 0.67414981 -0.44905826 -0.58640313 3 0.35483015 0.89323294 -0.2760984 3 0.64777887 -0.021941796 0.76151234
3 -0.051035851 -0.98582196 -0.15984458 3 0.60118967 0.09747874 -0.79313862 3 0.79747504 -0.13657545 0.58769113
3 nan nan nan 3 nan nan nan 3 nan nan nan
3 nan nan nan 3 nan nan nan 3 nan nan nan
3 nan nan nan 3 nan nan nan 3 nan nan nan
3 nan nan nan 3 nan nan nan 3 nan nan nan
3 nan nan nan 3 nan nan nan 3 nan nan nan
3 -0.9956007 0.088153005 -0.031752326 3 -0.089204416 -0.99545401 0.033374421 3 -0.028665941 0.036060046 0.99893844
3 -0.98630106 0.15588604 -0.053940695 3 -0.15851146 -0.98617089 0.048381701 3 -0.045652661 0.056269139 0.99737126
3 nan nan nan 3 nan nan nan 3 nan nan nan
3 -0.99691856 -0.076160252 -0.018785587 3 0.075560294 -0.99666506 0.030810717 3 -0.021069495 0.029296335 0.9993487
3 -0.99921238 -0.028464923 -0.027646234 3 0.02743778 -0.99894416 0.036847617 3 -0.028665941 0.036060046 0.99893844
3 -0.99860764 -0.028989302 -0.044073701 3 0.026433108 -0.9979946 0.057514232 3 -0.045652661 0.056269139 0.99737126
3 -0.99418533 -0.10003304 -0.039863206 3 0.097527005 -0.99339169 0.060508728 3 -0.045652661 0.056269139 0.99737126
3 nan nan nan 3 nan nan nan 3 nan nan nan
3 -0.94184917 -0.33516333 -0.024202205 3 0.33292043 -0.94047821 0.068298139 3 -0.045652661 0.056269139 0.99737126
3 -0.92807496 -0.3717719 -0.02150635 3 0.36958444 -0.92661709 0.069194354 3 -0.045652661 0.056269139 0.99737126
3 -0.55942971 0.82876092 -0.013918261 3 -0.82866979 -0.55958664 -0.013010079 3 -0.018570727 0.0042554284 0.99981856
3 -0.58933055 0.80776387 -0.014384288 3 -0.80767852 -0.58949077 -0.012492908 3 -0.018570727 0.0042554284 0.99981856
3 nan nan nan 3 nan nan nan 3 nan nan nan
3 nan nan nan 3 nan nan nan 3 nan nan nan
3 nan nan nan 3 nan nan nan 3 nan nan nan
3 nan nan nan 3 nan nan nan 3 nan nan nan
3 0.4915913 -0.53203714 -0.68940151 3 0.8651197 0.38885367 0.31679755 3 0.099528261 -0.75214976 0.65143287
3 -0.63236088 -0.52070224 -0.57357574 3 0.77312744 -0.37743077 -0.50972599 3 0.048930332 -0.76577771 0.64124149
3 -0.86909491 -0.41468048 -0.2696557 3 0.47637761 -0.55490386 -0.68201625 3 0.13318585 -0.7211948 0.67980856
3 -0.87854183 -0.46250096 -0.11940366 3 0.40397963 -0.58604133 -0.70239329 3 0.25488207 -0.66531843 0.70170271
3 -0.78844452 0.59500813 -0.15595075 3 -0.5777927 -0.80337787 -0.14401282 3 -0.21097618 -0.023438895 0.97721016
3 -0.47698218 0.57707572 0.66292655 3 -0.87625337 -0.37086284 -0.30763781 3 0.068324514 -0.72762936 0.68255949
3 -0.93814236 -0.31293595 -0.14818953 3 0.31961006 -0.61802042 -0.71826208 3 0.13318585 -0.7211948 0.67980856
3 -0.82639742 -0.53844297 -0.16476187 3 0.48787415 -0.53857744 -0.68695939 3 0.28115144 -0.64808452 0.70777142
3 0.14967459 -0.73159504 -0.6651063 3 0.91465068 0.35793173 -0.1878814 3 0.37551567 -0.58021879 0.72272706
3 -0.98284054 0.10377395 -0.15249678 3 -0.073072813 -0.97814274 -0.19467174 3 -0.16936548 -0.18018794 0.96894157
3 -0.88742363 -0.46061075 0.017810956 3 0.25869185 -0.52963841 -0.80781293 3 0.38152066 -0.7122646 0.5891698
3 0.92054719 0.3633109 -0.14352028 3 -0.11605688 0.60518336 0.78758121 3 0.37299323 -0.70834899 0.5992645
3 0.91034257 0.40421122 -0.088824198 3 -0.1793109 0.57866681 0.79560828 3 0.37299323 -0.70834899 0.5992645
3 -0.13619682 -0.83828652 -0.52794516 3 0.91377324 0.099570952 -0.39383256 3 0.38271254 -0.53606093 0.75244254
3 0.19551909 -0.77830422 -0.59666979 3 0.86884725 0.41964495 -0.26268333 3 0.45483702 -0.46705532 0.75827605
3 0.40106994 -0.70894784 -0.58011717 3 0.77350086 0.6013639 -0.20014524 3 0.49075401 -0.36844882 0.78956068
3 0.51414651 -0.60995942 -0.60299492 3 0.69539583 0.70798278 -0.12322727 3 0.50207365 -0.35596329 0.7881701
3 0.60083067 0.76540363 0.23056392 3 -0.7777524 0.62636667 -0.052592032 3 -0.1846717 -0.14772275 0.97163486
3 -0.48463362 0.87464476 -0.011258949 3 -0.84774119 -0.4728207 -0.24036536 3 -0.21555777 -0.10694447 0.97061723
3 0.92410499 0.11542275 -0.36429042 3 0.18463671 0.69977415 0.69009113 3 0.33457312 -0.70497805 0.62535357
3 -0.94462574 -0.31786826 0.081497848 3 0.15891598 -0.66041958 -0.73388791 3 0.28710246 -0.68029821 0.67436373
3 0.037859827 -0.92856359 -0.36923748 3 0.86297446 0.2166805 -0.45642594 3 0.50382704 -0.30136228 0.80953014
3 0.20480496 -0.87355328 -0.44154242 3 0.82975191 0.39423352 -0.39508474 3 0.51919836 -0.28545532 0.8055734
3 -0.83169305 0.5538137 0.03971459 3 -0.54402304 -0.79850775 -0.25772971 3 -0.11102183 -0.23595761 0.96540058
3 -0.37361366 0.91457909 0.15478408 3 -0.91262674 -0.33258894 -0.23769191 3 -0.16590856 -0.23006496 0.95892894
3 -0.74799818 0.66346091 -0.017840654 3 -0.63549316 -0.72370243 -0.26907873 3 -0.19143456 -0.18993278 0.96295297
3 -0.97227013 -0.041377753 -0.23017126 3 0.072865367 -0.98882908 -0.13003053 3 -0.22221962 -0.1431963 0.96442384
3 -0.8174749 -0.41893095 -0.39526153 3 0.51575887 -0.83791167 -0.17859769 3 -0.25637439 -0.34985888 0.90103894
3 0.90306985 0.42699313 0.046279296 3 -0.31943238 0.59571069 0.7369476 3 0.28710246 -0.68029821 0.67436373
3 0.9213841 0.38118288 0.075836718 3 -0.31823224 0.62791771 0.71024501 3 0.22311397 -0.67854196 0.69985789
3 0.027223498 0.65035355 0.75914371 3 -0.99064094 -0.084059805 0.10753867 3 0.13375162 -0.75496638 0.64197844
3 -0.98973423 -0.13629577 -0.043005269 3 0.11373894 -0.56894439 -0.81447262 3 0.08654134 -0.81100297 0.57860595
3 0.98431677 -0.16146956 -0.071051776 3 0.14778802 0.5348385 0.83192968 3 -0.096330069 -0.82938272 0.55031359
3 -0.022346199 -0.58573222 -0.8101967 3 0.99543524 0.062179338 -0.072407886 3 0.092789099 -0.8081162 0.58166879
3 0.5107978 -0.49584186 -0.70230085 3 0.85669297 0.36185464 0.36761194 3 0.071853414 -0.78943151 0.60961878
3 0.6668703 -0.4245899 -0.61237854 3 0.7419765 0.45438942 0.49295148 3 0.068956114 -0.78310513 0.61805451
3 -0.95537955 0.11729331 0.27109426 3 -0.28351521 -0.62164772 -0.73018712 3 0.082879581 -0.77446532 0.62716383
3 0.94529891 -0.17310663 -0.27648544 3 0.32336098 0.60895413 0.72430146 3 0.042985562 -0.77408588 0.63161951
3 0.79569912 0.35798782 0.48857725 3 -0.60194814 0.55693376 0.57226187 3 -0.067242369 -0.74944633 0.65864176
3 0.98723811 0.021527976 0.15778919 3 -0.13064604 0.67605805 0.72517383 3 -0.091063105 -0.73653382 0.67024285
3 0.11671335 -0.65507555 -0.74649453 3 0.97998869 -0.046071015 0.19364879 3 -0.16124634 -0.75415754 0.63658959
3 -0.88726145 0.39110932 0.24454167 3 -0.42724514 -0.49699402 -0.75528705 3 -0.17386401 -0.7746163 0.60806316
3 0.095865816 -0.95696998 -0.27389514 3 0.8435846 0.22416925 -0.48796889 3 0.52837026 -0.18427417 0.82877505
3 -0.16495767 -0.98207307 -0.091223195 3 0.82983619 -0.088205874 -0.55099177 3 0.53306764 -0.16659065 0.82950985
3 -0.68239546 0.65233719 0.32983726 3 -0.73078001 -0.61944646 -0.28678697 3 0.017234711 -0.43674061 0.89942241
3 -0.92229927 0.35584822 0.15078528 3 -0.38576317 -0.82394314 -0.41509613 3 -0.023472724 -0.44101024 0.89719516
3 -0.9966687 0.079533815 -0.018048704 3 -0.058100712 -0.84772897 -0.52723771 3 -0.057233643 -0.52443278 0.84952599
3 -0.32712615 0.81123286 0.48465431 3 -0.94232994 -0.24165061 -0.23155856 3 -0.07073091 -0.53245312 0.84349918
3 0.4475354 0.76185334 0.46828556 3 -0.8932426 0.40587959 0.19333707 3 -0.042773034 -0.50481784 0.86216551
3 0.81492156 -0.49937421 -0.29415673 3 0.57952267 0.70866758 0.40242213 3 0.0075001358 -0.49841303 0.86690724
3 0.82803202 0.49169394 0.2694439 3 -0.56023234 0.7063514 0.43267485 3 0.02242152 -0.50921983 0.86034447
3 0.99027687 0.12945445 0.050922096 3 -0.13731071 0.85094631 0.50698704 3 0.022299724 -0.50904983 0.86044806
3 0.10715896 0.93749082 0.33110097 3 -0.99319375 0.116223 -0.0076363087 3 -0.045640517 -0.32802913 0.94356441
3 -0.86664468 0.49643314 0.0498119 3 -0.48748237 -0.82127589 -0.29642347 3 -0.10624514 -0.28117621 0.95375669
3 0.57106614 0.74512488 0.34448886 3 -0.80064875 0.59820575 0.033340424 3 -0.18123241 -0.2948541 0.93819815
3 -0.84592211 0.53161639 -0.042424895 3 -0.49189302 -0.80849558 -0.32307291 3 -0.20605116 -0.252426 0.94542265
3 -0.39723131 0.53624421 0.744748 3 -0.90901649 -0.34140226 -0.23902693 3 0.12608184 -0.77193707 0.62307042
3 -0.96378535 -0.21520701 -0.15749237 3 0.25224683 -0.54402232 -0.80025709 3 0.08654134 -0.81100297 0.57860595
3 -0.97843224 0.056250528 0.19876154 3 -0.1892122 -0.63011062 -0.7530998 3 0.082879581 -0.77446532 0.62716383
3 -0.92109662 -0.2626265 -0.28741693 3 0.38893014 -0.58705771 -0.70999765 3 0.017733518 -0.76576155 0.64288002
3 0.49749768 0.53947771 0.67930847 3 -0.86685336 0.33858913 0.36595488 3 -0.032581981 -0.77092248 0.63609529
3 -0.36478865 -0.92131215 0.13458516 3 0.75085104 -0.37655985 -0.54260993 3 0.55059248 -0.096884511 0.82913297
3 -0.48009002 -0.84979504 0.21762836 3 0.68389499 -0.51795244 -0.5138222 3 0.54936457 -0.097845994 0.82983428
3 0.099473178 0.89824808 0.42808363 3 -0.99500138 0.085985765 0.050783057 3 0.008806685 -0.43099529 0.90231127
3 -0.99914086 -0.0048655123 -0.041155197 3 0.023054136 -0.89049041 -0.45441741 3 -0.034437355 -0.45497584 0.88983762
3 0.93266755 -0.32049334 -0.16557568 3 0.36021644 0.80276984 0.47518924 3 -0.019375816 -0.50283664 0.86416429
3 0.91119725 0.30970919 0.27166113 3 -0.40438658 0.7983495 0.44621685 3 -0.078683101 -0.51644772 0.85269612
3 0.72410047 0.52141339 -0.45144925 3 -0.38311177 0.84837306 0.36536041 3 0.57350129 -0.091602132 0.81406707
3 0.83879781 -0.077557072 -0.53889072 3 0.11322954 0.99300987 0.033330966 3 0.53253877 -0.088976286 0.84171617
3 0.69251984 -0.50298792 -0.51712632 3 0.44373029 0.86219323 -0.24439047 3 0.56878817 -0.060219388 0.82027668
3 0.80435377 0.41163439 -0.42845336 3 -0.32052359 0.90781307 0.27044424 3 0.50027966 -0.080203414 0.86214131
