ply
format ascii 1.0
comment PCL generated
element vertex 10429
property list uint float x_axis
property list uint float y_axis
property list uint float z_axis
element camera 1
property float view_px
property float view_py
property float view_pz
property float x_axisx
property float x_axisy
property float x_axisz
property float y_axisx
property float y_axisy
property float y_axisz
property float z_axisx
property float z_axisy
property float z_axisz
property float focal
property float scalex
property float scaley
property float centerx
property float centery
property int viewportx
property int viewporty
property float k1
property float k2
end_header
3 nan nan nan 3 nan nan nan 3 nan nan nan
3 0.85920107 0.10724857 0.50027138 3 0.31840646 0.65328342 -0.68690491 3 -0.40048853 0.74947894 0.52715307
3 0.86913568 0.49291286 -0.040498495 3 -0.29019329 0.44194838 -0.84880483 3 -0.40048853 0.74947894 0.52715307
3 0.98399484 -0.0011436045 0.17819363 3 0.071500137 0.91848737 -0.388933 3 -0.16322377 0.39544886 0.9038685
3 0.9003287 -0.015219986 0.43494451 3 0.36955538 0.55457902 -0.74556786 3 -0.22986354 0.83199209 0.50492793
3 0.82125568 0.42784667 -0.37747401 3 -0.5352782 0.34871468 -0.76933467 3 -0.1975265 0.83387387 0.51540077
3 0.83831912 0.41621557 -0.35211632 3 -0.50813842 0.36251801 -0.78126597 3 -0.1975265 0.83387387 0.51540077
3 0.46368909 0.58165145 -0.66833687 3 -0.8274107 0.014528587 -0.56140959 3 -0.31683466 0.81330842 0.48800129
3 0.93909448 -0.31855652 -0.12893306 3 0.2222245 0.27671638 0.93490374 3 -0.26214167 -0.90661466 0.33065373
3 0.99568409 -0.074605055 -0.055203542 3 0.083265603 0.45538953 0.88639015 3 -0.04099004 -0.88716096 0.45963609
3 0.76091796 -0.2248892 -0.60862857 3 0.60064697 -0.11064195 0.79182166 3 -0.24541196 -0.96808219 0.050889555
3 0.73000264 -0.28633717 -0.62056994 3 0.64006448 -0.031909376 0.76765817 3 -0.23961109 -0.95759737 0.15998033
3 0.12375662 -0.26503116 -0.95626503 3 0.9619773 -0.20441274 0.18114936 3 -0.24348298 -0.94232368 0.2296565
3 -0.8587175 0.35640872 0.36820823 3 -0.39409232 -1.2405217e-05 -0.91907108 3 -0.32756034 -0.93433022 0.14046857
3 0.95968676 -0.24577069 0.13637544 3 -0.038611032 0.36532253 0.93008006 3 -0.27840742 -0.89785093 0.3411057
3 0.9467296 -0.14351848 0.28827998 3 -0.20645934 0.41650504 0.88537997 3 -0.24713853 -0.89773369 0.364687
3 -0.053870346 -0.54084033 -0.83939838 3 0.45591187 0.73456442 -0.50255299 3 0.88839316 -0.40976444 0.20700428
3 0.14892912 -0.43994278 -0.88559043 3 0.95602745 -0.16475911 0.24262333 3 -0.25264949 -0.88278252 0.39605993
3 -0.83567733 0.40720952 0.36854285 3 -0.47460827 -0.19773775 -0.8576985 3 -0.27638814 -0.89167267 0.35850996
3 0.87804282 -0.4145509 -0.23914108 3 0.33974648 0.18799807 0.92153639 3 -0.33706564 -0.89039564 0.30591255
3 0.70171827 -0.43933198 -0.56087351 3 0.63456124 0.027481169 0.77238423 3 -0.32391956 -0.89790446 0.29806703
3 0.34413886 -0.38755581 -0.85520113 3 0.90713406 -0.097746119 0.40933311 3 -0.24223202 -0.91664946 0.31792685
3 0.78101474 -0.39982516 -0.47974563 3 0.49911317 -0.062110372 0.86430812 3 -0.37536931 -0.91448468 0.1510489
3 -0.8985939 0.15114351 -0.4119283 3 0.35178736 -0.31293714 -0.88222241 3 -0.26224977 -0.93767059 0.22803298
3 -0.85575366 -0.040122494 -0.51582527 3 0.50547802 -0.27748173 -0.81700414 3 -0.11035185 -0.95989275 0.25773707
3 -0.92596155 0.012315899 -0.37741697 3 0.35283741 -0.32787862 -0.87635696 3 -0.13454007 -0.94463962 0.29925749
3 0.19435367 -0.370538 -0.90825564 3 0.94954544 -0.16127795 0.26898509 3 -0.24615079 -0.9147082 0.32049769
3 0.77116448 -0.3985422 -0.49645698 3 0.51420164 -0.069871165 0.85481858 3 -0.37536931 -0.91448468 0.1510489
3 -0.87580913 0.46418026 0.13226821 3 -0.25974765 -0.22230965 -0.93973917 3 -0.40680394 -0.85738862 0.3152706
3 0.73513234 -0.67149049 0.093172014 3 0.034911893 -0.099756166 -0.99439925 3 0.67702407 0.73426783 -0.04989098
3 0.47967169 -0.53799254 -0.69316602 3 -0.51731187 0.4646911 -0.71864486 3 0.70873362 0.7032966 -0.055410769
3 -0.83748364 0.3252179 -0.43915245 3 0.27044022 -0.45165449 -0.85021818 3 -0.47485119 -0.83080798 0.29030111
3 0.7356869 -0.67336547 0.073100381 3 0.020080395 -0.086194858 -0.99607587 3 0.67702407 0.73426783 -0.04989098
3 -0.84215772 0.38630986 -0.37621158 3 0.22773199 -0.37760663 -0.89752531 3 -0.48878282 -0.84153318 0.23002921
3 -0.22026563 0.32068846 -0.92121762 3 -0.9372341 0.19214666 0.29098409 3 0.27032414 0.92749047 0.25823686
3 0.48297259 0.0034118546 -0.87562889 3 -0.81162161 0.37706393 -0.44619873 3 0.32864568 0.92618096 0.18488067
3 0.90831494 -0.37337574 0.18855968 3 0.031952932 0.51140898 0.85874343 3 -0.41706499 -0.77398425 0.47645077
3 0.20466658 -0.62791675 -0.75088763 3 0.86203027 -0.24778125 0.44216305 3 -0.46369743 -0.73778373 0.49057072
3 0.3446548 -0.030587796 -0.93823105 3 -0.88346606 0.32729757 -0.33520755 3 0.31733397 0.94442612 0.085781388
3 0.28130525 0.039631858 -0.95879972 3 -0.91426206 0.31461236 -0.25523376 3 0.29153478 0.94839263 0.12473599
3 0.13919674 0.13228025 -0.98138988 3 -0.94436389 0.31595978 -0.091357306 3 0.297995 0.93950588 0.16890126
3 -0.083557755 0.2757287 -0.9575969 3 -0.95882952 0.23948373 0.15262182 3 0.27141109 0.93092489 0.24436609
3 0.87273568 -0.47016299 -0.1314505 3 0.33376327 0.37812471 0.86349511 3 -0.35627869 -0.79747641 0.48692602
3 -0.29149508 0.034477759 0.95595086 3 0.89727998 -0.33651239 0.28574157 3 0.33154106 0.94104767 0.067155242
3 -0.94114214 0.33799183 0.003609132 3 -0.01778153 -0.060170002 0.99802983 3 0.3375431 0.93922371 0.062638536
3 0.48645857 -0.053283811 -0.87207747 3 -0.82279587 0.30779621 -0.4777748 3 0.29387975 0.94995916 0.10588839
3 -0.58633113 -0.40296969 -0.70273131 3 0.78241175 -0.50646394 -0.36238989 3 -0.20987596 -0.76230568 0.61224371
3 -0.29272193 0.14101152 -0.94574285 3 -0.88895226 0.32422283 0.32348642 3 0.35224676 0.93541187 0.030445388
3 -0.94291788 0.33302513 0.0004569497 3 -0.019997269 -0.05798924 0.99811703 3 0.33242452 0.94113314 0.061338678
3 -0.72908282 -0.2739673 -0.62720042 3 0.64828694 -0.57027209 -0.50449413 3 -0.21945998 -0.77442372 0.59338486
3 -0.41840655 0.28721926 -0.86165023 3 -0.80386025 0.32449421 0.49851015 3 0.42278221 0.90122622 0.095113628
3 -0.28240606 0.089102022 -0.95514804 3 -0.89318955 0.33879068 0.2956914 3 0.34994191 0.93663317 -0.016091546
3 0.89104205 -0.45295292 -0.029624719 3 0.0098333135 0.084510319 -0.99637407 3 0.45381418 0.88751996 0.079756282
3 -0.5456515 0.17106558 0.82036644 3 -0.83196771 -0.22794825 -0.50583535 3 0.10047024 -0.95852816 0.26670107
3 -0.87492257 -0.00084096193 -0.48426223 3 0.44017085 -0.41828552 -0.79453582 3 -0.20189169 -0.9083153 0.36633757
3 -0.97529387 0.1481671 -0.16385409 3 0.094582565 -0.39023051 -0.91584605 3 -0.19963916 -0.90871698 0.36657548
3 0.97759509 -0.20026803 -0.064812183 3 0.12640882 0.31235558 0.94151735 3 -0.16831139 -0.92861551 0.33067292
3 -0.98928809 0.13814963 0.047159929 3 -0.086350396 -0.29333681 -0.95210171 3 -0.1176987 -0.94597489 0.30212379
3 -0.84121227 0.5231688 -0.13658789 3 -0.18611014 -0.04297857 0.98158842 3 0.50766611 0.85114467 0.13352112
3 0.89171243 -0.45122704 -0.035256442 3 -0.0035291389 0.070962854 -0.99747258 3 0.45258856 0.88958323 0.06168602
3 -0.22365734 0.4228462 0.87816769 3 -0.97129208 -0.17161752 -0.16473937 3 0.081049532 -0.88980252 0.44909072
3 -0.17842311 0.51447755 0.838736 3 -0.97737354 -0.19108519 -0.090704322 3 0.11360468 -0.83594209 0.53693074
3 0.40318742 -0.22042024 -0.88817501 3 0.91238004 0.17183778 0.37152997 3 0.070729308 -0.96014935 0.2703898
3 0.37348801 -0.21622938 -0.90208179 3 0.92682999 0.12748702 0.35317579 3 0.038636737 -0.96798337 0.24802275
3 0.7392205 -0.20706381 -0.64084131 3 0.67168486 0.29579198 0.67922503 3 0.048912797 -0.93254054 0.35773715
3 0.98319602 0.11407113 0.14252451 3 -0.17423868 0.35345784 0.91908002 3 0.054464113 -0.92846924 0.36739397
3 -0.54079026 -0.18771687 -0.81994414 3 0.83444381 -0.24263614 -0.49480468 3 -0.1060649 -0.9517827 0.2878544
3 0.91276234 -0.22537693 -0.34069094 3 0.38048115 0.16554967 0.90985042 3 -0.14865802 -0.96010351 0.23685914
3 -0.91679758 0.27602753 0.28860179 3 -0.35528147 -0.23373723 -0.90506458 3 -0.18236576 -0.93229592 0.31235719
3 -0.85879612 -0.015644222 -0.5120787 3 0.47086 -0.41799372 -0.77689922 3 -0.20189169 -0.9083153 0.36633757
3 -0.81635749 0.34639287 0.46213871 3 0.33961028 -0.35930818 0.86923081 3 0.46714568 0.86655033 0.17568536
3 -0.84243059 0.52287161 -0.13006148 3 -0.18051554 -0.046454474 0.98247445 3 0.50766611 0.85114467 0.13352112
3 0.73592579 -0.20850837 -0.64415646 3 0.67529321 0.29477549 0.6760819 3 0.048912797 -0.93254054 0.35773715
3 -0.1805284 -0.26120505 -0.94825184 3 0.97846282 -0.14581221 -0.14611462 3 -0.10010081 -0.95420688 0.28190267
3 0.93857121 -0.25873974 -0.22833741 3 -0.21879613 0.065497085 -0.97357005 3 0.26685667 0.96372402 0.0048624203
3 -0.2586894 0.1110055 -0.95956117 3 -0.94099325 0.19543412 0.27629218 3 0.21820094 0.97441435 0.053898688
3 0.64501446 -0.16557088 -0.74601793 3 -0.67779016 0.3269155 -0.65857947 3 0.35292637 0.93043679 0.098642893
3 0.27409229 0.0032017566 -0.96169806 3 -0.9002645 0.35254768 -0.25540948 3 0.33822665 0.93578845 0.099513046
3 0.90739536 -0.37983039 -0.1798958 3 -0.12959118 0.15431863 -0.97948557 3 0.39979967 0.91209358 0.090805344
3 0.27865076 -0.95975226 0.035061814 3 0.14118841 0.0770486 0.98697996 3 -0.94995773 -0.27007246 0.15697555
3 -0.88409621 0.43355417 0.17436928 3 0.11722566 -0.15544504 0.98086441 3 0.45236269 0.88761908 0.086604692
3 -0.56676316 0.34945449 -0.74609715 3 -0.69939339 0.27457738 0.65989089 3 0.43546328 0.89581734 0.08878585
3 -0.037305415 -0.60443413 -0.7957812 3 0.32783949 -0.75966436 0.56163287 3 -0.94399667 -0.23993653 0.22649696
3 -0.8402493 0.42553246 0.3360109 3 0.2795161 -0.1910609 0.94093919 3 0.46459869 0.8845439 0.041595604
3 -0.8866604 0.42687333 0.1777992 3 0.12279338 -0.15334421 0.98051387 3 0.44581968 0.89121532 0.083547018
3 0.77101177 -0.42354971 0.47554892 3 -0.35453007 0.33484477 0.87303376 3 -0.52900809 -0.84171546 0.10800812
3 -0.80697888 0.4970094 0.31900918 3 0.28046 -0.15286015 0.94761598 3 0.51973784 0.85417533 -0.016036341
3 0.26479122 -0.9174391 0.29696995 3 0.13469803 0.34013265 0.93068057 3 -0.95485187 -0.20643476 0.21364136
3 0.28179565 -0.93360764 0.2212877 3 0.23852527 0.29155955 0.92633635 3 -0.929353 -0.20825483 0.30484915
3 0.72860301 -0.57427782 0.37328666 3 -0.18613145 0.35847622 0.91479528 3 -0.65916085 -0.73600274 0.15429562
3 0.73367649 -0.47958329 0.481372 3 -0.31473279 0.38800168 0.86625552 3 -0.60221463 -0.7870546 0.13372706
3 0.77097142 -0.46047556 0.4399606 3 -0.32534724 0.30910552 0.89364576 3 -0.54749632 -0.83211529 0.088497043
3 -0.53200471 0.83405113 0.14604712 3 -0.2359941 0.019594878 -0.97155702 3 -0.81318998 -0.55133909 0.18640657
3 0.236964 -0.9715004 -0.0059385896 3 0.34908906 0.079440609 0.93371636 3 -0.90663385 -0.22333017 0.35796463
3 -0.24861269 0.96849364 -0.014556696 3 -0.09392377 -0.039062548 -0.99481291 3 -0.96403849 -0.24595585 0.10067601
3 0.39636371 -0.74385786 0.53811824 3 0.13661145 0.62738621 0.76663136 3 -0.9078728 -0.23035176 0.35029265
3 0.63534725 0.76831859 0.077593945 3 0.10664183 0.012222875 -0.99422264 3 -0.76482785 0.63995117 -0.074169099
3 0.98528218 0.10576246 0.13428938 3 -0.13958485 0.044336006 0.98921734 3 0.09866818 -0.99340266 0.058446299
3 -0.99867523 -0.025521567 0.044681132 3 -0.046211146 0.062890984 -0.99694991 3 0.022633687 -0.99769402 -0.063987046
3 -0.51085037 0.042958844 -0.85859567 3 0.85932618 0.05375161 -0.50859565 3 0.02430222 -0.99762988 -0.064374685
3 0.57647681 -0.0087504741 -0.81706667 3 0.81559247 0.06714575 0.57471764 3 0.049833495 -0.9977048 0.045844793
3 -0.96125388 -0.079276249 -0.26401961 3 0.2694332 -0.067697234 -0.96063673 3 0.058282286 -0.99455136 0.08643388
3 -0.40864199 -0.082099922 -0.90899456 3 0.91186333 0.0057731532 -0.41045308 3 0.038945939 -0.99660736 0.072504766
3 0.99782884 0.024771877 -0.061024249 3 0.060134578 0.035197698 0.99756956 3 0.02685958 -0.99907333 0.03363163
3 0.3925226 -0.012264106 -0.91966051 3 0.91926557 0.037424237 0.39185494 3 0.029611845 -0.99922431 0.025963835
3 -0.24631178 0.96266317 -0.1122949 3 -0.33901224 -0.19412217 -0.92053646 3 -0.90796548 -0.18866959 0.37416914
3 0.17044322 0.056975003 -0.98371899 3 0.98522693 0.0070152581 0.17111081 3 0.016650081 -0.99835104 -0.054937605
3 -0.50258511 0.043472406 -0.86343414 3 0.86418617 0.053337127 -0.50033742 3 0.02430222 -0.99762988 -0.064374685
3 -0.95765913 -0.080152191 -0.27652234 3 0.28194356 -0.066657841 -0.95711267 3 0.058282286 -0.99455136 0.08643388
3 -0.80497909 -0.041564643 -0.59184539 3 0.59269488 -0.01117604 -0.80534953 3 0.02685958 -0.99907333 0.03363163
3 0.9740572 0.029433353 0.2243799 3 -0.2251287 0.025190506 0.97400337 3 0.023015944 -0.99924928 0.031163283
3 0.39474979 0.041312613 -0.91785932 3 0.91373402 0.086990766 0.39689106 3 0.096241906 -0.99535209 -0.0034091566
3 0.52022344 0.053220533 -0.85237026 3 0.84858996 0.080260217 0.52292752 3 0.096241906 -0.99535209 -0.0034091566
3 0.96177179 0.10393252 -0.25336364 3 0.24702474 0.070111081 0.96646953 3 0.11821121 -0.99211013 0.041756954
3 -0.85151851 -0.020437989 0.52392614 3 -0.51791722 -0.12295102 -0.84654874 3 0.081719033 -0.99220222 0.094109848
3 0.98156291 0.073823191 -0.17630816 3 0.18075435 -0.058595493 0.98178136 3 0.062147349 -0.99554849 -0.070859015
3 -0.34978685 0.75225872 -0.55835116 3 -0.23092532 -0.64684486 -0.72681856 3 -0.90792215 -0.12529412 0.39997336
3 0.98621476 0.072163194 -0.14890593 3 0.15335648 -0.060628098 0.98630941 3 0.062147349 -0.99554849 -0.070859015
3 0.94410813 0.094152585 -0.31590378 3 0.32318166 -0.075665846 0.94330722 3 0.064911693 -0.99267823 -0.10186513
3 -0.38911915 -0.013603291 -0.92108703 3 0.91647613 0.095280446 -0.38857844 3 0.093047522 -0.99535751 -0.024608357
3 0.58920336 0.049886309 0.80644333 3 -0.80338544 -0.070173495 0.59131014 3 0.086089216 -0.99628663 -0.0012685268
3 -0.86200303 -0.07532692 -0.50127482 3 0.50414944 -0.024466738 -0.86326957 3 0.052762888 -0.9968586 0.059066433
3 0.4894003 0.042996246 -0.87099874 3 0.86620611 0.091558501 0.49122709 3 0.10086825 -0.99487096 0.0075651533
3 0.46057162 0.030656546 -0.88709295 3 0.88247216 0.091690592 0.46134123 3 0.095481209 -0.99531561 0.015176531
3 0.94974452 0.15970699 0.26921961 3 -0.27808729 0.03562323 0.95989507 3 0.14371148 -0.98652148 0.078245439
3 0.88890934 0.25881529 0.3779614 3 -0.39814854 0.028488591 0.91687846 3 0.22653458 -0.96550667 0.1283707
3 0.81973565 0.36376393 0.44239038 3 -0.45394748 -0.058333918 0.88911676 3 0.349235 -0.92966276 0.11731134
3 0.83466905 0.52917433 -0.15265039 3 0.093724698 0.13664877 0.98617589 3 0.54271841 -0.83743757 0.064459793
3 0.7815395 0.58757567 -0.20964488 3 0.13662843 0.16668066 0.97649902 3 0.60871077 -0.79181588 0.049987964
3 0.1384909 0.98658264 -0.086458184 3 -0.35936046 -0.031288978 -0.93267411 3 -0.92286527 0.16023652 0.35020554
3 -0.24507989 0.87769306 -0.41181403 3 -0.62000215 -0.46844411 -0.62941051 3 -0.745341 0.10106978 0.65897781
3 -0.13975634 0.030123666 -0.98972762 3 -0.34316963 -0.93906325 0.019876279 3 -0.92881805 0.34242228 0.14157757
3 -0.61613214 0.42671824 -0.66203678 3 -0.43906632 -0.88389421 -0.16109514 3 -0.65391272 0.19142215 0.73195326
3 -0.53438103 -0.84516132 -0.011799485 3 0.71155244 -0.45734948 0.53340834 3 -0.45621258 0.27664739 0.84577554
3 -0.18723077 -0.91951013 -0.34560895 3 0.030582249 -0.35711652 0.93355888 3 -0.98183978 0.16422147 0.094983898
3 nan nan nan 3 nan nan nan 3 nan nan nan
3 0.83525336 0.5436697 -0.082310602 3 -0.48130941 0.65049613 -0.58753377 3 -0.26588166 0.53035641 0.80500245
3 -0.089572012 0.89707857 -0.43269727 3 -0.92925966 -0.23160768 -0.28781009 3 -0.35840425 0.37630838 0.85436445
3 0.039584678 0.020644598 -0.99900287 3 0.021703828 -0.9995684 -0.01979629 3 -0.99898052 -0.02089856 -0.040015657
3 0.41672871 0.59629768 -0.68612409 3 -0.89811242 0.15344529 -0.41212684 3 -0.14046778 0.7879616 0.59948742
3 0.42017379 0.57931536 -0.69846117 3 -0.89882022 0.15982957 -0.40813863 3 -0.1248062 0.79927993 0.58785641
3 -0.20901868 0.87589103 0.43488634 3 -0.031822961 0.43838152 -0.89822567 3 -0.97739387 -0.20158529 -0.063756481
3 0.73806715 0.67385399 -0.034316421 3 -0.66058564 0.71130455 -0.24015066 3 -0.13741706 0.19991626 0.97012883
3 -0.91136986 0.35360116 -0.21064487 3 -0.40814579 -0.84247631 0.35164002 3 -0.053123023 0.40644792 0.91212827
3 -0.71292108 -0.51141477 0.47979003 3 0.63836336 -0.19012935 0.74588406 3 -0.29023391 0.83803689 0.46201566
3 -0.93362755 -0.16741769 -0.31671959 3 -0.19569659 -0.50218183 0.84232825 3 -0.30007139 0.84840149 0.43608755
3 -0.58123326 0.22539592 -0.78189796 3 -0.76833558 -0.46848002 0.43610388 3 -0.26800758 0.85423827 0.44547597
3 -0.29805908 0.91081303 -0.28562307 3 0.13300087 -0.25667781 -0.95730215 3 -0.94523627 -0.32332066 -0.044633776
3 -0.60931104 0.60648847 -0.51079524 3 -0.79232728 -0.49082592 0.3623634 3 -0.030942352 0.62550908 0.779603
3 0.91331136 0.35257292 -0.20384984 3 -0.402895 0.70908445 -0.57868379 3 -0.059481539 0.61064851 0.78966475
3 -0.91937971 0.27065033 -0.28546304 3 -0.38810807 -0.74240506 0.54608309 3 -0.064131647 0.61284834 0.7875939
3 0.12463238 -0.62423313 0.7712326 3 0.97183657 0.23348236 0.031929567 3 -0.20000072 0.74553263 0.63575208
3 0.96582311 0.17185208 0.19404387 3 0.091272168 0.47518936 -0.87513733 3 -0.24260165 0.86293828 0.44326335
3 -0.63971817 0.75502712 -0.14385694 3 -0.1894518 -0.33628577 -0.92250752 3 -0.74489516 -0.56289083 0.35816932
3 -0.41694623 0.90046847 -0.12374412 3 -0.10487277 -0.18289271 -0.97752368 3 -0.90286094 -0.39459732 0.17069101
3 0.77571577 -0.15155371 0.61261457 3 0.5929516 0.50734687 -0.62530601 3 -0.21604063 0.84831047 0.48342097
3 -0.61325145 0.3300015 -0.71765018 3 -0.76471835 -0.47556731 0.43478948 3 -0.19780976 0.81543547 0.54400051
3 0.89532626 -0.033002108 0.44418657 3 0.39565578 0.51694065 -0.75909746 3 -0.20456629 0.85538489 0.47588804
3 0.67050594 -0.22543007 0.70682597 3 0.73915029 0.2849907 -0.61027634 3 -0.063864216 0.93164462 0.35771465
3 0.71562606 0.23380667 -0.65819001 3 -0.69684917 0.17455319 -0.69565284 3 -0.047759116 0.95648617 0.28784272
3 -0.68923086 0.18639117 -0.70015651 3 -0.72321188 -0.23550348 0.64923227 3 -0.043878119 0.95383239 0.29711661
3 -0.71890754 0.22094867 -0.65905505 3 -0.69022101 -0.11470375 0.71444935 3 0.082260549 0.96851677 0.23496482
3 0.0031020343 0.81109607 -0.58490479 3 -0.77186972 0.3738125 0.5142777 3 0.6357733 0.44987494 0.62722003
3 0.0027092248 0.84266329 -0.53843397 3 -0.85670197 0.27968469 0.43340328 3 0.51580483 0.46010327 0.72266912
3 0.067957163 0.36167422 -0.92982459 3 -0.99564224 -0.035073243 -0.086409971 3 -0.063864216 0.93164462 0.35771465
3 0.99155581 0.018699128 0.1283254 3 0.11286472 0.36288944 -0.92497182 3 -0.063864216 0.93164462 0.35771465
3 0.72906184 0.23036277 -0.64451671 3 -0.68277955 0.17907359 -0.70833951 3 -0.047759116 0.95648617 0.28784272
3 -0.9001193 -0.31048393 0.30558959 3 0.38678136 -0.24678096 0.88853765 3 -0.20046292 0.91798621 0.34222168
3 -0.92727083 0.08629106 -0.3643108 3 -0.3731339 -0.29267144 0.88040555 3 -0.030652229 0.9523114 0.30358392
3 -0.93401343 0.10369443 -0.34185681 3 -0.35720947 -0.28307098 0.89009649 3 -0.0044716955 0.95347685 0.30143282
3 0.99959385 -0.0023776144 0.028392002 3 0.027639424 0.32278952 -0.9460668 3 -0.0069152634 0.94646764 0.32272425
3 -0.96664286 0.059696779 -0.24907373 3 -0.25319758 -0.36939788 0.89411181 3 -0.03863173 0.92735177 0.37219095
3 -0.86572772 -0.20215996 0.45787194 3 0.49768877 -0.2506164 0.83035958 3 -0.053115223 0.94674319 0.31757835
3 -0.97254944 0.0098422617 -0.23248836 3 -0.21768123 -0.39156532 0.89403123 3 -0.082235046 0.92009783 0.38295907
3 0.96809494 -0.019863799 0.24979466 3 0.24066874 0.35133401 -0.90478861 3 -0.069788828 0.93603927 0.34490538
3 0.85500473 -0.14394829 0.4982425 3 0.51822859 0.27445111 -0.81000948 3 -0.020143749 0.95076567 0.30925518
3 -0.27502239 0.31761456 -0.90746009 3 -0.76807767 0.49513346 0.40607864 3 0.57829028 0.80868047 0.10777985
3 -0.76470959 0.085330516 -0.63870019 3 -0.56110168 -0.57554162 0.59490907 3 -0.31683466 0.81330842 0.48800129
3 0.31472355 0.7236563 -0.61422372 3 -0.69743311 0.61524713 0.36750269 3 0.64384496 0.31271818 0.69833452
3 0.94646668 -0.065737635 0.31603724 3 0.31891444 0.34190646 -0.88396472 3 -0.049945429 0.93743187 0.34456769
3 -0.30529705 -0.92507434 -0.22590129 3 0.4100759 0.086384892 -0.90795147 3 0.85943687 -0.3698315 0.35297757
3 0.23399456 0.76116019 -0.60488164 3 -0.95910668 0.078810528 -0.27185205 3 -0.15925191 0.64375788 0.74847502
3 -0.34925705 -0.90761155 -0.23293978 3 0.42044643 0.07037133 -0.90458441 3 0.83740342 -0.41387111 0.35702428
3 -0.60756552 -0.73627019 -0.29794389 3 0.40847337 0.032069892 -0.91220689 3 0.6811856 -0.6759274 0.28126216
3 -0.54247206 -0.7468434 -0.38464129 3 0.46766436 0.11188075 -0.87679684 3 0.69786394 -0.65552086 0.28857991
3 -0.77213788 -0.62999958 -0.083087973 3 0.24774715 -0.17804499 -0.95232421 3 0.58517039 -0.75591046 0.29355589
3 -0.21799561 -0.47691363 -0.85148776 3 0.82270753 0.37953916 -0.4232052 3 0.52500522 -0.79278213 0.30962259
3 -0.7979002 -0.56564707 -0.2083234 3 0.35458064 -0.16094789 -0.92106909 3 0.48747087 -0.80878866 0.32898787
3 -0.88858151 -0.45731524 -0.035852805 3 0.20115492 -0.3182213 -0.92642939 3 0.41226122 -0.8304202 0.37475687
3 -0.75814402 -0.50490189 -0.41266438 3 0.55621254 -0.17039962 -0.8133828 3 0.34036052 -0.84619033 0.41002011
3 -0.7231462 -0.51387346 -0.46151248 3 0.60086274 -0.13852032 -0.78725863 3 0.3406224 -0.8466087 0.40893778
3 -0.1131824 -0.50990349 -0.8527534 3 0.93487102 0.23598832 -0.26519063 3 0.33646142 -0.8272292 0.44998416
3 0.80159402 0.012761503 -0.59773237 3 0.4757742 0.59182703 0.65067637 3 0.36205783 -0.80596411 0.46833348
3 0.83541352 0.094841152 -0.54137748 3 0.37926522 0.613433 0.69271809 3 0.39779699 -0.78403157 0.47650018
3 0.35254872 -0.33101988 -0.87529159 3 0.83068639 0.54138935 0.12983876 3 0.43089426 -0.7728672 0.4658398
3 0.87149417 0.46040866 0.16888335 3 -0.11232543 0.52262211 -0.84513241 3 -0.47736856 0.71755821 0.50717783
3 -0.49176663 -0.69081819 -0.53003383 3 0.7339049 -0.0012793988 -0.67925119 3 0.46856093 -0.72302747 0.50762397
3 -0.83753967 -0.53896666 0.089678049 3 0.19863968 -0.45326602 -0.86896038 3 0.5089888 -0.70997518 0.48668846
3 -0.86565471 -0.26434383 -0.42516389 3 -0.16275461 -0.65451831 0.73832041 3 -0.47344795 0.70832783 0.52356362
3 -0.42272967 -0.71698779 -0.55428159 3 0.744138 0.074474186 -0.66386163 3 0.51726037 -0.69309604 0.50205541
3 -0.055460241 -0.55464429 -0.83023733 3 0.84022862 0.42327675 -0.33889985 3 0.53938895 -0.71638453 0.44255292
3 -0.90786779 -0.37924069 0.17875312 3 0.34769666 -0.44280902 0.82645482 3 -0.23427182 0.81246346 0.53387272
3 -0.93874884 -0.33590716 0.076921642 3 0.23963097 -0.47590712 0.84622061 3 -0.24764404 0.81282145 0.52725106
3 0.011072557 0.59376639 0.80456126 3 -0.84969175 -0.41860056 0.32062095 3 0.52716374 -0.68717915 0.4998835
3 0.096350379 0.6099773 0.78653949 3 -0.83374035 -0.38217792 0.39851916 3 0.54368562 -0.69416714 0.47173959
3 0.58791244 -0.069063485 -0.80597103 3 0.60437661 0.69974625 0.38089907 3 0.53766894 -0.71104532 0.45312989
3 -0.89250124 -0.39531931 0.21717338 3 0.38728619 -0.42485946 0.81823224 3 -0.23119481 0.81438142 0.53228927
3 -0.91089261 0.027727902 -0.41171086 3 -0.3509391 -0.57689714 0.73758483 3 -0.21706311 0.81634599 0.53522217
3 0.77590108 0.49422252 -0.39207363 3 -0.57363814 0.29409802 -0.7644906 3 -0.26252037 0.81807733 0.5116958
3 0.96304882 0.20520379 0.17443781 3 0.038267031 0.53685379 -0.84280723 3 -0.26659477 0.81833959 0.5091638
3 0.34510353 0.69494212 0.63083994 3 -0.77696192 -0.16553415 0.60739493 3 0.52652985 -0.69975275 0.48281717
3 0.18558799 0.63099432 0.75326174 3 -0.83238691 -0.30642837 0.46177253 3 0.52219665 -0.7127046 0.46836203
3 0.0083527081 0.55478549 0.8319515 3 -0.8522861 -0.43119898 0.29610121 3 0.5230093 -0.71153384 0.4692345
3 0.9438495 0.11153162 0.31098083 3 0.19733332 0.56461531 -0.80141723 3 -0.26496783 0.81778395 0.51090282
3 -0.91468322 -0.40374759 0.018513963 3 0.21308681 -0.44280782 0.87092805 3 -0.34343684 0.80056816 0.49106205
3 -0.91432863 -0.40473554 -0.013883069 3 0.18789464 -0.45433787 0.87078887 3 -0.35874662 0.79357833 0.49146155
3 0.84569454 0.35140032 -0.4016448 3 0.099122837 0.63608623 0.76522481 3 0.52438098 -0.68695861 0.5031029
3 0.75550908 0.056966096 -0.65265691 3 0.39388809 0.75655341 0.52199543 3 0.52350575 -0.65144598 0.54914463
3 -0.92184198 -0.20664027 -0.32788306 3 -0.16816121 -0.5489639 0.81875563 3 -0.34918383 0.8099004 0.47130898
3 -0.87065142 -0.48213303 0.097538754 3 0.30683386 -0.37731999 0.87377501 3 -0.38447243 0.79068172 0.47644895
3 0.15308425 0.58728027 -0.79477477 3 -0.91357338 -0.22252131 -0.34039339 3 -0.37676072 0.77819407 0.50245923
3 -0.20174973 0.61118287 0.76534468 3 -0.84047246 -0.50925112 0.18511982 3 0.5028947 -0.60590315 0.61642385
3 -0.093181059 0.64138108 0.76154292 3 -0.84172338 -0.45928723 0.28382573 3 0.53180736 -0.61456114 0.58266246
3 0.6460346 -0.15588902 -0.74722016 3 0.56067032 0.76118982 0.32594311 3 0.51796538 -0.62951463 0.57915729
3 0.028298616 0.50936925 -0.86008286 3 -0.92381269 -0.31531456 -0.21713507 3 -0.38179842 0.80069983 0.4616386
3 0.04564812 0.52669853 -0.84882593 3 -0.94423866 -0.25461677 -0.20876953 3 -0.32608372 0.81102371 0.48570603
3 0.54342467 -0.26353872 0.79701757 3 0.76938146 0.53612399 -0.34730908 3 -0.33577079 0.80194682 0.4941048
3 -0.14597334 0.73455787 0.66265875 3 -0.84958977 -0.43625751 0.29644054 3 0.50684249 -0.51971543 0.68775493
3 -0.13500796 0.70215672 0.69910568 3 -0.84620523 -0.4487654 0.28730872 3 0.51547021 -0.55279797 0.65475559
3 0.26723626 0.84438586 0.4643245 3 -0.82338268 -0.050244078 0.56525791 3 0.50062543 -0.53337401 0.68182582
3 0.93603778 0.34635949 0.06219539 3 -0.086975574 0.39896777 -0.91283065 3 -0.3409816 0.84903461 0.40357378
3 -0.16076107 0.76406902 0.62478346 3 -0.84231973 -0.43615282 0.31665155 3 0.51444465 -0.47536191 0.71370709
3 0.73772061 -0.25435138 -0.62535894 3 0.47493094 0.85386372 0.21297355 3 0.47980115 -0.45411721 0.7507121
3 0.75129294 0.5121038 -0.41630355 3 -0.56152368 0.16456677 -0.81093115 3 -0.34677112 0.84301114 0.4111962
3 0.79872215 0.50356525 -0.32934016 3 -0.51817602 0.29745191 -0.80188286 3 -0.30583754 0.81113774 0.49851689
3 0.48441762 0.58820677 -0.64757425 3 -0.82946891 0.073533341 -0.5536918 3 -0.27806693 0.80536073 0.52352005
3 0.23432609 -0.87173748 -0.43030831 3 0.86755419 0.3872475 -0.3120729 3 0.43868136 -0.3001889 0.84702152
3 0.53845412 -0.65366316 -0.53178167 3 0.69370961 0.70211613 -0.16062351 3 0.47836611 -0.28241363 0.83150971
3 0.45641321 0.88752854 0.063090079 3 -0.6577701 0.28880918 0.69564939 3 0.59918755 -0.35900226 0.71560585
3 0.96283811 0.25424439 0.09111838 3 -0.061834075 0.53593075 -0.84199452 3 -0.26290551 0.80507022 0.53173554
3 0.065786332 0.55366945 -0.83013391 3 -0.97656137 -0.13514191 -0.16752517 3 -0.20493944 0.82169759 0.5318017
3 -0.37564385 0.48474896 -0.7898798 3 -0.91061288 -0.35148406 0.21735534 3 -0.17226739 0.80092293 0.57345152
3 0.42785782 -0.49383935 0.75700748 3 0.88757354 0.38777399 -0.24868608 3 -0.17073692 0.77830219 0.60423082
3 0.79255801 0.54575306 -0.27203947 3 -0.48451453 0.83447093 0.26249561 3 0.37026677 -0.076235935 0.9257918
3 -0.15547906 0.94451678 0.28933448 3 -0.84741437 -0.27804911 0.45230302 3 0.50765693 -0.17486255 0.84362775
3 0.17027436 0.97407866 0.14892128 3 -0.78603548 0.043123372 0.61667579 3 0.59426862 -0.22206147 0.7730031
3 0.12725404 0.98723865 0.095740825 3 -0.83176678 0.053630531 0.55252874 3 0.54034305 -0.14994556 0.827977
3 -0.40835816 0.46715483 -0.7842257 3 -0.89684749 -0.36535013 0.24936685 3 -0.17002404 0.80516183 0.56816036
3 -0.57863802 0.41315562 -0.70319301 3 -0.79734159 -0.46790594 0.38119572 3 -0.17153506 0.78125942 0.60017437
3 -0.64815968 0.39101267 -0.65345085 3 -0.74146938 -0.51959872 0.4245474 3 -0.17352882 0.75968838 0.62670696
3 0.59259194 -0.4082329 0.69439232 3 0.7775501 0.51503479 -0.36076984 3 -0.21035817 0.7537142 0.62262684
3 0.84619075 -0.17131996 0.50458974 3 0.47996566 0.65641028 -0.58202994 3 -0.23150451 0.734694 0.63767594
3 0.96209401 0.039940774 -0.26977772 3 -0.080189645 0.98691857 -0.13986214 3 0.26066241 0.15619387 0.95271111
3 0.33477873 0.9273122 -0.16737813 3 -0.88774174 0.36994317 0.27396518 3 0.31597161 0.056870814 0.94706273
3 -0.23210734 0.95814443 0.16758709 3 -0.85475969 -0.28314564 0.43498829 3 0.46423316 -0.042282708 0.8847034
3 -0.62723374 0.65468884 0.42185342 3 -0.58753246 -0.75331044 0.29551443 3 0.51125664 -0.062495999 0.8571527
3 -0.36735666 0.80525559 0.46541667 3 -0.77435833 -0.54198605 0.32652813 3 0.51518786 -0.24044693 0.82265842
3 0.40804946 0.64367211 -0.64744246 3 -0.8887192 0.11771865 -0.4430806 3 -0.20898259 0.75619346 0.62007886
3 0.58307558 -0.37155199 0.72247642 3 0.78508145 0.48643962 -0.38343704 3 -0.20897414 0.79077536 0.57532972
3 0.4834615 -0.48209268 0.73065144 3 0.87169427 0.34150594 -0.35145774 3 -0.080086619 0.80682105 0.58534247
3 -0.24908173 0.66414529 -0.70488966 3 -0.96832722 -0.18381739 0.16897847 3 -0.017344719 0.72465324 0.6888954
3 0.62089664 0.57385969 -0.53401542 3 -0.78388512 0.45749047 -0.41979367 3 0.0034043195 0.67925519 0.73389429
3 0.1847291 0.72358 -0.66506165 3 -0.98181188 0.16604686 -0.09205316 3 0.043823577 0.66997039 0.74109322
3 0.11548132 0.77793217 -0.6176452 3 -0.99087417 0.13373721 -0.0168203 3 0.069517091 0.61395109 0.786277
3 0.38475567 0.79900348 -0.4621219 3 -0.91705203 0.38774276 -0.093120739 3 0.10478061 0.45961845 0.88191384
3 0.64985037 0.64381945 -0.40396914 3 -0.72478569 0.68495679 -0.07429713 3 0.22886747 0.34107307 0.9117505
3 0.83496451 -0.55006993 -0.016045034 3 0.50231981 0.77374274 -0.38600147 3 0.22474252 0.31423777 0.92235863
3 -0.42872277 0.9019962 0.050988957 3 -0.80811429 -0.40810999 0.42473257 3 0.40391618 0.14088759 0.90388191
3 -0.74672294 0.51120174 0.42553252 3 -0.45310098 -0.85931814 0.23721817 3 0.48693404 -0.015672959 0.87329835
3 0.4030804 0.63793945 -0.65617025 3 -0.8910414 0.11003347 -0.44038364 3 -0.20873743 0.76218492 0.61278284
3 0.44429886 -0.51273108 0.7346465 3 0.89278769 0.32146487 -0.31557971 3 -0.074355505 0.79609501 0.60058641
3 0.38958487 -0.56576568 0.72672749 3 0.91878426 0.29333508 -0.26417813 3 -0.063711733 0.77062553 0.63409549
3 0.70387262 -0.46747631 0.53481704 3 0.71032166 0.46050695 -0.53233141 3 0.0025653534 0.75458562 0.65619677
3 0.33473355 0.69193614 -0.63967013 3 -0.94217563 0.25734571 -0.21465908 3 0.016085973 0.67453516 0.73806757
3 0.66749728 0.50183439 -0.55009967 3 -0.74459505 0.44482303 -0.49770558 3 -0.0050687538 0.74181861 0.67058152
3 0.89959884 0.30703422 -0.31056684 3 -0.43292546 0.72047824 -0.54174411 3 0.057422671 0.62180477 0.78106445
3 0.98620921 -0.0040928423 -0.16545279 3 -0.095776133 0.80118054 -0.59070873 3 0.13497524 0.59840882 0.78973967
3 0.35057583 0.85452741 -0.38324857 3 -0.89113045 0.43024153 0.14414759 3 0.28806752 0.29098985 0.91232771
3 0.91577506 -0.040787809 -0.39961559 3 -0.11183357 0.92961091 -0.35116544 3 0.38581023 0.36627892 0.84675288
3 -0.46184623 0.84270281 0.27667698 3 -0.79235631 -0.5321781 0.29825824 3 0.39858443 -0.081477247 0.91350526
3 0.93164229 -0.013619781 -0.36312124 3 0.3180674 0.51378626 0.79677904 3 0.17571481 -0.85781014 0.48299703
3 0.8286159 -0.080077708 -0.55406082 3 0.5164364 0.49135116 0.70133299 3 0.21607724 -0.86727273 0.44849637
3 0.83022052 -0.39925635 -0.38900939 3 0.50006497 0.22507927 0.83622628 3 -0.2463107 -0.88878214 0.38651952
3 -0.37862253 -0.27613309 -0.88339996 3 0.89978266 -0.33346653 -0.28140917 3 -0.21687797 -0.90141582 0.37471771
3 0.95004165 -0.26961768 -0.15724939 3 0.24589491 0.33622754 0.90911335 3 -0.1922414 -0.90236223 0.3857277
3 0.99347776 -0.11316703 -0.013974518 3 0.063256674 0.44501337 0.89328706 3 -0.094871797 -0.88834471 0.44926941
3 0.9743067 -0.071593411 -0.2135447 3 0.22090586 0.48858738 0.84408754 3 0.043904141 -0.869573 0.49184912
3 0.9343679 -0.025877312 -0.35536876 3 0.31849882 0.5077765 0.80045062 3 0.15973438 -0.86109996 0.48269197
3 0.74848199 -0.069397748 -0.65951401 3 0.57432616 0.56504619 0.592345 3 0.33154842 -0.82213563 0.46278381
3 0.16277471 -0.36875212 -0.91516465 3 0.89562768 0.44436592 -0.019750923 3 0.41395113 -0.81643176 0.40259615
3 0.70427793 -0.35425904 -0.61521798 3 0.66745865 0.035195008 0.74381477 3 -0.2418505 -0.93448484 0.2612403
3 0.32412645 0.28307465 0.90266877 3 -0.91566223 0.3336367 0.22416446 3 -0.23770809 -0.89919716 0.36734131
3 0.79289252 -0.41925111 -0.44221061 3 0.54760516 0.17190361 0.81888855 3 -0.26730227 -0.89144719 0.36588505
3 -0.48981079 -0.25031596 -0.8351211 3 0.83956879 -0.39359188 -0.37444574 3 -0.23496717 -0.88454926 0.40294299
3 -0.25669721 -0.55859983 -0.78871596 3 0.79189396 0.34628335 -0.50298309 3 0.55408543 -0.7536937 0.3534618
3 -0.14528283 -0.5253756 -0.83837533 3 0.77633101 0.46477485 -0.42578655 3 0.61335373 -0.71271634 0.34034166
3 0.10797945 -0.15926066 -0.98131359 3 0.96616149 -0.21577165 0.14133048 3 -0.23424807 -0.9633683 0.13057263
3 0.018803401 0.25494811 0.9667719 3 -0.96721894 0.24955679 -0.046998702 3 -0.25324672 -0.93419635 0.25128317
3 -0.53691918 -0.19140001 -0.82163483 3 0.80409789 -0.41075748 -0.42977315 3 -0.25523406 -0.89142829 0.37444794
3 -0.82363504 -0.018344719 -0.56682354 3 0.51151109 -0.45565593 -0.72851515 3 -0.24491207 -0.88996696 0.38467765
3 0.14793849 -0.27032495 -0.95133519 3 0.6935057 0.71414918 -0.095083356 3 0.70509863 -0.6456899 0.29312199
3 0.53824019 -0.31084958 -0.78337103 3 0.82714987 0.016590178 0.56173676 3 -0.16161935 -0.9503144 0.26604867
3 -0.89931172 0.12521961 -0.41899723 3 0.37521955 -0.27115998 -0.88638747 3 -0.22460835 -0.95435441 0.19687246
3 -0.51632416 -0.085036956 -0.85216087 3 0.82288641 -0.32487953 -0.46616709 3 -0.23720816 -0.94192487 0.2377189
3 -0.29178661 -0.076226778 -0.95344114 3 0.91656709 -0.30724686 -0.25593773 3 -0.27343252 -0.94857198 0.15951745
3 -0.04958111 0.28785041 0.95639104 3 -0.95747882 0.25878853 -0.12752655 3 -0.28421161 -0.92204702 0.26277998
3 -0.10588812 -0.65618718 -0.74713212 3 0.64707506 0.52503937 -0.55283612 3 0.75503749 -0.54198915 0.36900678
3 -0.0096470863 -0.55674976 -0.83062422 3 0.60099828 0.66066206 -0.44980788 3 0.79919237 -0.50354308 0.32823223
3 0.8317526 -0.3690691 -0.41469958 3 0.50673902 0.19966349 0.83865976 3 -0.22672297 -0.90770179 0.35309225
3 -0.078094274 -0.34646824 -0.93480527 3 0.98140657 -0.19162683 -0.010964442 3 -0.17533498 -0.91828042 0.35499117
3 -0.85267144 -0.046062302 -0.52041292 3 0.50037491 -0.35847715 -0.78811097 3 -0.15025397 -0.93240136 0.32871166
3 -0.99375832 0.091733336 -0.063475817 3 0.02751039 -0.34991297 -0.93637812 3 -0.1081081 -0.93227994 0.34520537
3 0.57340991 -0.32687831 -0.75123358 3 0.81240541 0.10842405 0.57292414 3 -0.10582465 -0.93882638 0.32772902
3 0.97127068 -0.15236086 -0.18281008 3 0.22053736 0.28761029 0.93201053 3 -0.089423873 -0.94555092 0.31294867
3 0.94866663 -0.2324758 -0.21444595 3 0.27328825 0.26122695 0.92578328 3 -0.15920307 -0.93686485 0.31135008
3 -0.90857708 0.090369225 -0.40782472 3 0.36013344 -0.32519454 -0.87438685 3 -0.21164005 -0.94131923 0.26291937
3 -0.34929502 -0.18304655 -0.91895986 3 0.91324919 -0.28597707 -0.29016098 3 -0.20968841 -0.94059092 0.26705742
3 0.15972041 -0.20267674 -0.96613234 3 0.3817476 0.91523582 -0.12888931 3 0.91036165 -0.34823239 0.22355317
3 0.12127963 -0.19298759 -0.97367698 3 0.35181329 0.92559659 -0.13963655 3 0.9281804 -0.32561749 0.1801516
3 0.94332242 -0.19086525 0.27150232 3 -0.1737304 0.41304424 0.89398712 3 -0.28277346 -0.89048606 0.35647473
3 0.95764017 -0.26009014 0.123607 3 -0.016880147 0.37779999 0.92573363 3 -0.28747278 -0.88860601 0.35740602
3 0.95988888 -0.22275569 0.17027488 3 -0.062451422 0.42218041 0.90435839 3 -0.2733376 -0.87871718 0.39133477
3 0.97451687 -0.20274824 0.095968574 3 -0.0068776459 0.40062329 0.91621709 3 -0.22420862 -0.89352912 0.38901976
3 0.25879779 0.96468425 -0.049072199 3 -0.17277189 0.096213937 0.98025137 3 0.9503544 -0.24520861 0.19157027
3 -0.88179618 0.08410731 -0.46407038 3 0.38837299 -0.42877364 -0.81567115 3 -0.26758513 -0.89948821 0.34542596
3 -0.87642759 0.065286301 -0.47708774 3 0.39766905 -0.46057016 -0.79355854 3 -0.27154076 -0.88521934 0.37769392
3 -0.5685575 -0.16909522 -0.80507731 3 0.77653623 -0.43335205 -0.45738181 3 -0.2715407 -0.88521928 0.37769404
3 0.15703875 0.98082912 -0.11538231 3 -0.18846647 0.14444794 0.97139853 3 0.96944273 -0.13080153 0.20753732
3 -0.91175199 0.40405279 0.073822029 3 -0.2054738 -0.29305428 -0.93375576 3 -0.35565272 -0.86652213 0.35021508
3 -0.91771322 0.3947224 0.044682384 3 -0.176956 -0.3055056 -0.9356029 3 -0.35565272 -0.86652213 0.35021508
3 0.16297048 0.57321835 -0.80303264 3 -0.075206891 0.81876332 0.56918442 3 0.98376054 -0.032366659 0.1765442
3 -0.52021033 -0.093381658 -0.84891754 3 0.81074911 -0.36644638 -0.45651159 3 -0.26845297 -0.92574126 0.26633829
3 0.82767534 -0.35073307 -0.43810946 3 0.51249659 0.15424915 0.84472156 3 -0.22869374 -0.92368478 0.30741769
3 -0.90755558 0.12986246 -0.39934769 3 0.3231006 -0.39150065 -0.86158752 3 -0.26823279 -0.91096807 0.31334999
3 -0.9230507 0.3844308 0.013798118 3 -0.14658985 -0.31835893 -0.93656772 3 -0.35565272 -0.86652213 0.35021508
3 -0.091824353 0.96951753 -0.22716576 3 -0.1029662 0.21766214 0.9705779 3 0.99043745 0.11251307 0.079840831
3 -0.12336324 0.98380607 -0.1300275 3 -0.0271875 0.12762855 0.9914493 3 0.99198908 0.12584351 0.011002557
3 -0.67176408 -0.054653391 -0.73874629 3 0.69413811 -0.39467132 -0.60200226 3 -0.2586605 -0.91719544 0.30306304
3 -0.97415733 0.20986018 0.083523363 3 -0.1392045 -0.2666108 -0.9536984 3 -0.17787509 -0.94067913 0.28893435
3 -0.97771978 0.098174483 -0.18554184 3 0.14105521 -0.34732705 -0.92707461 3 -0.15545879 -0.93259084 0.32574052
3 -0.4274863 -0.22470865 -0.87564915 3 0.89606541 -0.23354998 -0.37751988 3 -0.11967587 -0.94602352 0.30119309
3 0.95028019 -0.27624181 -0.14372972 3 0.21943742 0.26656348 0.93850499 3 -0.22094117 -0.92338216 0.31392771
3 -0.90071023 0.12056842 -0.41735399 3 0.33905542 -0.40551805 -0.84887969 3 -0.27159268 -0.90610075 0.32437485
3 -0.24833238 0.92562181 -0.28557929 3 -0.060565289 0.279401 0.95826268 3 0.96677977 0.25526381 -0.013323769
3 -0.23669511 0.92404377 -0.30019769 3 -0.035956789 0.30043492 0.95312458 3 0.9709186 0.23639403 -0.037885815
3 0.86511254 -0.49054611 -0.10461915 3 0.22270222 0.18877119 0.95643598 3 -0.44942671 -0.85072339 0.27255392
3 0.90229344 -0.43006587 -0.030164361 3 0.14835761 0.24404193 0.95834947 3 -0.40479204 -0.86918753 0.28400099
3 -0.35520706 -0.14417395 -0.92360258 3 0.89395195 -0.34122947 -0.29053801 3 -0.27327242 -0.92885756 0.2500917
3 -0.5771299 0.36593285 0.7300781 3 -0.7956751 -0.050639719 -0.60360277 3 -0.18390718 -0.92926234 0.32038942
3 -0.97246516 0.086523339 -0.21639128 3 0.17362037 -0.35041124 -0.92036289 3 -0.15545879 -0.93259084 0.32574052
3 0.11571624 -0.26301587 -0.95782697 3 -0.4101257 0.86561483 -0.2872425 3 0.90465844 0.42606804 -0.0077038617
3 0.85159886 -0.49786073 -0.16405576 3 0.27262944 0.15335128 0.94981939 3 -0.44771954 -0.85359132 0.26632524
3 0.86613077 -0.48438409 -0.12324548 3 0.24474153 0.19601859 0.94956738 3 -0.43579695 -0.85261291 0.28832665
3 0.43465281 -0.35671192 -0.82694227 3 -0.46205041 0.69983268 -0.54474199 3 0.7730372 0.61886263 0.13936535
3 0.24687183 -0.37101379 -0.8952111 3 -0.49402016 0.74655759 -0.44564104 3 0.83366573 0.55226862 0.0010157258
3 0.49774906 -0.47553635 -0.72533524 3 0.77177489 -0.13873944 0.62057632 3 -0.39573917 -0.86868668 0.29794961
3 0.78664869 -0.61633265 -0.036302522 3 0.072670057 0.15082109 -0.98588645 3 0.61310917 0.77290821 0.16343215
3 0.59609514 -0.46527848 -0.65435964 3 -0.44092828 0.49139753 -0.75107306 3 0.67100883 0.73623663 0.087765224
3 0.1010008 -0.23029278 -0.96786565 3 -0.59990227 0.76198798 -0.24390879 3 0.79367256 0.6052599 -0.061191775
3 -0.90970957 0.30616176 -0.28052375 3 0.16948816 -0.34295735 -0.92393404 3 -0.37908092 -0.88805699 0.26010075
