ply
format ascii 1.0
comment PCL generated
element vertex 14752
property list uint float x_axis
property list uint float y_axis
property list uint float z_axis
element camera 1
property float view_px
property float view_py
property float view_pz
property float x_axisx
property float x_axisy
property float x_axisz
property float y_axisx
property float y_axisy
property float y_axisz
property float z_axisx
property float z_axisy
property float z_axisz
property float focal
property float scalex
property float scaley
property float centerx
property float centery
property int viewportx
property int viewporty
property float k1
property float k2
end_header
3 0.85782826 0.50766742 0.080027699 3 0.49484932 -0.77385134 -0.39532065 3 -0.13876189 0.37871888 -0.91505045
3 -0.9885416 -0.10840997 0.10503787 3 -0.059420768 0.9191407 0.38942254 3 -0.13876189 0.37871888 -0.91505045
3 -0.20416185 -0.92816639 -0.31116712 3 -0.95713848 0.12255776 0.2624222 3 -0.20543554 0.35140666 -0.91340548
3 0.51904231 0.80512482 0.28700015 3 0.79180348 -0.32643831 -0.51622242 3 -0.32193562 0.49518901 -0.80693591
3 0.12986961 -0.98729253 0.091581911 3 -0.81089622 -0.052603379 0.58282089 3 -0.57059723 -0.14995416 -0.80742341
3 -0.7935735 -0.44055128 0.41970906 3 -0.25204459 0.86581361 0.43225032 3 -0.55381823 0.23723701 -0.79812527
3 0.68855405 -0.44919547 -0.56931275 3 -0.63616884 -0.75100648 -0.17685866 3 -0.34811333 0.48395562 -0.80287248
3 -0.74836028 -0.64463919 -0.15619573 3 -0.62181145 0.59986055 0.50350535 3 -0.23088369 0.47392777 -0.84975588
3 -0.12218672 -0.9119485 -0.39168912 3 -0.93582344 -0.025602818 0.35153809 3 -0.33061299 0.40950504 -0.85029447
3 0.52656448 -0.69497567 -0.4896313 3 -0.81958205 -0.56800836 -0.07518068 3 -0.22586587 0.44088042 -0.8686825
3 -0.16932848 0.45155609 -0.87602794 3 0.98358744 0.13363293 -0.12123654 3 0.062321104 -0.8821789 -0.46677268
3 0.19967571 0.91137034 -0.35990819 3 0.82693064 -0.35377723 -0.43706733 3 -0.52565742 -0.21034735 -0.82428056
3 -0.68285692 -0.69964653 0.21024108 3 -0.50675887 0.66092557 0.55350977 3 -0.52621472 0.2714265 -0.80586958
3 0.64926165 -0.5259676 -0.54937887 3 -0.69472563 -0.7041074 -0.14693142 3 -0.30954063 0.47706461 -0.82255328
3 -0.047387332 0.86647809 0.49696085 3 0.97296548 0.15262415 -0.17333207 3 -0.22603667 0.47531199 -0.85028577
3 -0.77432942 0.45547491 0.43926808 3 0.61193693 0.71570992 0.33658913 3 -0.16108063 0.52943528 -0.83291727
3 -0.72592688 0.49672711 0.47570223 3 0.65514833 0.70990825 0.25847909 3 -0.20931135 0.49929231 -0.8407712
3 0.90076339 0.4330903 -0.03253144 3 0.26402101 -0.60551757 -0.75076079 3 -0.3448455 0.6676687 -0.65977287
3 -0.1573123 0.92831546 -0.33687338 3 0.64421016 -0.16208211 -0.74747825 3 -0.74849641 -0.33460468 -0.57253247
3 -0.7373051 -0.67243326 -0.064921767 3 -0.48723969 0.46274364 0.74058515 3 -0.46795189 0.57766956 -0.66881931
3 0.21895377 -0.72254896 -0.65573031 3 -0.85732412 -0.46334487 0.22429192 3 -0.46589115 0.51306385 -0.72090977
3 0.061445013 -0.95316696 0.29613781 3 -0.41754672 -0.29403606 -0.85976619 3 0.90657562 -0.070823014 -0.41605863
3 -0.71926272 -0.68909305 -0.088384382 3 -0.52327001 0.45365435 0.72137779 3 -0.45700049 0.56510913 -0.68687844
3 -0.72660923 -0.6856187 -0.044340044 3 -0.50390053 0.48793244 0.71274555 3 -0.46703672 0.54023045 -0.70001984
3 0.39128596 0.3292855 0.85934055 3 0.10782698 -0.94376528 0.31253856 3 0.91393036 -0.029631853 -0.40478802
3 -0.39903149 -0.84597343 -0.35369864 3 -0.81177998 0.14656492 0.56527144 3 -0.42636397 0.51268852 -0.74522758
3 -0.84392732 -0.53028136 -0.081170544 3 -0.47538674 0.66912955 0.57120359 3 -0.2485849 0.52064162 -0.81678522
3 -0.85941398 0.012604594 -0.51112533 3 -0.34743395 0.7190215 0.6019122 3 0.37509683 0.69487381 -0.61355764
3 0.62248594 -0.6529631 -0.43145153 3 -0.61228007 -0.062936097 -0.78813207 3 0.48746783 0.75476974 -0.43897352
3 -0.92203426 0.37210968 -0.10671064 3 0.30089498 0.86234933 0.40720463 3 0.24354665 0.34334794 -0.9070816
3 0.46302786 -0.62976283 0.62370181 3 -0.80524397 -0.0048313439 0.592924 3 -0.37038821 -0.7767725 -0.50934976
3 -0.44240552 0.76350063 -0.4704724 3 0.65820682 -0.079888508 -0.74858654 3 -0.60913152 -0.64084691 -0.46719816
3 -0.96627533 -0.20107949 0.16086975 3 -0.010735422 0.65562201 0.75501305 3 -0.25728738 0.72782344 -0.63567001
3 -0.14103448 -0.8016603 -0.58090448 3 -0.85071301 -0.20197907 0.48527509 3 -0.5063563 0.5626238 -0.65349668
3 0.55908644 0.68605632 0.46556339 3 0.73896277 -0.1576906 -0.65503311 3 -0.37597457 0.71025395 -0.59513265
3 0.61843812 0.78175271 0.079983734 3 0.56263918 -0.36943173 -0.73956609 3 -0.54860902 0.50237763 -0.66831511
3 -0.93398547 0.098890871 -0.34335378 3 -0.0055405572 0.95681417 0.29064772 3 0.35726815 0.27336308 -0.89310259
3 -0.39802659 -0.83056498 -0.389534 3 -0.88281715 0.46223345 -0.08351054 3 0.24941653 0.31064782 -0.91721821
3 -0.4487592 -0.72454596 -0.52311403 3 -0.81368011 0.5733211 -0.096061394 3 0.36951321 0.38253906 -0.8468318
3 -0.80916315 -0.56047535 0.17641541 3 -0.5792526 0.81126821 -0.079437599 3 -0.098597407 -0.16646707 -0.98110509
3 0.63473517 -0.56893665 -0.5228982 3 -0.74190867 -0.63790417 -0.2065191 3 -0.21606261 0.51902753 -0.82699907
3 -0.58061481 -0.77836943 -0.23880424 3 -0.80528629 0.50578552 0.30934626 3 -0.12000199 0.37191677 -0.92047679
3 -0.56988072 0.70620847 0.4201259 3 0.30830833 0.6576792 -0.68731695 3 -0.76169693 -0.2621603 -0.59252852
3 -0.55577826 -0.82432735 0.10767858 3 -0.54456353 0.45886362 0.70206428 3 -0.62814075 0.33155429 -0.70392519
3 0.10011985 -0.84681118 -0.52238578 3 -0.85335106 -0.34305793 0.39256027 3 -0.51163298 0.40647539 -0.7569741
3 0.30222562 -0.74379534 -0.596178 3 -0.84195852 -0.50154078 0.19890419 3 -0.44695252 0.44184548 -0.77782142
3 -0.69320804 -0.71663517 -0.076792091 3 -0.5865612 0.49903131 0.63789845 3 -0.41881862 0.48723939 -0.76628256
3 -0.9372921 -0.20326537 0.28313708 3 0.012038797 0.79297578 0.60913384 3 -0.34833667 0.57434505 -0.74080294
3 0.8537963 0.0098751113 -0.52051365 3 -0.32210866 -0.77545232 -0.54306519 3 -0.40899634 0.63132894 -0.6588974
3 -0.20430624 -0.1484437 -0.96758634 3 -0.46604508 0.88397807 -0.03721121 3 0.86084896 0.4433364 -0.24978369
3 0.11703759 0.78069478 0.613855 3 0.84205824 0.2496978 -0.47811007 3 -0.52653623 0.57285845 -0.62816638
3 -0.35755539 -0.87646437 -0.32243499 3 -0.9038505 0.41163999 -0.1166473 3 0.23496434 0.24972518 -0.93937689
3 0.61356974 -0.75664234 0.22588606 3 -0.73794144 -0.44763052 0.5050438 3 -0.28102404 -0.47657031 -0.83301032
3 -0.17422447 -0.93974054 0.29416606 3 -0.98249763 0.18589184 0.011948939 3 -0.065911971 -0.28693566 -0.95567966
3 -0.51797301 -0.69640726 -0.49671 3 -0.75029159 0.64875925 -0.12717648 3 0.41081184 0.30680338 -0.85854834
3 -0.96962291 -0.091682971 -0.22677222 3 -0.12064455 0.98573911 0.11731699 3 0.21278229 0.14111207 -0.9668563
3 -0.78100425 0.6133545 -0.1175952 3 0.53831697 0.75661433 0.3711462 3 0.31661835 0.22656329 -0.92109811
3 -0.66669822 -0.66834748 0.32988644 3 -0.71189857 0.70209301 -0.016306862 3 -0.22071227 -0.24571741 -0.94387984
3 -0.90181488 -0.41984373 0.10228057 3 -0.43037292 0.89392048 -0.1252417 3 -0.03884875 -0.1569636 -0.98684001
3 -0.98784339 0.12455469 -0.093013428 3 0.10685581 0.97863764 0.17564234 3 0.11290353 0.16356811 -0.98005015
3 0.96233511 0.12331818 0.24228911 3 0.18599302 -0.948641 -0.2559047 3 0.19828761 0.2913301 -0.93584663
3 0.91911644 0.22537701 0.3231566 3 0.31148681 -0.91792506 -0.24574293 3 0.24124871 0.32652536 -0.91388202
3 -0.15012947 -0.85795736 -0.49129495 3 -0.89773649 0.32646692 -0.29578567 3 0.41416284 0.39664713 -0.81923157
3 -0.65524888 -0.46818072 -0.59283704 3 -0.62473369 0.77704734 0.076846555 3 0.42468432 0.42071888 -0.80164766
3 0.037697405 -0.89056426 -0.45329255 3 -0.90814614 -0.21980211 0.35631108 3 -0.41695258 0.39822391 -0.81704849
3 -0.96421015 0.075308397 0.25421938 3 0.11009755 0.98596507 0.12550467 3 -0.24119987 0.14900181 -0.95896876
3 -0.61236995 -0.78899884 0.049840599 3 -0.77274138 0.61068201 0.17302731 3 -0.16695508 0.067442805 -0.98365515
3 -0.22391567 -0.95653701 -0.18681192 3 -0.97458112 0.22119555 0.035555892 3 0.0073114331 0.19002488 -0.9817521
3 -0.90694278 -0.37871408 -0.18447381 3 -0.41914839 0.85501057 0.30540419 3 0.042066213 0.35430598 -0.93418294
3 -0.17705828 -0.86802721 -0.46387407 3 -0.9519431 0.27071917 -0.14323324 3 0.24990994 0.41622105 -0.87424552
3 -0.78001404 0.60958087 0.14138311 3 0.5680548 0.5950039 0.56858075 3 0.26247248 0.52381432 -0.81038684
3 0.19520494 0.78384686 0.58947361 3 0.91474879 -0.36229002 0.1788314 3 0.35373682 0.5043115 -0.78774381
3 0.57402474 0.022582194 -0.81852669 3 0.66011834 -0.60422862 0.44626454 3 -0.48449948 -0.79649109 -0.36174902
3 -0.76851064 -0.61190832 0.18697514 3 -0.39910039 0.23002912 -0.88758421 3 0.50011033 -0.75673968 -0.42099264
3 0.60924751 -0.20857322 -0.76505852 3 0.33136231 -0.80955511 0.48458147 3 -0.72042787 -0.5487417 -0.42410621
3 0.12721393 0.6506989 -0.74860376 3 0.62419575 0.53402734 0.57025814 3 0.77084118 -0.53982008 -0.33822778
3 -0.27071875 -0.96234751 0.024468929 3 -0.65491897 0.20274597 0.72799414 3 -0.70554423 0.18105656 -0.68514669
3 0.78339159 0.58590168 0.20740508 3 0.57728189 -0.5622586 -0.5921241 3 -0.23031123 0.58359623 -0.77869904
3 0.04859966 0.95068586 -0.30632472 3 0.9877674 -0.00025034696 0.15593636 3 0.14816974 -0.31015593 -0.93906832
3 -0.49811509 -0.86707556 0.0078259762 3 -0.86711079 0.4981001 -0.0039006879 3 -0.00051592849 -0.0087289801 -0.99996185
3 0.75630623 0.55809695 -0.34136289 3 0.64270592 -0.73128742 0.22835892 3 -0.12218795 -0.39210525 -0.91176951
3 -0.086864203 -0.99508458 -0.047555462 3 -0.96878022 0.095501937 -0.22878928 3 0.23220627 0.026197171 -0.97231376
3 -0.023825973 -0.96581018 -0.25815344 3 -0.94735628 0.10428603 -0.30272236 3 0.3192941 0.23735058 -0.9174509
3 -0.02372067 -0.96258807 -0.2699289 3 -0.96925533 0.088289529 -0.22967182 3 0.24491124 0.2561821 -0.93508786
3 -0.13345876 -0.92211759 -0.3631635 3 -0.96346372 0.20658171 -0.17047404 3 0.2322201 0.32714367 -0.91599715
3 0.56461352 0.81405866 0.13608861 3 0.8097173 -0.57827908 0.0997568 3 0.15990569 0.053870142 -0.98566139
3 -0.5497483 -0.80061769 -0.23830305 3 -0.80978513 0.58080113 -0.083178297 3 0.20500064 0.14724711 -0.96762252
3 0.7006914 -0.71327484 -0.016450275 3 -0.61397207 -0.59107548 -0.52313292 3 0.36341414 0.37665471 -0.85209233
3 0.3445307 -0.88881749 -0.30216229 3 -0.89695233 -0.21666324 -0.38540059 3 0.27708334 0.40380755 -0.87187409
3 -0.85661471 -0.20242104 -0.47459149 3 -0.39401859 0.85049582 0.34843412 3 0.33310762 0.48547161 -0.80830479
3 -0.64424634 0.7599622 -0.086048558 3 0.72793221 0.64380062 0.23587272 3 0.23465241 0.089322597 -0.96796691
3 -0.92761308 -0.037682906 -0.37163696 3 -0.18283089 0.91338378 0.36373499 3 0.32574052 0.40535203 -0.85415632
3 -0.5761686 0.81051016 0.10537066 3 0.64956814 0.37583703 0.6609143 3 0.49607402 0.44924578 -0.74302679
3 -0.90461016 0.013898395 -0.42601341 3 -0.18056403 0.89286286 0.41254431 3 0.38610524 0.45011443 -0.80518317
3 0.55626976 -0.82731521 -0.078188851 3 -0.6368221 -0.36394769 -0.67970574 3 0.53387457 0.4278917 -0.72930574
3 -0.90857053 0.33425245 0.25054881 3 0.13610224 0.8039239 -0.57894921 3 -0.39493749 -0.49191603 -0.77591425
3 0.37264499 -0.90878975 -0.18771504 3 -0.92181331 -0.33924782 -0.18754044 3 0.10675291 0.24292423 -0.96415347
3 -0.53007942 -0.76417029 -0.36750439 3 -0.80854142 0.58609474 -0.052475661 3 0.25549278 0.2693263 -0.92854017
3 -0.48394918 -0.70592988 -0.51716179 3 -0.79222786 0.60445356 -0.083733633 3 0.3717103 0.36918706 -0.85178202
3 -0.83888292 -0.039288588 -0.54289198 3 -0.303213 0.86203784 0.40614334 3 0.45203674 0.5053187 -0.73506176
3 -0.052762866 -0.94465023 -0.32380861 3 -0.98486829 0.10282795 -0.13950205 3 0.16507722 0.31154829 -0.9357816
3 0.51613116 -0.34857282 -0.78237194 3 -0.6365906 -0.76723433 -0.078130603 3 -0.57302827 0.53837609 -0.61789161
3 -0.31179693 -0.83172923 -0.45935702 3 -0.82730478 -0.00011311471 0.56175297 3 -0.46727848 0.55518126 -0.6880585
3 -0.48587579 -0.71924245 -0.49660352 3 -0.81807041 0.57426459 -0.031322479 3 0.30771196 0.39104033 -0.86741048
3 0.79733133 0.34646863 0.49418855 3 0.50141883 -0.83600283 -0.22288701 3 0.33591962 0.4255102 -0.8402971
3 -0.82825947 -0.54631168 -0.12461856 3 -0.50115621 0.62273639 0.60086751 3 -0.25065637 0.56012762 -0.7895748
3 0.88236409 0.24687636 -0.40060645 3 0.46357355 -0.30981141 0.83013022 3 0.080827296 -0.91818774 -0.38781196
3 0.19070783 -0.87342888 -0.44805411 3 -0.95319581 -0.27385786 0.12813957 3 -0.23462442 0.40264824 -0.88477451
3 -0.073131815 -0.88163978 -0.46622214 3 -0.93866754 -0.097105093 0.33086839 3 -0.33697918 0.46182552 -0.82046461
3 -0.31995881 -0.8623051 -0.39250004 3 -0.76868552 -0.0059088022 0.63959962 3 -0.55384892 0.50635546 -0.66095048
3 -0.27674535 -0.87054944 -0.4068855 3 -0.85706955 0.032129407 0.51419818 3 -0.43456188 0.49103105 -0.75501299
3 -0.2493246 -0.8928982 -0.37492666 3 -0.90795267 0.080867454 0.41119653 3 -0.33683801 0.44293445 -0.83087265
3 -0.88534951 -0.45611671 -0.090079248 3 -0.42052725 0.70299846 0.57354242 3 -0.19827659 0.54566604 -0.81420845
3 -0.30517834 -0.82499516 -0.47565651 3 -0.91718078 0.12024857 0.37989438 3 -0.25621435 0.55219769 -0.79336756
3 0.47070152 0.6466558 0.60023034 3 0.80220008 -0.030452654 -0.59627843 3 -0.36730829 0.76217383 -0.53308141
3 -0.21443495 -0.32773116 -0.92011398 3 -0.553128 0.81716299 -0.1621536 3 0.80502605 0.47416949 -0.35650566
3 -0.95761096 -0.14570636 0.24849764 3 0.014789149 0.83663964 0.54755437 3 -0.2876851 0.52801901 -0.79902023
3 -0.82842034 -0.53218162 -0.17464973 3 -0.53754109 0.66778988 0.51488459 3 -0.1573838 0.52042162 -0.83928037
3 0.94913602 0.31473672 -0.0090388944 3 0.24960983 -0.76961404 -0.58769846 3 -0.19192852 0.55554891 -0.8090297
3 0.88984358 -0.19829074 -0.41092491 3 -0.37445244 -0.83197314 -0.40939727 3 -0.26069877 0.51817131 -0.81457633
3 0.88380891 -0.13286884 -0.44858411 3 -0.4549545 -0.4676345 -0.7578485 3 -0.10907895 0.87387854 -0.4737488
3 -0.66305989 -0.7342279 -0.1458115 3 -0.74419832 0.66757637 0.022596646 3 0.080749214 0.12349559 -0.98905426
3 0.82557023 -0.56362498 0.027587153 3 -0.54353672 -0.8073824 -0.22956958 3 0.1516645 0.1745311 -0.97290134
3 -0.98644757 0.036659211 -0.15992838 3 0.046807174 0.99709094 -0.060153529 3 0.157258 -0.066824108 -0.98529404
3 -0.73666281 0.61620706 -0.27859744 3 0.63392138 0.48574358 -0.60182786 3 -0.2355237 -0.61995322 -0.74845624
3 0.6370219 -0.66261983 0.3938756 3 -0.74550194 -0.39963672 0.53340149 3 -0.19603522 -0.63342357 -0.74856174
3 -0.2133168 -0.97036207 0.1135494 3 -0.95346969 0.18142663 -0.24079022 3 0.21305278 -0.15963052 -0.96391213
3 -0.8839801 -0.45983225 -0.084460162 3 -0.44262549 0.88130093 -0.16550347 3 0.15053976 -0.10891698 -0.98258579
3 -0.087819561 0.99607909 -0.010685399 3 0.98729682 0.088461116 0.13198234 3 0.13241009 0.0010409718 -0.99119437
3 -0.31459755 -0.81627464 -0.48448321 3 -0.89913404 0.41986951 -0.1235615 3 0.30427989 0.3967433 -0.86603034
3 0.70225739 -0.70749694 -0.079263687 3 -0.63256449 -0.56901276 -0.52543974 3 0.3266449 0.41913334 -0.84713072
3 -0.34651786 -0.71195763 0.6107713 3 -0.8952601 0.44540161 0.011270151 3 -0.28006241 -0.54289389 -0.79172695
3 0.2956768 -0.95149469 -0.085049897 3 -0.92900532 -0.26565957 -0.25763291 3 0.22254194 0.15518785 -0.96249259
3 -0.10850564 0.98229736 0.15270299 3 0.98816156 0.089818671 0.12437513 3 0.10845781 0.16439067 -0.98041451
3 -0.63443238 -0.6827842 -0.36235514 3 -0.72057754 0.69207406 -0.042443186 3 0.27976003 0.23418185 -0.93107098
3 -0.82868278 -0.23428237 -0.50832736 3 -0.4532108 0.81380677 0.36375651 3 0.32845849 0.53181815 -0.78056693
3 -0.63123137 -0.58043396 -0.51443511 3 -0.71121484 0.69776821 0.085399985 3 0.30938742 0.419781 -0.8532663
3 0.07178694 -0.86509317 -0.49644813 3 -0.92993975 0.12191452 -0.34691429 3 0.36063731 0.48657063 -0.79573244
3 -0.92237067 0.052239697 -0.38275748 3 -0.15903674 0.85160464 0.49947655 3 0.35205123 0.52157503 -0.77718687
3 -0.65691555 -0.34343776 -0.67120236 3 -0.57903963 0.799963 0.15739314 3 0.4828822 0.49204668 -0.72437215
3 -0.33757669 -0.653382 -0.67759424 3 -0.83820951 0.53620398 -0.099448964 3 0.42830688 0.53439426 -0.72868091
3 -0.58224702 -0.40503854 -0.70493424 3 -0.62359118 0.77882552 0.067566246 3 0.52165377 0.47893095 -0.70604724
3 -0.13191149 -0.77086717 -0.62318784 3 -0.83304989 0.42694041 -0.3517808 3 0.53724086 0.47274545 -0.69848692
3 -0.43620917 -0.65741163 0.61443591 3 -0.28794807 0.74889898 0.59685522 3 -0.85253 0.083428092 -0.51597703
3 -0.96279097 -0.09380129 -0.25344634 3 -0.16930762 0.94033229 0.29514515 3 0.21063875 0.32707343 -0.92122453
3 -0.81108385 -0.32380116 -0.48713019 3 -0.45617998 0.87143087 0.18030065 3 0.36611712 0.36845732 -0.85451603
3 0.64624548 0.3537094 0.6762073 3 0.5655458 -0.81691408 -0.11317718 3 0.51237154 0.45556653 -0.72796601
3 -0.7226972 -0.044169668 -0.68975192 3 -0.37536111 0.86304373 0.33802307 3 0.58035588 0.50319445 -0.64029878
3 -0.71497023 -0.55959749 -0.419128 3 -0.69844282 0.59872288 0.39205691 3 0.031547766 0.57304621 -0.81891561
3 -0.74458653 -0.48149624 -0.4623335 3 -0.64465588 0.69842291 0.31084502 3 0.17323232 0.52949619 -0.83043647
3 0.24461009 0.74364483 0.62222075 3 0.94302636 -0.033189937 -0.33105972 3 -0.2255393 0.66775084 -0.70939499
3 0.48321399 0.55760157 0.67497009 3 0.78691339 -0.61454713 -0.055669323 3 0.38375971 0.5580433 -0.73574197
3 -0.59912729 0.4927564 0.63106072 3 0.79924345 0.41484219 0.4348748 3 -0.047503278 0.76491648 -0.64237559
3 0.93613571 -0.047892693 -0.34836233 3 0.31111622 -0.34889695 0.8840124 3 -0.16388027 -0.93593663 -0.31171468
3 -0.55352312 0.62750661 -0.5475831 3 0.67320615 -0.049963146 -0.73776448 3 -0.49031129 -0.77700621 -0.39478573
3 -0.68813396 0.70159197 -0.18504094 3 0.41360381 0.16975284 -0.89449173 3 -0.59615713 -0.69206393 -0.4069939
3 0.36446369 -0.9249655 0.10772486 3 -0.4844749 -0.089549653 0.87020928 3 -0.79526716 -0.36934978 -0.48076037
3 -0.47756368 -0.5596931 -0.67725664 3 -0.057697445 0.78915304 -0.61148059 3 0.87670064 -0.25294495 -0.40916368
3 0.15151615 0.94892073 0.27675363 3 0.27873096 -0.30964053 0.90908319 3 0.94834179 -0.06060097 -0.31140903
3 -0.51278174 -0.85313225 0.096024156 3 -0.57043171 0.42216262 0.70454729 3 -0.64160961 0.30650365 -0.70313072
3 0.1322743 -0.83195853 -0.53884006 3 -0.86669481 -0.36086315 0.34440964 3 -0.48098204 0.42145333 -0.76878697
3 -0.82034004 -0.3938818 0.41460776 3 -0.1116329 0.82134163 0.55940723 3 -0.56087476 0.41262019 -0.71774942
3 0.79089683 0.58770043 0.17055933 3 0.54079336 -0.54079521 -0.64426953 3 -0.28639811 0.6017893 -0.74553728
3 0.94270545 0.25637314 -0.21349297 3 0.13221329 -0.87460369 -0.46646357 3 -0.3063103 0.41151118 -0.85838962
3 -0.82545292 -0.55217963 0.11715408 3 -0.37046519 0.68654549 0.62562823 3 -0.42589074 0.4730252 -0.77127439
3 -0.41431147 -0.82813162 -0.3775498 3 -0.85626256 0.21406589 0.47009605 3 -0.30848104 0.51804781 -0.79778832
3 -0.79492903 -0.56288338 -0.22638537 3 -0.58868891 0.62536621 0.51221353 3 -0.14674272 0.54044384 -0.82848483
3 -0.77926791 -0.6205675 0.087392956 3 -0.4473998 0.64853925 0.61581689 3 -0.43883371 0.44078672 -0.78302753
3 0.41155761 -0.68465948 -0.60154951 3 -0.53512019 0.35275477 -0.76760048 3 0.73774433 0.63781309 -0.22119619
3 0.51799744 0.77360892 0.36497658 3 0.83278143 -0.35866493 -0.42170441 3 -0.19532888 0.52238911 -0.83003384
3 0.98390198 0.09857811 -0.14906168 3 0.0022773594 -0.84094983 -0.54110855 3 -0.17869481 0.53205824 -0.8276366
3 0.99827069 0.021627828 -0.054660946 3 -0.024363307 -0.69401455 -0.71954852 3 -0.05349778 0.71963596 -0.69228745
3 0.95275825 -0.17910656 -0.24530143 3 -0.29701859 -0.38057491 -0.87575287 3 0.063497521 0.90723968 -0.41579378
3 0.68971622 0.44684237 0.56975734 3 0.72403383 -0.41673556 -0.54964232 3 -0.0081653101 0.79162085 -0.61095822
3 -0.37789649 -0.73122901 0.56788951 3 -0.92555058 0.31390986 -0.21170025 3 -0.023464758 -0.60561121 -0.79541481
3 -0.61314702 -0.70441109 0.35756916 3 -0.78179306 0.47612858 -0.40261814 3 0.1133598 -0.52640921 -0.84264052
3 0.13596289 0.82611787 -0.54684854 3 0.96262872 -0.24065687 -0.12421934 3 -0.23422298 -0.5095247 -0.82796395
3 0.44007465 -0.84654617 0.29948983 3 -0.88338125 -0.34828269 0.31358773 3 -0.16115931 -0.4025656 -0.90109318
3 -0.32258788 -0.93961078 -0.11431734 3 -0.93997276 0.33220643 -0.078036539 3 0.11130095 0.08228156 -0.99037451
3 0.35692453 0.92900705 0.097728461 3 0.93006718 -0.36317149 0.055512007 3 0.087062471 0.071078442 -0.99366391
3 0.1430949 0.77241749 -0.61878532 3 0.96224785 -0.25483787 -0.095588051 3 -0.23152378 -0.58174664 -0.77972281
3 0.42864376 0.65765333 -0.61948109 3 0.88580352 -0.44085976 0.14489749 3 -0.17781197 -0.61084783 -0.77152324
3 -0.11513433 0.83489221 -0.53823692 3 0.98438758 0.023273833 -0.17446899 3 -0.13313621 -0.54991943 -0.82453829
3 -0.34114689 0.91250122 -0.2257438 3 0.92942446 0.29149556 -0.22627522 3 -0.14067379 -0.28700313 -0.94754428
3 -0.46127558 -0.88236237 -0.093066677 3 -0.88109756 0.46788451 -0.068928078 3 0.104364 0.050205972 -0.99327111
3 -0.3699955 -0.91157365 -0.17926779 3 -0.91073442 0.39400089 -0.12379905 3 0.1834836 0.11746025 -0.97597992
3 -0.096100017 -0.97560447 -0.19738473 3 -0.96352178 0.14094013 -0.22751182 3 0.24978103 0.16832113 -0.95356035
3 -0.38202596 -0.86336857 -0.32962239 3 -0.88309389 0.44617569 -0.14516394 3 0.27239949 0.23563114 -0.93288612
3 -0.93450654 0.35349935 -0.041664779 3 0.33889365 0.84782362 -0.40785617 3 -0.10885248 -0.39526412 -0.91209519
3 -0.37518623 -0.89477533 -0.24210003 3 -0.91815746 0.39461559 -0.035573192 3 0.12736647 0.20893937 -0.96959895
3 0.11007074 0.96257252 0.24766624 3 0.98205769 -0.14371496 0.1221009 3 0.15312432 0.22978279 -0.96112061
3 -0.25368094 0.91378069 0.31725496 3 0.94032043 0.15606067 0.30239451 3 0.22681126 0.37503314 -0.89883637
3 -0.71042466 -0.57874537 -0.40043801 3 -0.6815064 0.70772457 0.18621264 3 0.17562915 0.40519032 -0.89720416
3 -0.3190943 -0.90564764 -0.27925146 3 -0.92541176 0.36130854 -0.1143221 3 0.20443144 0.22194305 -0.95338827
3 -0.87052703 -0.27172202 -0.41030446 3 -0.40030667 0.87593973 0.26922858 3 0.28624663 0.39861837 -0.87130141
3 0.94211197 -0.22492619 0.24866349 3 -0.071978301 -0.85999697 -0.5051977 3 0.32748193 0.4580543 -0.82640302
3 -0.43777728 -0.68941057 -0.57711715 3 -0.83403945 0.55110723 -0.02567178 3 0.33575279 0.47010148 -0.81625652
3 -0.62671864 0.69898045 -0.34445634 3 0.66930777 0.25647873 -0.69731343 3 -0.39906269 -0.66756654 -0.628573
3 -0.62546521 -0.53996074 -0.56323683 3 -0.69643688 0.71182895 0.090969384 3 0.35180837 0.44915703 -0.82127279
3 0.29535091 -0.8382417 -0.45838708 3 -0.85967112 -0.023852244 -0.5102908 3 0.41681346 0.54477698 -0.72765696
3 0.63765126 -0.76053667 0.12241268 3 -0.514211 -0.30191648 0.8027662 3 -0.57357472 -0.57483083 -0.58359373
3 0.85883176 -0.50168622 -0.10353315 3 -0.26552093 -0.60881633 0.74755716 3 -0.43807176 -0.61453551 -0.65607888
3 -0.41941729 -0.63979453 -0.64401251 3 -0.82564819 0.563743 -0.022342086 3 0.37735295 0.52235872 -0.76468712
3 -0.39255843 -0.61935592 -0.67992365 3 -0.83023214 0.55672479 -0.027791634 3 0.39574197 0.55358255 -0.73275846
3 -0.005096484 -0.78276229 -0.62229991 3 -0.91385484 0.25631201 -0.31491879 3 0.4060095 0.5670864 -0.71663773
3 -0.47709647 -0.427371 -0.76794082 3 -0.70073283 0.71236259 0.038901478 3 0.53042626 0.55668044 -0.63933951
3 0.85732371 -0.23627952 -0.45734882 3 0.18047589 -0.69409013 0.69689816 3 -0.48210415 -0.68000782 -0.55241722
3 0.44707003 0.55530727 0.70125759 3 0.68812948 -0.71438646 0.12700315 3 0.5714947 0.42577672 -0.70150411
3 0.010407865 0.73757255 0.67518771 3 0.73605853 -0.46269324 0.49409819 3 0.67683804 0.49183515 -0.54771221
3 -0.062191397 -0.75837725 -0.64884222 3 -0.83783126 -0.31361324 0.44686216 3 -0.54237556 0.57141119 -0.61588812
3 -0.32027498 0.5901069 0.74107885 3 0.83124638 0.55027252 -0.078928426 3 -0.45437151 0.59074032 -0.66676265
3 0.69897544 0.40861195 0.58691531 3 0.63908577 -0.72520506 -0.25621718 3 0.32094055 0.55417871 -0.76803863
3 -0.80050039 0.57521671 -0.16829939 3 0.28476593 0.6121338 0.73769939 3 0.52735889 0.54260278 -0.65381557
3 -0.83516914 0.38464138 0.39312029 3 0.54985511 0.56791425 0.61248088 3 0.012326919 0.72768426 -0.68580145
3 -0.74495929 0.17834315 0.6428293 3 0.60100549 0.59763217 0.53068686 3 -0.28953108 0.78168392 -0.55239677
3 0.84886312 0.25762159 0.46158725 3 0.50606352 -0.64836752 -0.56878781 3 0.15274613 0.71641529 -0.68074799
3 0.78490603 0.43762299 0.43864435 3 0.60734814 -0.40322086 -0.68450099 3 -0.1226828 0.80367857 -0.58227986
3 -0.64711684 -0.75473338 -0.10778377 3 -0.7418713 0.65595454 -0.13910623 3 0.17568937 -0.010056282 -0.98439425
3 0.31978112 -0.37663704 0.8694163 3 -0.91574991 -0.35837668 0.18157193 3 0.24319178 -0.85423106 -0.45950735
3 0.44127807 -0.72566873 -0.52790034 3 -0.20498121 -0.65423375 0.72798449 3 -0.8736456 -0.21303387 -0.43744734
3 -0.40149161 -0.9032948 -0.15120634 3 -0.75568879 0.2334542 0.61191034 3 -0.51743543 0.35994172 -0.77633935
3 0.81652009 -0.43541056 -0.37909472 3 -0.56144857 -0.75178963 -0.34581569 3 -0.13442768 0.49520755 -0.85831171
3 0.29959393 -0.83740449 -0.45716226 3 -0.94773948 -0.3163105 -0.041685805 3 -0.10969731 0.44575945 -0.88840592
3 -0.9113031 0.11681171 0.3948184 3 0.29687271 0.85085201 0.4334943 3 -0.28529701 0.51225585 -0.81006145
3 -0.95703852 -0.26278201 0.12256823 3 -0.14156091 0.79234481 0.59342235 3 -0.25305739 0.55057704 -0.79550409
3 -0.1612753 0.59612238 0.78652942 3 0.9715668 -0.044081986 0.232627 3 0.17334591 0.80168271 -0.57206327
3 0.6218816 0.77858204 -0.084102727 3 0.7830162 -0.61653686 0.082267113 3 0.012200232 -0.11701301 -0.99305546
3 0.030822786 0.994075 -0.10423515 3 0.99815238 -0.025149394 0.055311978 3 0.052362721 -0.10574991 -0.99301308
3 0.30828431 0.67872208 -0.66655588 3 0.94442511 -0.30241373 0.12886629 3 -0.1141113 -0.66923982 -0.73423189
3 0.72660512 0.54203933 -0.4221828 3 0.66627192 -0.70589608 0.24040094 3 -0.16770837 -0.45596358 -0.87405455
3 -0.93419194 0.33994168 -0.10828211 3 0.35130408 0.8235597 -0.44534773 3 -0.062215485 -0.45408022 -0.88878578
3 -0.33621445 -0.87908167 0.33789867 3 -0.9367888 0.27525383 -0.21601543 3 0.096887253 -0.3891671 -0.91605794
3 -0.59519088 -0.74834776 0.2927857 3 -0.78807366 0.47233948 -0.39475995 3 0.15712346 -0.46569419 -0.87088531
3 0.71516824 -0.68997431 0.11166799 3 -0.6750077 -0.72325605 -0.14582565 3 0.18138054 0.028913112 -0.98298782
3 0.082111597 -0.99291819 0.085855074 3 -0.98930365 -0.091626912 -0.11350202 3 0.12056486 -0.075616911 -0.98982131
3 0.013780411 0.99449652 -0.10385957 3 0.99940598 -0.010417805 0.032849699 3 0.031586878 -0.10425366 -0.99404901
3 0.55159926 0.82620519 -0.11455628 3 0.83055639 -0.55670774 -0.01589188 3 -0.076904014 -0.086379051 -0.99328971
3 0.31451225 0.94041967 -0.12920083 3 0.9480077 -0.31814718 -0.007986363 3 -0.048614599 -0.11996914 -0.99158663
3 0.40992662 0.91190678 -0.019650208 3 0.90942073 -0.40696365 0.085642323 3 0.070102356 -0.052974142 -0.99613231
3 -0.055585317 0.99423242 -0.091719098 3 0.98856819 0.067697026 0.13472331 3 0.14015536 -0.083181925 -0.98662925
3 0.28883237 0.9573285 -0.0098956842 3 0.94778651 -0.28446338 0.14415647 3 0.13519014 -0.051016048 -0.98950535
3 0.74807471 0.6382736 0.18163425 3 0.63313109 -0.76845968 0.092813805 3 0.19881922 0.045566641 -0.97897619
3 0.10276454 0.8115983 -0.57510668 3 0.96991038 -0.21004477 -0.12310689 3 -0.2207115 -0.545151 -0.80876267
3 -0.19191583 0.88547182 -0.42321146 3 0.95538294 0.069907151 -0.28697777 3 -0.22452542 -0.45940375 -0.85938138
3 -0.99467647 0.059702843 0.083992042 3 0.02948075 0.94586778 -0.3232114 3 -0.098741964 -0.31901452 -0.94259214
3 -0.036294159 0.96059591 -0.27556893 3 0.99785882 0.0198215 -0.06232921 3 -0.054411087 -0.2772387 -0.95925921
3 0.1932494 0.97813892 -0.076805115 3 0.97858673 -0.18649872 0.087098956 3 0.070870817 -0.091992289 -0.99323446
3 -0.77358305 -0.60554075 -0.18678752 3 -0.6094417 0.79168874 -0.042540692 3 0.17363769 0.08092732 -0.98147887
3 -0.023057133 0.9890579 0.14571553 3 0.9822619 -0.0047186576 0.18745546 3 0.18609184 0.14745295 -0.97140497
3 -0.74081314 -0.62036264 -0.25757787 3 -0.65756643 0.7480548 0.089559734 3 0.13712281 0.23572153 -0.96209824
3 0.031685919 -0.66559589 0.74563932 3 -0.95962691 0.18834619 0.20890678 3 -0.27948585 -0.72215503 -0.63275594
3 -0.17312939 -0.90948403 -0.3779749 3 -0.96087521 0.24021882 -0.13789128 3 0.21620664 0.33931389 -0.91548949
3 -0.28115535 -0.88632512 -0.36793953 3 -0.95964515 0.25736961 0.11332356 3 -0.0057450538 0.38495293 -0.92291838
3 0.17840573 -0.9369669 -0.30044028 3 -0.98372436 -0.17648441 -0.033757139 3 -0.021393707 0.30157289 -0.95320302
3 0.0062663853 0.94257206 0.3339442 3 0.99960619 -0.015041429 0.02369771 3 0.027359795 0.33366412 -0.94229501
3 0.34618229 0.82714772 -0.44270128 3 0.93701077 -0.32826295 0.11939103 3 -0.046568412 -0.45614693 -0.88868517
3 0.29423422 0.94763702 -0.12413812 3 0.95480478 -0.29718277 -0.0055195428 3 -0.042122439 -0.11690429 -0.99224961
3 0.16502452 -0.98206514 -0.0911863 3 -0.98535597 -0.16014056 -0.058555081 3 0.04290228 0.099513985 -0.99411088
3 -0.30640203 -0.88768727 -0.34369934 3 -0.93407971 0.34992462 -0.071049549 3 0.18333861 0.29927284 -0.93638819
3 -0.76608378 -0.49953735 -0.40444782 3 -0.59386832 0.79080635 0.1481417 3 0.24583757 0.35367769 -0.90248334
3 0.00029112844 0.81092906 -0.58514446 3 0.96386564 -0.15610376 -0.21585861 3 -0.26638925 -0.56393933 -0.78167093
3 -0.81461847 -0.48628169 0.31611216 3 -0.57573152 0.74395037 -0.33922157 3 -0.070214503 -0.45833185 -0.88600338
3 -0.052785635 0.99178004 -0.11655853 3 0.99712735 0.045998216 -0.060174827 3 -0.054318763 -0.11939921 -0.99135929
3 -0.12015912 0.93749654 0.32659185 3 0.97593504 0.05124801 0.21195465 3 0.18196954 0.34420067 -0.92109346
3 -0.65446436 -0.55442655 -0.51408905 3 -0.70050657 0.70050663 0.1363131 3 0.28454623 0.449334 -0.84683686
3 -0.59063607 -0.7747696 0.2255685 3 -0.80692863 0.56844068 -0.16044189 3 -0.0039168266 -0.27678046 -0.96092528
3 -0.15928905 -0.87659454 -0.45410246 3 -0.96023971 0.24439532 -0.13494737 3 0.22927471 0.41455194 -0.88067013
3 -0.82791328 0.55098891 -0.10474199 3 0.40523708 0.45856076 -0.79088879 3 -0.38774028 -0.6972326 -0.60292965
3 0.20095956 -0.82297164 -0.53135002 3 -0.91212797 0.040621281 -0.40788746 3 0.35726374 0.56662893 -0.74249172
3 -0.35410622 -0.67644167 -0.64578307 3 -0.85193783 0.51815641 -0.075607538 3 0.38576058 0.52339375 -0.75976843
3 -0.63553387 -0.43074971 -0.64074278 3 -0.6779294 0.70848042 0.19613078 3 0.36946934 0.55902541 -0.74228239
3 -0.7540229 -0.3226369 -0.5721494 3 -0.60844749 0.67124879 0.42333999 3 0.24746779 0.66733015 -0.70244586
3 -0.64541608 -0.38854915 -0.65762275 3 -0.66748893 0.70546436 0.23828326 3 0.37134561 0.59274828 -0.71466929
3 0.044883825 -0.80410266 -0.59279364 3 -0.91933155 0.19895321 -0.33948058 3 0.39091554 0.56020927 -0.73030853
3 -0.3390004 -0.56016493 -0.75583994 3 -0.83231264 0.55309606 -0.036609203 3 0.43855962 0.61668515 -0.65373135
3 0.17946427 -0.75204903 -0.63420409 3 -0.87770236 0.16877337 -0.44850239 3 0.44433257 0.63713253 -0.62978643
3 0.73639554 -0.04334351 -0.67516136 3 0.51987565 -0.60237896 0.60569715 3 -0.43295434 -0.79703277 -0.42105752
3 -0.70356762 0.68516278 0.18853284 3 0.55730492 0.36738542 0.74460697 3 0.44091269 0.62895161 -0.64032501
3 0.54043841 -0.661259 0.5202527 3 -0.75150788 -0.101309 0.65189904 3 -0.37836781 -0.7432853 -0.55169261
3 -0.79696035 0.59450817 0.10683859 3 0.44108021 0.4519437 0.77536798 3 0.41267741 0.66506177 -0.62240684
3 -0.69481081 0.53901696 -0.47612864 3 0.65437615 0.19914834 -0.72947359 3 -0.2983785 -0.81841356 -0.49109039
3 0.052272338 -0.83383024 -0.54954058 3 -0.79147685 0.30097315 -0.53195864 3 0.60896003 0.46275598 -0.64422423
3 -0.65990633 0.72389776 0.20123523 3 0.15935105 0.39658359 -0.90406233 3 -0.73425537 -0.56452942 -0.3770619
3 0.51238453 0.83030701 -0.21920821 3 0.34145474 -0.4311994 -0.83515006 3 -0.78795356 0.35306829 -0.50445223
3 0.66915226 0.13736784 0.73031867 3 0.52192283 -0.78645372 -0.33028373 3 0.5289914 0.60218006 -0.59795266
3 -0.71539038 0.55532974 -0.4240582 3 0.0087487102 0.61397445 0.78927732 3 0.69867015 0.5609315 -0.44408989
3 0.53347492 -0.75619984 -0.37890178 3 -0.6629715 -0.095664129 -0.74250764 3 0.52523673 0.64731014 -0.55237323
3 0.93687361 -0.14489362 0.31823516 3 0.17181619 -0.60190046 -0.77986848 3 0.30454388 0.78531623 -0.53900963
3 -0.70041692 -0.65472066 0.28417808 3 -0.70928597 0.68288314 -0.17488392 3 -0.079560287 -0.32405511 -0.94268692
3 0.98489726 0.17011756 0.032209322 3 0.15424004 -0.94658744 0.28316456 3 0.078660198 -0.27392003 -0.95853025
3 -0.70664966 -0.62267053 -0.3360475 3 -0.59558117 0.77986014 -0.1926178 3 0.38200739 0.064030223 -0.92193854
3 -0.43400308 -0.86599874 -0.24836965 3 -0.73687112 0.49983501 -0.45517701 3 0.5183261 -0.014532752 -0.85505968
3 -0.76291251 -0.64616323 0.020923354 3 -0.64192349 0.76095772 0.09422151 3 -0.07680425 0.058451559 -0.99533135
3 -0.79087216 -0.6024555 0.10755682 3 -0.59123278 0.79754162 0.11987894 3 -0.15800279 0.0312178 -0.98694503
3 -0.8843506 -0.42469585 -0.19379771 3 -0.46247149 0.85359764 0.23977351 3 0.063594446 0.30166972 -0.95128924
3 -0.56968313 -0.75322187 -0.32881311 3 -0.81748027 0.56058711 0.13216703 3 0.084777512 0.3440918 -0.93510079
3 0.69803137 -0.33372533 0.63354522 3 -0.67702055 -0.019408405 0.73570836 3 -0.23322842 -0.94247067 -0.23948659
3 -0.38350958 -0.73338032 0.56131411 3 -0.83864957 0.022019252 -0.54422593 3 0.38676494 -0.67946178 -0.62349385
3 0.79733741 -0.57394791 0.18664652 3 -0.29321191 -0.098070242 0.95100421 3 -0.52752239 -0.81299812 -0.24648343
3 -0.11782625 -0.9351505 0.33408147 3 -0.61406302 -0.19577861 -0.76458961 3 0.78041244 -0.29523584 -0.55117357
3 -0.43335053 -0.51947325 0.73644757 3 -0.39722991 0.84360045 0.36131302 3 -0.80895978 -0.13596377 -0.57192492
3 -0.16038018 -0.56672585 -0.80814606 3 -0.21879381 0.81878841 -0.53076833 3 0.96250069 0.091692612 -0.25531355
3 -0.67058015 -0.046799332 0.74035943 3 -0.043401174 0.99877363 0.023823529 3 -0.74056745 -0.016156955 -0.6717878
3 0.97104752 -0.23117521 -0.060207009 3 -0.23208711 -0.85324949 -0.46701315 3 0.056590233 0.46746516 -0.88219845
3 -0.69248319 -0.65086132 0.31120217 3 -0.48321664 0.73875982 0.46982569 3 -0.5356949 0.17496829 -0.82608557
3 0.57570708 0.81694353 -0.034129366 3 0.64209378 -0.47754356 -0.59972334 3 -0.50623828 0.32335064 -0.79947942
3 0.61488086 0.77936709 -0.12045139 3 0.69963706 -0.60958159 -0.37271777 3 -0.3639085 0.14490527 -0.92009413
3 0.22288847 0.94247717 0.2491136 3 0.90847999 -0.10814476 -0.4036943 3 -0.35353178 0.31629577 -0.8803252
3 0.18247832 -0.51149458 -0.83968735 3 -0.84508216 0.35491022 -0.39984384 3 0.50253165 0.78256768 -0.36749157
3 0.13388754 0.89480954 -0.42589912 3 0.95045573 -0.23761344 -0.20043379 3 -0.28054976 -0.37796506 -0.88228917
3 0.66297233 0.61652005 -0.42470077 3 0.70500147 -0.70500153 0.077110484 3 -0.25187486 -0.35053709 -0.90204382
3 0.72177112 0.60752451 -0.33160293 3 0.67312676 -0.72764659 0.13202634 3 -0.16108096 -0.31850398 -0.93413496
3 -0.8982231 0.42644551 -0.10648663 3 0.43852159 0.85296535 -0.28310573 3 -0.029899785 -0.30098882 -0.9531588
3 0.98176718 -0.18818958 -0.026791511 3 -0.17710875 -0.95679098 0.23061579 3 -0.069035783 -0.22166556 -0.97267604
3 0.80592859 0.56477243 -0.17751363 3 0.57658368 -0.81681752 0.018980235 3 -0.13427675 -0.11764818 -0.9839353
3 0.52342021 0.85152549 0.030589441 3 0.84197032 -0.51136744 -0.1720157 3 -0.13083163 0.11579461 -0.98461908
3 -0.97481227 -0.19118288 0.11484855 3 -0.14199877 0.92912549 0.34141254 3 -0.1719801 0.31650493 -0.93287069
3 -0.73167539 -0.62667513 -0.2681967 3 -0.66405535 0.56647259 0.48799521 3 -0.15388842 0.53515148 -0.830621
3 0.12579404 0.82062286 0.55745304 3 0.97981322 -0.014763869 -0.19936943 3 -0.15537696 0.57127941 -0.80591434
3 0.23138997 0.73610467 0.63608849 3 0.96845829 -0.112152 -0.22250977 3 -0.092451885 0.6675117 -0.73883748
3 0.64201349 0.50047463 0.58081305 3 0.76571268 -0.38024837 -0.51874387 3 -0.038764946 0.77777648 -0.62734437
3 0.91716683 0.22689761 0.32760143 3 0.39844573 -0.5361644 -0.7441566 3 0.0068008318 0.81304699 -0.58215845
3 0.72219872 0.66665691 -0.18438421 3 0.68963051 -0.71453208 0.11770274 3 -0.053280458 -0.21216118 -0.97578126
3 0.50224519 -0.8557117 0.12452815 3 -0.86465567 -0.49514258 0.084879071 3 -0.010972823 -0.15030408 -0.98857892
3 0.18683071 0.58730102 0.78750992 3 0.97896326 -0.17822076 -0.099339917 3 0.082008183 0.78950298 -0.60824317
3 0.89042419 0.16547053 0.42398623 3 0.44718406 -0.49140587 -0.74735987 3 0.084683262 0.85506713 -0.51155543
3 0.15494853 0.8104108 -0.56500024 3 0.95860827 -0.26161975 -0.11236198 3 -0.23887441 -0.52420259 -0.81740481
3 0.21266884 -0.86184317 0.46043277 3 -0.95032775 -0.072837174 0.30260849 3 -0.22726443 -0.50191748 -0.83452362
3 -0.24336922 -0.83043718 0.50114411 3 -0.95994598 0.28017831 -0.0018973276 3 -0.1388341 -0.48153308 -0.86536169
3 -0.42629892 -0.77982503 0.45841265 3 -0.90201938 0.40458491 -0.15057276 3 -0.068046421 -0.47768611 -0.87589145
3 0.75744814 0.55918443 -0.33702394 3 0.6493513 -0.69892097 0.29975376 3 -0.067936599 -0.44589567 -0.89250296
3 0.74497199 0.56379718 -0.35658044 3 0.65236437 -0.72742313 0.21278253 3 -0.13942097 -0.39113909 -0.90970981
3 0.70284492 0.62388849 -0.34171957 3 0.69032562 -0.71413308 0.116038 3 -0.17163946 -0.31745535 -0.93261045
3 0.23116547 0.9495554 -0.21191299 3 0.96974552 -0.24244593 -0.028521974 3 -0.078460135 -0.19890632 -0.97687262
3 0.86587286 0.49621361 0.063532211 3 0.49002227 -0.86684465 0.091971144 3 0.10070727 -0.048504613 -0.99373311
3 0.65361327 -0.75463426 0.057592519 3 -0.7339986 -0.65060848 -0.19481999 3 0.184488 0.085064091 -0.97914678
3 0.038615223 -0.98097342 -0.19026315 3 -0.98001993 -4.3585896e-07 -0.19889958 3 0.19511503 0.19414407 -0.96137309
3 0.60808766 -0.78590536 -0.11217092 3 -0.78204632 -0.56872565 -0.25486282 3 0.13650355 0.24270175 -0.96044928
3 0.6566925 0.61336434 0.438793 3 0.74556082 -0.61561173 -0.25526828 3 0.11355365 0.49477956 -0.86156785
3 0.7111631 0.69908905 -0.074306719 3 0.70195329 -0.71193862 0.020116469 3 -0.038837638 -0.066464975 -0.99703252
3 0.71976864 0.6933949 0.03371555 3 0.69181192 -0.72046834 0.048183873 3 0.057703208 -0.011354704 -0.9982692
3 -0.45199135 -0.8886826 -0.077118255 3 -0.88917935 0.45576087 -0.040526971 3 0.071163073 0.050254092 -0.996198
3 -0.68626976 -0.6968503 -0.20840713 3 -0.70665163 0.70665163 -0.035875686 3 0.17227176 0.1226514 -0.97738379
3 0.51069444 0.47325811 -0.71778679 3 0.83441585 -0.47404808 0.2811203 3 -0.20722389 -0.74250013 -0.63698661
3 0.71745855 0.58317226 -0.38100332 3 0.68611979 -0.68611926 0.24182682 3 -0.12038609 -0.43491381 -0.89238846
3 -0.76057684 -0.59343982 0.26334798 3 -0.6471315 0.72565806 -0.23375474 3 -0.052381244 -0.3482092 -0.93595225
3 0.55928546 -0.78684998 0.26089635 3 -0.82874244 -0.53817368 0.15347713 3 0.019644095 -0.30205342 -0.9530887
3 0.23718292 -0.95186549 0.19415574 3 -0.9693256 -0.24514285 -0.017694782 3 0.064438939 -0.18400322 -0.98081118
3 0.26891631 0.96249431 -0.035898976 3 0.96207678 -0.26665613 0.057470933 3 0.045742705 -0.049992658 -0.99770159
3 0.25127861 0.96742046 0.030928895 3 0.96783942 -0.25152946 0.0044419002 3 0.012076124 0.02881578 -0.99951178
3 -0.54006588 -0.83609712 -0.096284062 3 -0.84105462 0.54036105 0.025243884 3 0.030921819 0.094613507 -0.99503374
3 -0.21958214 -0.96539456 -0.14070196 3 -0.97007495 0.23137626 -0.073618263 3 0.10362628 0.12032847 -0.98731083
3 0.3720932 0.91251779 0.16987655 3 0.91828668 -0.38857409 0.075893685 3 0.13526498 0.12775834 -0.98253816
3 -0.31980678 -0.90102947 -0.29303533 3 -0.91153312 0.3769733 -0.16431321 3 0.2585175 0.21456291 -0.94187665
3 -0.16064252 -0.91508627 -0.36987996 3 -0.93197942 0.2640174 -0.24841347 3 0.32497451 0.30481485 -0.89525384
3 -0.10628253 -0.91305357 -0.3937476 3 -0.92908853 0.23227224 -0.28782684 3 0.35425791 0.33523503 -0.87299424
3 0.17231686 0.76235837 -0.62379217 3 0.969751 -0.24243787 -0.028407022 3 -0.17288764 -0.60003012 -0.78107214
