ply
format ascii 1.0
comment PCL generated
element vertex 869
property list uint float x_axis
property list uint float y_axis
property list uint float z_axis
element camera 1
property float view_px
property float view_py
property float view_pz
property float x_axisx
property float x_axisy
property float x_axisz
property float y_axisx
property float y_axisy
property float y_axisz
property float z_axisx
property float z_axisy
property float z_axisz
property float focal
property float scalex
property float scaley
property float centerx
property float centery
property int viewportx
property int viewporty
property float k1
property float k2
end_header
3 -0.900738 -0.14869381 0.40811926 3 -0.43076456 0.42648295 -0.79533279 3 -0.055794958 -0.89218968 -0.4482013
3 -0.99353951 0.0026271103 0.11345629 3 -0.098962061 0.46929258 -0.87747973 3 -0.055549458 -0.8830387 -0.46600074
3 0.93487591 0.11000305 -0.3375001 3 0.35153908 -0.41886345 0.83724165 3 -0.049267061 -0.90136158 -0.43025583
3 0.92817503 0.11777552 -0.35301548 3 0.3688682 -0.41674477 0.83081889 3 -0.049267061 -0.90136158 -0.43025583
3 0.9936651 -0.00066907983 -0.11237955 3 0.10100673 -0.43306682 0.89568448 3 -0.049267061 -0.90136158 -0.43025583
3 0.88603675 0.14993031 -0.43870234 3 0.45923799 -0.41355479 0.7861762 3 -0.063555881 -0.89804983 -0.43527839
3 0.90024769 0.14157756 -0.41171598 3 0.43160155 -0.41449335 0.80119634 3 -0.057222281 -0.89897233 -0.43425164
3 0.9219721 0.1246254 -0.3666552 3 0.38410974 -0.41474789 0.82489032 3 -0.049267061 -0.90136158 -0.43025583
3 0.75348657 0.24281402 -0.6109823 3 0.6543842 -0.36680794 0.66123623 3 -0.063555881 -0.89804983 -0.43527839
3 nan nan nan 3 nan nan nan 3 nan nan nan
3 nan nan nan 3 nan nan nan 3 nan nan nan
3 -0.49712384 -0.86569548 -0.058645815 3 -0.75930113 0.40132514 0.51224995 3 -0.41991639 0.29918149 -0.85683173
3 0.010763466 0.81125343 -0.58459556 3 0.99538112 -0.064467818 -0.07113634 3 -0.095397204 -0.58112973 -0.8082003
3 0.50806427 0.70809168 -0.49038452 3 0.85941017 -0.3788681 0.34332693 3 0.057315834 -0.59587353 -0.8010304
3 -0.50946778 0.5827508 -0.63312268 3 0.83172429 0.52214539 -0.18867764 3 0.22063001 -0.62270856 -0.75070405
3 -0.60082197 0.59114575 -0.5381074 3 0.7338292 0.67484146 -0.077997446 3 0.31702936 -0.44174153 -0.83925968
3 -0.39128876 0.68354058 -0.61616987 3 0.90512908 0.40680125 -0.1235076 3 0.16623625 -0.60604048 -0.77786922
3 -0.97621542 0.19816041 -0.087954305 3 0.20539524 0.97518545 -0.082620651 3 0.06939961 -0.098720938 -0.99269223
3 -0.94066787 0.1169709 -0.31853071 3 0.17264482 0.97310698 -0.15250094 3 0.29212621 -0.19844539 -0.93556494
3 -0.84889591 0.49385983 0.18835661 3 0.5228942 0.83670139 0.1628269 3 -0.077184573 0.23671366 -0.96850884
3 -0.90550292 0.37735796 -0.19407631 3 0.35026723 0.9228583 0.16014275 3 0.23953606 0.077031121 -0.96782684
3 -0.99133825 0.031606153 -0.12747426 3 0.13009718 0.36921969 -0.92019117 3 0.017982284 -0.92880458 -0.37013343
3 -0.97573358 -0.18590812 0.11568143 3 -0.18725476 0.43465027 -0.88091695 3 0.11348865 -0.88120216 -0.45891502
3 0.12909058 0.59896082 -0.79030478 3 0.96441841 0.10959806 0.24059358 3 0.230722 -0.79324275 -0.56350076
3 -0.013193637 0.63383269 -0.77335775 3 0.97010207 0.19556165 0.14372934 3 0.24233943 -0.74833947 -0.61746246
3 -0.94996983 -0.22930543 -0.21207595 3 0.13658099 0.30566174 -0.94229311 3 0.2808964 -0.92411572 -0.25905073
3 -0.98209381 -0.10577419 -0.15589598 3 0.067950472 0.57292163 -0.81678867 3 0.17571133 -0.8127563 -0.55547541
3 0.20294939 0.70221573 -0.68242556 3 0.94268 0.048415706 0.33016729 3 0.26488876 -0.71031612 -0.65213877
3 -0.79889703 0.23097447 -0.5553506 3 0.46973389 0.81626672 -0.33624208 3 0.37565088 -0.52948982 -0.76060969
3 -0.38668239 0.68636948 -0.61593318 3 0.83855796 0.53963906 0.074904546 3 0.38379377 -0.48753136 -0.78422952
3 -0.80464077 -0.5880934 0.081850715 3 -0.32833436 0.55555409 0.76390874 3 -0.49472213 0.58779764 -0.64011264
3 -0.8949616 0.13266961 -0.42596114 3 0.22170737 0.96078104 -0.16657183 3 0.38715619 -0.24351402 -0.88927567
3 -0.7579149 0.42439419 -0.49543375 3 0.48673457 0.87354231 0.0036794096 3 0.43434384 -0.23835605 -0.86863798
3 -0.90257746 -0.23581503 -0.36020151 3 -0.15050139 0.95668662 -0.24919918 3 0.40336525 -0.17071067 -0.89897418
3 -0.80067688 -0.59898597 -0.011501044 3 -0.55803639 0.73867911 0.37808543 3 -0.217972 0.3091425 -0.92569929
3 -0.5541814 -0.80910838 -0.19551641 3 -0.832241 0.53404486 0.14889945 3 -0.01606128 0.24523403 -0.96933085
3 -0.89139104 -0.34717414 -0.29136255 3 -0.34763849 0.93618798 -0.051957373 3 0.29080805 0.054974373 -0.95520079
3 -0.91426837 -0.12235261 -0.38619059 3 -0.10514797 0.99230039 -0.06545236 3 0.39122435 -0.019234 -0.92009443
3 -0.99025106 0.13279681 0.042041916 3 0.13928466 0.94729853 0.28848717 3 -0.0015160863 0.29153064 -0.95656025
3 -0.31804919 -0.91302586 -0.25539884 3 -0.9369508 0.34384263 -0.06241513 3 0.14480354 0.21944481 -0.96481919
3 -0.31451455 0.94868618 0.032787584 3 0.89462495 0.28468969 0.34438047 3 0.31737483 0.13764498 -0.93825752
3 -0.30612221 -0.8917039 -0.33339679 3 -0.94569367 0.32505774 -0.001072064 3 0.10932939 0.3149637 -0.9427858
3 -0.29593116 -0.88716489 -0.35406673 3 -0.92969203 0.35261193 -0.10647736 3 0.21931133 0.29766363 -0.92913866
3 -0.52287978 0.84547037 0.10852052 3 0.8210246 0.46530506 0.33077174 3 0.22916254 0.26205185 -0.93745047
3 -0.91880202 0.12843148 -0.37323999 3 0.38354483 0.067095816 -0.92108178 3 -0.093253069 -0.98944616 -0.11090702
3 -0.96186924 0.030040113 -0.27185482 3 0.27192649 0.21181644 -0.93871701 3 0.02938417 -0.97684765 -0.21190844
3 -0.67743003 0.29308134 -0.67467898 3 0.71084565 0.49671149 -0.49797207 3 0.18917452 -0.81693399 -0.54482293
3 -0.84035844 0.17029683 -0.51458395 3 0.49781677 0.61804479 -0.60844004 3 0.21442057 -0.76747626 -0.60415578
3 -0.96641755 -0.0022870824 -0.25696713 3 0.25059539 0.21308202 -0.94435078 3 0.056914877 -0.97703171 -0.20535302
3 -0.35637888 -0.79004085 0.49882805 3 -0.87999272 0.10438201 -0.46337563 3 0.31401703 -0.60410249 -0.7324298
3 -0.34046221 -0.85747504 0.38577449 3 -0.86516708 0.12502488 -0.48564893 3 0.36820045 -0.49910453 -0.7844255
3 0.036332753 -0.88589227 -0.46246606 3 -0.76464665 -0.32259962 0.55789346 3 -0.64342487 0.33335328 -0.68911552
3 -0.90691519 -0.086049184 -0.41243213 3 0.081700288 0.92441934 -0.37252375 3 0.41331556 -0.37154332 -0.83133984
3 -0.92446291 -0.083155505 -0.37209326 3 0.031426951 0.95598608 -0.29172406 3 0.37997392 -0.28138191 -0.88116068
3 -0.74839282 -0.64549625 0.15245631 3 -0.4913356 0.69396442 0.52631068 3 -0.44553074 0.31897989 -0.83651316
3 -0.58505613 -0.80988306 -0.042413112 3 -0.7434293 0.51468325 0.42709982 3 -0.32407126 0.28140891 -0.90320927
3 -0.9041276 -0.11227748 -0.4122465 3 -0.057709195 0.9881041 -0.14254908 3 0.42334756 -0.10509212 -0.8998515
3 -0.8677274 0.29796061 -0.39782992 3 0.30990177 0.95010012 0.035648756 3 0.38859954 -0.092354581 -0.9167667
3 -0.22772372 -0.96679699 -0.11595418 3 -0.89947486 0.25447154 -0.35523152 3 0.37294382 0.023403028 -0.9275589
3 -0.92884403 0.1062626 -0.35490415 3 0.072949015 0.9916864 0.10600306 3 0.36321777 0.072570413 -0.92887384
3 -0.2580865 0.89359868 0.36725044 3 0.95703602 0.28847814 -0.029368512 3 -0.13218737 0.34389225 -0.92965829
3 0.12818912 -0.90010095 -0.41639626 3 -0.99090505 -0.13356917 -0.016324606 3 -0.040923852 0.4147014 -0.90903682
3 -0.44242293 0.88848972 0.12185261 3 0.852332 0.37432504 0.36525482 3 0.27891266 0.26545596 -0.92289811
3 -0.32600254 0.94095945 0.091200963 3 0.87489325 0.26374277 0.40620372 3 0.35816765 0.21221454 -0.90921992
3 -0.93800628 -0.16068412 0.30712351 3 0.020557076 0.85870802 0.51205266 3 -0.34600878 0.48662204 -0.8021701
3 0.49466774 -0.66995823 -0.55358821 3 -0.8394227 -0.53330505 -0.10466842 3 -0.2251081 0.51647079 -0.82618666
3 -0.75426227 0.55151963 0.35625049 3 0.65541905 0.66462243 0.35875186 3 -0.03891341 0.50408643 -0.86277616
3 0.062064823 -0.87854761 -0.4736053 3 -0.98124921 0.033044919 -0.18988933 3 0.18247713 0.47650966 -0.86002368
3 -0.57693833 0.80560535 0.13469309 3 0.76428193 0.47428894 0.43694758 3 0.28812382 0.35503533 -0.88934505
3 -0.91894674 -0.016394675 0.39404067 3 0.19947392 0.84258974 0.50025266 3 -0.34021616 0.53830642 -0.77102482
3 0.59985799 -0.5245285 -0.60418558 3 -0.76863629 -0.58748406 -0.25310183 3 -0.22219004 0.61622393 -0.75557888
3 0.30070746 -0.75529325 -0.58232903 3 -0.95174646 -0.27687657 -0.13235518 3 -0.061266325 0.5940299 -0.8021065
3 -0.96430147 -0.12955271 -0.2309518 3 -0.23161888 0.83539027 0.4984735 3 0.12835704 0.53417164 -0.83557475
3 0.93336004 0.28022033 -0.22431128 3 0.33478248 -0.90500796 0.26245216 3 -0.12945907 -0.32005784 -0.93851113
3 -0.58411837 -0.75769448 0.29104105 3 -0.80817634 0.5761568 -0.12204388 3 -0.075213142 -0.30650032 -0.9488945
3 -0.83503032 -0.53922963 0.10934246 3 -0.54790473 0.79680592 -0.25475633 3 0.050247371 -0.27263856 -0.96080357
3 -0.50148636 -0.82126319 0.27209955 3 -0.8560403 0.51657623 -0.01855024 3 -0.12532583 -0.24223137 -0.96209019
3 -0.99958706 -0.0037717563 0.028487176 3 -0.0098104076 0.97657865 -0.21493672 3 -0.027008837 -0.21512742 -0.97621238
3 0.89721471 0.44109851 -0.020922946 3 0.43519452 -0.87518114 0.2113376 3 0.074908845 -0.19872102 -0.97718912
3 0.97017366 0.19079964 0.14952816 3 0.15841949 -0.96592629 0.20467035 3 0.1834835 -0.17487773 -0.96734262
3 -0.9727242 -0.13109484 0.19136842 3 -0.17474112 0.95668775 -0.23283932 3 -0.15255505 -0.25992826 -0.95350105
3 -0.52379268 -0.81762892 0.23900643 3 -0.84323627 0.53746158 -0.0093589872 3 -0.12080441 -0.20644076 -0.97097301
3 -0.999883 -0.014977671 0.0031096044 3 -0.015257333 0.99110496 -0.13220455 3 -0.0011019469 -0.13223653 -0.99121755
3 0.96360636 0.25598952 0.077019788 3 0.2429745 -0.95883405 0.14697124 3 0.11147229 -0.12290859 -0.98613763
3 -0.62286901 -0.77496666 -0.10705526 3 -0.73721069 0.62722611 -0.25121251 3 0.26182944 -0.077549897 -0.96199346
3 0.91666818 0.20850612 0.34094688 3 0.17742766 -0.97675318 0.12030238 3 0.35810444 -0.049783997 -0.93235332
3 -0.9447853 0.064367302 -0.32130569 3 0.32679102 0.11250901 -0.93837571 3 -0.024250934 -0.99156362 -0.12733155
3 -0.87840134 -0.1943381 0.43662769 3 -0.47732168 0.40257415 -0.78108776 3 -0.023979932 -0.8945204 -0.44638348
3 -0.62476861 -0.49221432 0.60612643 3 -0.77621889 0.30747443 -0.55040318 3 0.084547944 -0.81436145 -0.57416642
3 -0.98585075 -0.12593219 0.11063269 3 -0.1654323 0.62451655 -0.76329005 3 0.027030792 -0.77079213 -0.63651323
3 -0.72461784 -0.54351401 0.42369977 3 -0.68856442 0.54564005 -0.47765669 3 0.028425531 -0.63786316 -0.76962495
3 -0.8156299 -0.48257062 0.3191762 3 -0.57309568 0.74958563 -0.33118382 3 -0.079430938 -0.4530423 -0.88794339
3 -0.89909035 -0.4154065 0.13810867 3 -0.4369005 0.87128884 -0.22354847 3 -0.027469058 -0.26133001 -0.96485865
3 -0.93154043 -0.35087663 0.095488317 3 -0.36065593 0.92503852 -0.11929394 3 -0.0464736 -0.14556582 -0.98825645
3 -0.71893948 -0.69491076 0.014999551 3 -0.6937921 0.71613854 -0.076144159 3 0.042172041 -0.065149233 -0.99698395
3 -0.81628686 -0.56352222 -0.12695834 3 -0.55617738 0.82609361 -0.090752594 3 0.15602046 -0.0034688669 -0.98774773
3 -0.76332742 -0.60881454 -0.21604647 3 -0.5908975 0.79316783 -0.14739375 3 0.26109672 0.015151726 -0.96519375
3 0.357458 -0.49590448 -0.7913928 3 -0.43691742 -0.83772743 0.327591 3 -0.82542527 0.22867331 -0.51612163
3 -0.57249826 -0.71900547 0.39405194 3 -0.78252071 0.33568174 -0.5243845 3 0.24475929 -0.60856295 -0.75481385
3 -0.73711497 0.39587739 -0.54767013 3 0.62542224 0.70659971 -0.33100444 3 0.25594631 -0.5865134 -0.76843584
3 -0.78504235 -0.58623219 0.2001009 3 -0.60836005 0.66883165 -0.42727312 3 0.11664774 -0.45716065 -0.88170141
3 -0.74663347 -0.65506804 0.11586396 3 -0.65708143 0.69902247 -0.28215581 3 0.10384016 -0.28679863 -0.9523465
3 -0.91319913 -0.40674716 -0.024981005 3 -0.40204808 0.90926319 -0.10769348 3 0.066517599 -0.088302352 -0.99387038
3 -0.82220125 -0.56337577 -0.081195608 3 -0.56109238 0.82619208 -0.050812367 3 0.095710054 0.0037805343 -0.99540204
3 -0.80561638 -0.57014066 -0.16100281 3 -0.56882113 0.82035649 -0.058799889 3 0.16560434 0.044211958 -0.98520058
3 0.96380973 0.049079534 0.26203448 3 0.065526702 -0.99636698 -0.054397605 3 0.25841278 0.069599204 -0.9635241
3 0.39698339 -0.59759295 -0.69662535 3 -0.48917896 -0.77996951 0.39032221 3 -0.7766003 0.18582302 -0.60196483
3 0.62292546 -0.38667461 -0.68003428 3 -0.45222467 -0.88732177 0.090293318 3 -0.63832378 0.25128254 -0.72759861
3 -0.90174365 0.13107269 -0.4119204 3 0.26796502 0.91723537 -0.29474446 3 0.33919492 -0.37616417 -0.862234
3 -0.62291628 -0.77894622 0.072236009 3 -0.71869308 0.53336316 -0.44609877 3 0.3089585 -0.32979828 -0.89206386
3 -0.62282425 -0.78234804 0.0046282471 3 -0.74921912 0.59472603 -0.29149899 3 0.22530167 -0.18501958 -0.95655996
3 -0.79710364 -0.59144437 -0.12173446 3 -0.57095993 0.80384129 -0.1668648 3 0.19654647 -0.063503034 -0.97843587
3 -0.79868513 -0.58235836 -0.1515287 3 -0.57837075 0.81242639 -0.073828712 3 0.16610089 0.028674033 -0.98569173
3 -0.77100724 -0.6049 -0.19910735 3 -0.60674328 0.79271835 -0.058821909 3 0.19341733 0.075454846 -0.97821075
3 -0.4275291 -0.89261305 0.14304088 3 -0.63502204 0.40915433 0.65523988 3 -0.64340162 0.18929978 -0.74175441
3 -0.75114977 0.54605341 -0.3709442 3 0.54797399 0.8291142 0.11087939 3 0.36810094 -0.11998058 -0.92201221
3 -0.45634878 -0.88671893 -0.073995478 3 -0.81191415 0.44898567 -0.3731052 3 0.36406216 -0.11018851 -0.92483371
3 -0.48955056 -0.86329341 -0.12273902 3 -0.82366949 0.50402629 -0.25985804 3 0.28619716 -0.026117664 -0.95781475
3 -0.79392916 -0.55055934 -0.25799394 3 -0.54960626 0.83131826 -0.082721405 3 0.26001826 0.076120242 -0.96259868
3 -0.86476886 -0.43641767 -0.24842402 3 -0.44362193 0.89573437 -0.029320262 3 0.23531744 0.084850907 -0.96820766
3 0.3040334 -0.87704885 -0.37195298 3 -0.829449 -0.43574721 0.34948346 3 -0.46859166 0.20226173 -0.85994881
3 0.19467783 -0.92386299 -0.32951137 3 -0.92127752 -0.28753161 0.26186505 3 -0.33667248 0.25259262 -0.90710998
3 -0.19691896 0.97974306 -0.036421545 3 0.91841215 0.197339 0.3428942 3 0.34313574 0.034071624 -0.93866765
3 -0.37464398 0.92212349 -0.096592486 3 0.84255707 0.38208249 0.3796187 3 0.38696182 0.060836803 -0.92008656
3 -0.15269385 0.98717099 0.046668585 3 0.92752653 0.12684748 0.35157388 3 0.3411437 0.096969888 -0.93499619
3 -0.45802549 0.88812822 -0.037959952 3 0.83462727 0.44434655 0.32550514 3 0.30595797 0.11740658 -0.94477803
3 0.64063811 0.28907764 -0.71134871 3 0.48111719 -0.87313771 0.078467026 3 -0.59842223 -0.39251101 -0.6984455
3 0.55973697 0.56747663 -0.6038748 3 0.49477506 -0.81343997 -0.30579892 3 -0.66474962 -0.12761523 -0.73608571
3 0.45448923 0.7831012 -0.42449039 3 0.63608921 -0.61893499 -0.46077144 3 -0.62356257 -0.060598049 -0.77942151
3 0.71462452 0.61905038 -0.32571197 3 0.35960168 -0.7245084 -0.58802569 3 -0.59999865 0.30309111 -0.74036312
3 -0.80859625 0.20734307 0.55061877 3 0.37251168 0.90480089 0.20632669 3 -0.45541996 0.3719469 -0.80885625
3 0.34710002 0.91795951 0.19202118 3 0.87829119 -0.24638724 -0.40975377 3 -0.32882574 0.31087601 -0.89175659
3 -0.22980151 0.95828813 0.16992688 3 0.9132551 0.15197799 0.3779785 3 0.33638713 0.24204674 -0.91008627
3 0.85170734 0.27378207 0.44680896 3 0.34508264 -0.93471098 -0.085052691 3 0.39435127 0.22662596 -0.89057738
3 -0.38854039 0.9190141 0.066704273 3 0.84751981 0.32802817 0.4172622 3 0.36158895 0.21865641 -0.90633488
3 -0.39314681 0.9177351 0.056550007 3 0.86393881 0.34765038 0.36434737 3 0.31471479 0.1920976 -0.92954457
3 0.47939602 0.55818492 -0.67720681 3 0.77924776 -0.62568617 0.035911784 3 -0.40367347 -0.54492784 -0.73491585
3 -0.3136124 0.91107237 0.26757112 3 0.78771037 0.40697256 -0.4624778 3 -0.53024489 0.065729752 -0.84529287
3 0.75050116 0.61665732 -0.2376588 3 0.41170281 -0.71757007 -0.56177747 3 -0.51696104 0.3237699 -0.79241675
3 -0.84559166 0.17163876 0.50548476 3 0.35781851 0.88493454 0.29808867 3 -0.39615738 0.43293312 -0.80970883
3 -0.9647572 -0.025565933 0.2618967 3 0.10356468 0.87805516 0.46721888 3 -0.24190435 0.47787604 -0.84446239
3 -0.75613475 0.65329003 0.03837648 3 0.56506014 0.62218547 0.5418421 3 0.33010262 0.43139052 -0.8396039
3 -0.90961874 0.38078582 -0.16612019 3 0.24040779 0.80857265 0.53704238 3 0.33881766 0.44856751 -0.82703686
3 -0.32947025 0.88527399 0.32823697 3 0.88298845 0.16579829 0.43913853 3 0.33433664 0.4345127 -0.83631206
3 -0.88546848 0.090989262 0.45570457 3 0.22220629 0.94416988 0.24324386 3 -0.40812993 0.31664515 -0.85625094
3 -0.90487039 -0.009740591 0.42557555 3 0.20520762 0.86592638 0.45613739 3 -0.37296018 0.50007665 -0.78155243
3 -0.98192692 -0.087667242 0.16773278 3 0.070763513 0.65191185 0.75498611 3 -0.17553447 0.75321031 -0.63392591
3 -0.99034345 0.044712186 0.13122794 3 0.12294077 0.72072011 0.68223745 3 -0.064074263 0.69178259 -0.71925735
3 0.26352891 -0.74375999 -0.61430746 3 -0.96090817 -0.14634761 -0.23502821 3 0.0849021 0.65222985 -0.75325167
3 0.20011725 -0.79173726 -0.57715273 3 -0.95188236 -0.017558604 -0.30596107 3 0.2321067 0.61060977 -0.75715429
3 -0.086165234 -0.77638954 -0.62433547 3 -0.94952065 0.25372842 -0.18447843 3 0.30163884 0.57692426 -0.75906014
3 0.9920004 -0.093580544 -0.084722765 3 -0.028915156 -0.82175452 0.56910783 3 -0.12287875 -0.56210542 -0.81788665
3 0.60548294 -0.66886139 0.4312945 3 -0.79562712 -0.49565312 0.34828964 3 -0.019185064 -0.55403298 -0.83227366
3 0.83119726 -0.41342112 0.37174517 3 -0.53927362 -0.76217067 0.35816273 3 0.13526116 -0.49817604 -0.85646099
3 0.75520498 0.47024375 -0.45665771 3 0.62582469 -0.72446769 0.28894618 3 -0.19495845 -0.50400114 -0.84141189
3 0.84252572 0.37212709 -0.38945091 3 0.51679015 -0.76233315 0.3895849 3 -0.1519165 -0.52949971 -0.83459657
3 0.99945062 0.0022645064 0.033064786 3 -0.013655843 -0.88089967 0.47310588 3 0.030198658 -0.47329751 -0.88038486
3 0.69376272 -0.58524334 0.41974244 3 -0.69760329 -0.69092333 0.18967071 3 0.17900626 -0.42440006 -0.88760436
3 0.63638896 -0.62054706 0.45818174 3 -0.72611147 -0.68238664 0.084325314 3 0.26032928 -0.38635474 -0.88484955
3 0.5834322 0.52008396 -0.62379444 3 0.6863001 -0.72641444 0.036250859 3 -0.43428016 -0.44926041 -0.78074694
3 0.88958973 0.10740229 -0.44395369 3 0.28117418 -0.89474177 0.3469559 3 -0.35996035 -0.43347675 -0.82615167
3 0.95016003 0.11343244 -0.29039428 3 0.22320265 -0.89781767 0.37961003 3 -0.21766055 -0.42550707 -0.87838918
3 0.96065372 0.1939408 -0.19882479 3 0.2556574 -0.89720702 0.36008176 3 -0.10855284 -0.39674503 -0.91148764
3 0.9811275 -0.14767879 0.12481865 3 -0.18251607 -0.92045212 0.34562367 3 0.06384778 -0.36188227 -0.93003482
3 0.96989667 0.15067501 0.19130433 3 0.077283785 -0.93543583 0.34494519 3 0.23092821 -0.31977642 -0.91892081
3 0.57218766 -0.68204939 0.45542282 3 -0.72295082 -0.68166721 -0.11257051 3 0.38722542 -0.26483682 -0.88312972
3 -0.16241157 0.79258764 -0.58773065 3 0.88553703 -0.1456638 -0.44114217 3 -0.43525493 -0.59210372 -0.67820829
3 -0.46608999 0.84659678 -0.25697091 3 0.7818256 0.25816309 -0.56753904 3 -0.41413608 -0.46543106 -0.7822181
3 0.76637262 0.43682122 -0.47102025 3 0.55986905 -0.81370354 0.15631029 3 -0.31499135 -0.38350171 -0.86816287
3 0.77507716 0.50544465 -0.3791849 3 0.59088016 -0.79239762 0.1515477 3 -0.22386618 -0.34151396 -0.91282648
3 0.9252584 0.2984271 -0.23417549 3 0.35794359 -0.89124006 0.27850956 3 -0.12559187 -0.34151497 -0.93144739
3 0.95639414 -0.04261772 0.28895333 3 -0.10405318 -0.97410494 0.20073044 3 0.27291638 -0.22204393 -0.93606263
3 0.20577621 0.97262883 -0.1079317 3 0.88084435 -0.13604 0.45343849 3 0.42634434 -0.18837792 -0.88472843
3 0.84395385 -0.080658257 0.53031725 3 -0.14917305 -0.9849239 0.087594576 3 0.51525682 -0.15303479 -0.84326214
3 -0.12472449 0.76774943 -0.62849391 3 0.93624693 -0.11862751 -0.33070984 3 -0.32845896 -0.62967318 -0.70400727
3 -0.38436809 0.84386551 -0.37436903 3 0.87263668 0.19976971 -0.44564295 3 -0.30127519 -0.49797887 -0.81317317
3 -0.44509125 0.87726229 -0.17973502 3 0.84690285 0.34716567 -0.40278006 3 -0.29094613 -0.33149162 -0.89747638
3 0.90685564 0.31297874 0.28223592 3 0.26249573 -0.94339663 0.20272878 3 0.32971045 -0.10975993 -0.93768007
3 -0.73293591 -0.60609072 -0.30896449 3 -0.51024985 0.79014486 -0.33958283 3 0.44994447 -0.091243535 -0.88838327
3 -0.56968784 -0.77060169 -0.28570762 3 -0.62440562 0.63186234 -0.4592033 3 0.53439057 -0.08320526 -0.84113234
3 0.20350778 -0.49765301 -0.84316432 3 -0.8034898 -0.57698196 0.1466148 3 -0.5594539 0.64763671 -0.51727939
3 -0.86730653 0.0091935666 0.49768949 3 -0.44541356 0.43203714 -0.78418785 3 -0.22222982 -0.90180892 -0.37061372
3 -0.58238357 -0.5105769 0.63256657 3 -0.80873859 0.44267374 -0.38727477 3 -0.082287066 -0.73712355 -0.67072922
3 0.0086657964 0.74907309 -0.6624307 3 0.98615932 -0.11609201 -0.11837547 3 -0.16557479 -0.65223676 -0.73971105
3 -0.19371065 0.87627721 -0.44115132 3 0.96146488 0.080144279 -0.26298773 3 -0.19509442 -0.4750948 -0.85803461
3 -0.9394902 -0.16786028 0.29863197 3 -0.25687605 0.92193693 -0.28990853 3 -0.2266559 -0.34907767 -0.90926999
3 0.94050711 0.02340089 0.33896703 3 0.024148142 -0.99970633 0.0020135255 3 0.33891514 0.0062917019 -0.94079596
3 -0.67716312 -0.65932411 -0.32671368 3 -0.60512513 0.7515949 -0.26254252 3 0.41865671 0.019918289 -0.90792608
3 0.84312975 -0.098385587 0.52863276 3 -0.079421133 -0.99512124 -0.058534522 3 0.53181255 0.0073675867 -0.84683013
3 0.93630666 0.027937293 0.35007063 3 0.057137255 -0.99566746 -0.073361591 3 0.34650394 0.088691004 -0.93384635
3 0.79017717 -0.51848155 0.32679814 3 -0.43747523 -0.85059524 -0.29172444 3 0.42922616 0.087548196 -0.8989439
3 0.78848076 -0.48485541 0.37843555 3 -0.39260504 -0.8703841 -0.29714152 3 0.47345492 0.085714631 -0.87663764
3 0.92659169 -0.29107222 0.23812766 3 -0.25255242 -0.9507935 -0.1794693 3 0.27864918 0.10615492 -0.95450824
3 0.91761637 -0.21248412 0.33590281 3 -0.1567132 -0.9700616 -0.1855301 3 0.36526868 0.11760503 -0.92344344
3 0.87777483 -0.27052671 0.39538181 3 -0.19149172 -0.95463294 -0.22805071 3 0.43913823 0.12446481 -0.88975626
3 0.42709473 -0.72120917 -0.54538745 3 -0.49732643 -0.69110417 0.52444398 3 -0.75515318 0.047248065 -0.65384352
3 0.95882684 0.0045235078 0.28395537 3 0.036022451 -0.99373424 -0.10580582 3 0.28169739 0.11167823 -0.95298201
3 0.91336286 -0.23033704 0.33572763 3 -0.1627508 -0.96239352 -0.21751063 3 0.37320295 0.14402618 -0.91650206
3 0.83030939 0.34224647 0.43983361 3 0.37239897 -0.9278782 0.018999636 3 0.41461453 0.14801799 -0.89787829
3 0.23142555 -0.90944588 -0.34547102 3 -0.6920743 -0.40347546 0.59853196 3 -0.6837216 0.1005761 -0.7227788
3 0.65376174 -0.34821764 -0.67181844 3 -0.41531914 -0.90727079 0.066101074 3 -0.63253897 0.2358048 -0.73776031
3 -0.21556321 0.96891803 0.12136896 3 0.93154681 0.16677403 0.32312083 3 0.29283649 0.18271327 -0.93854284
3 0.05750981 0.98107177 0.18490762 3 0.94970435 -0.11086877 0.29286462 3 0.30782169 0.15876493 -0.93810415
3 -0.43935871 0.89831114 -0.0010314937 3 0.81483001 0.39901146 0.42052591 3 0.37817439 0.18392174 -0.90728003
3 0.89193857 0.073020421 0.44622156 3 0.15228708 -0.97773015 -0.14440462 3 0.42574003 0.19675383 -0.8831951
3 0.68848723 0.27329612 -0.67178476 3 0.56278187 -0.78557813 0.25718457 3 -0.45745179 -0.55513644 -0.6946665
3 0.12290597 0.79709774 -0.59121007 3 0.78974515 -0.43932119 -0.42813471 3 -0.60099632 -0.41428497 -0.68349928
3 -0.13016319 0.92873508 0.34714356 3 0.66670179 0.34113383 -0.66267365 3 -0.73387074 0.14518552 -0.66359246
3 -0.38179019 0.75718188 0.53001112 3 0.65203995 0.62707973 -0.42616272 3 -0.65504193 0.18288365 -0.73312575
3 -0.79844636 -0.0049174745 0.60204595 3 0.18875776 0.94750649 0.25807381 3 -0.57171166 0.3196989 -0.75560468
3 -0.28986299 0.93572193 0.20100741 3 0.90542889 0.20005123 0.37440407 3 0.31012642 0.29052332 -0.90521717
3 -0.51751304 0.85431814 0.048174582 3 0.79754847 0.46119636 0.388863 3 0.30999494 0.23966296 -0.92003524
3 0.068786502 0.94944143 0.3063156 3 0.94335794 -0.1617953 0.28965184 3 0.32456797 0.26904172 -0.90679234
3 0.062499933 0.95194817 0.29981416 3 0.91943806 -0.17177331 0.35373402 3 0.38823649 0.25355214 -0.88599312
3 0.90504557 -0.078546315 0.41799894 3 0.027031444 -0.97018915 -0.24083667 3 0.42445543 0.22926719 -0.87594175
3 0.78339094 0.36552855 -0.5026803 3 0.51217318 -0.83784258 0.18894011 3 -0.35210395 -0.40547335 -0.8435722
3 -0.27437609 -0.7739619 -0.57070202 3 -0.91697812 0.38931072 -0.087111667 3 0.28960148 0.49941975 -0.81652373
3 -0.71702582 0.69057673 0.094751179 3 0.63509482 0.59121192 0.49711466 3 0.287278 0.41661981 -0.86249596
3 -0.49918956 0.84529251 0.19050005 3 0.80078942 0.36607251 0.47405428 3 0.33097732 0.38919407 -0.85964078
3 0.23969194 0.86676413 0.43734163 3 0.8955518 -0.37134147 0.24513769 3 0.37487945 0.33290392 -0.8652401
3 -0.62648785 -0.1574686 0.76335871 3 0.36890939 0.80282724 0.46837392 3 -0.68659937 0.57504082 -0.44486985
3 0.40399131 -0.59290487 -0.69660228 3 -0.91028678 -0.18532488 -0.37017956 3 0.090383463 0.78365737 -0.61458302
3 0.082861803 -0.66872388 -0.73887902 3 -0.98031092 0.078650676 -0.1811202 3 0.17923279 0.73933899 -0.64904052
3 -0.1237133 -0.682769 -0.72008443 3 -0.95893019 0.2689096 -0.090226546 3 0.25524145 0.67934823 -0.68799567
3 -0.38686159 -0.62351066 -0.67939126 3 -0.8878181 0.45097303 0.091664732 3 0.24923316 0.63863736 -0.72802836
3 -0.46963295 -0.62655258 -0.6219942 3 -0.8466326 0.51936543 0.11607315 3 0.25031668 0.58111274 -0.77437049
3 -0.30157954 -0.75593513 -0.58104366 3 -0.9101671 0.40976945 -0.060703471 3 0.28398198 0.51054025 -0.81160522
3 0.76092887 -0.548455 0.34667593 3 -0.63487679 -0.51913774 0.5722127 3 -0.1338603 -0.65550983 -0.74322832
3 0.86224496 -0.41088203 0.2961584 3 -0.50217873 -0.61737829 0.60552531 3 -0.065957673 -0.67083549 -0.73866737
3 0.92524093 -0.22890019 0.30254579 3 -0.36995429 -0.72103751 0.58586574 3 0.084042028 -0.65399504 -0.75181597
3 0.80392504 -0.32832557 0.49588987 3 -0.55158305 -0.72341335 0.41524604 3 0.22239752 -0.60735118 -0.76266897
3 0.17470965 -0.77637142 0.60557723 3 -0.94565856 0.038993314 0.32281429 3 -0.27423728 -0.62906826 -0.7273699
3 0.26469463 -0.78120852 0.56537604 3 -0.95177829 -0.11734338 0.28345904 3 -0.15509745 -0.61314267 -0.77459741
3 0.70718187 -0.58124334 0.40255424 3 -0.70581084 -0.54691905 0.45023397 3 -0.04153093 -0.60252446 -0.79701912
3 0.95867038 -0.15968639 0.2354812 3 -0.26380157 -0.80891675 0.52541673 3 0.10658278 -0.56582177 -0.81761003
3 0.72776186 -0.44238365 0.52407956 3 -0.6336062 -0.72616303 0.26689038 3 0.26249924 -0.52629268 -0.80877078
3 0.098112851 -0.82139957 0.56185085 3 -0.88280916 -0.33244354 -0.33185688 3 0.45937088 -0.46344784 -0.75775617
3 -0.47405168 -0.41890877 0.77446151 3 -0.69674337 0.71625686 -0.039054319 3 -0.53835309 -0.55811459 -0.63141453
3 0.30598405 0.5678243 -0.76416576 3 0.79760766 -0.59114313 -0.11988264 3 -0.51980352 -0.57282209 -0.63378167
3 0.69646215 0.25049093 -0.67245418 3 0.55947638 -0.77636248 0.29025379 3 -0.44936264 -0.57837319 -0.68085063
3 -0.74623257 -0.40086728 0.53145313 3 -0.60936213 0.73274207 -0.30293083 3 -0.26798296 -0.54990423 -0.79106927
3 0.95060509 0.1036782 -0.29257619 3 0.25069359 -0.81224746 0.52669448 3 -0.18303776 -0.57402545 -0.79811788
3 0.78785473 -0.43588349 0.43507528 3 -0.58151448 -0.75914103 0.2924825 3 0.20279522 -0.48343632 -0.85156542
3 0.45768487 -0.71510863 0.52834117 3 -0.80961835 -0.58080333 -0.08476983 3 0.36748186 -0.38895676 -0.84478986
3 0.048248619 -0.89872515 0.43585014 3 -0.82383108 -0.28253973 -0.49140015 3 0.56477857 -0.33535746 -0.75402969
3 0.26182511 0.65420938 -0.70954758 3 0.80069911 -0.55770183 -0.21874592 3 -0.53882158 -0.51086092 -0.6698451
3 -0.47539008 -0.50983858 0.71698588 3 -0.7201308 0.69365883 0.015775755 3 -0.50538677 -0.50882405 -0.69690913
3 0.75543952 0.23359104 -0.61216527 3 0.48309699 -0.8297407 0.2795496 3 -0.44263807 -0.50691801 -0.73966616
3 -0.76085949 -0.39130378 0.51766223 3 -0.57759988 0.77196437 -0.2654236 3 -0.29575548 -0.50095165 -0.81337345
3 0.56161433 -0.66735029 0.48911428 3 -0.71667308 -0.68777794 -0.11550455 3 0.41348407 -0.28566608 -0.86453807
3 0.23334163 -0.8685149 0.43730235 3 -0.76717561 -0.44075832 -0.46601886 3 0.59748912 -0.22674617 -0.76915085
3 -0.032710657 -0.95674241 0.28909186 3 -0.72241706 -0.17725211 -0.66835284 3 0.69068354 -0.23070711 -0.6853689
3 -0.69378066 -0.25726372 0.67266911 3 -0.54369009 0.79963136 -0.25493297 3 -0.47230229 -0.54259109 -0.69464058
3 -0.24109454 0.87467575 -0.42049462 3 0.8376447 -0.031271473 -0.54531962 3 -0.4901273 -0.48369879 -0.72512805
3 0.5479219 -0.61026639 0.57215077 3 -0.56028557 -0.7756058 -0.29071602 3 0.62117767 -0.16127813 -0.76689488
3 0.29571506 -0.81788003 0.49358362 3 -0.60413408 -0.56036109 -0.56658399 3 0.73998284 -0.13064332 -0.65981644
3 -0.45899981 0.78910208 -0.40821233 3 0.68047273 0.01684019 -0.73258018 3 -0.57120603 -0.61403137 -0.54469198
3 -0.62712026 0.74562371 -0.22531201 3 0.61421853 0.29548717 -0.73172605 3 -0.47901544 -0.59727103 -0.64328188
3 -0.66348583 -0.57416958 -0.47970393 3 -0.40219659 0.81434494 -0.41842553 3 0.6308918 -0.084684022 -0.77123529
3 0.20821366 0.9613958 0.17990325 3 0.61208487 -0.27154291 0.74270916 3 0.76288891 -0.044526137 -0.64499474
3 0.34402382 -0.48686945 -0.80287325 3 -0.79108095 -0.61090028 0.03148444 3 -0.50580448 0.6243065 -0.5953176
3 -0.73815775 -0.00059339404 0.67462796 3 -0.60453016 0.44444716 -0.66106784 3 -0.29944417 -0.89580518 -0.3284308
3 -0.88971329 0.44653901 0.094939999 3 0.14591047 0.47520438 -0.86769325 3 -0.4325746 -0.75814515 -0.48795015
3 -0.79734999 0.59963709 -0.068324983 3 0.37724036 0.40682593 -0.83197504 3 -0.47108674 -0.68915027 -0.55058998
3 -0.92645144 0.34964189 0.1394207 3 0.13889307 0.66179186 -0.73670894 3 -0.34985188 -0.66316056 -0.661681
3 -0.17484447 -0.97125876 -0.16151193 3 -0.72027391 0.2380145 -0.6515789 3 0.67129368 0.0024078763 -0.74118763
3 0.43913794 0.73903972 0.5108602 3 0.49759218 -0.67351294 0.54660988 3 0.7480374 0.014162908 -0.66350549
3 0.33835673 -0.52593935 -0.78032207 3 -0.62402618 -0.74608237 0.23227665 3 -0.70434797 0.40834904 -0.58064193
3 0.76745653 -0.20301515 0.60810792 3 -0.1199716 -0.97725916 -0.17484632 3 0.62977558 0.061231252 -0.77436
3 -0.5464049 -0.50809592 -0.66579288 3 -0.36689961 0.85983235 -0.3550677 3 0.75287879 0.050268475 -0.65623677
3 0.85483009 0.14320044 0.49875754 3 0.19407365 -0.97964162 -0.051357388 3 0.4812493 0.14069755 -0.86521864
3 0.81219995 -0.25994167 0.52226579 3 -0.14932269 -0.95805162 -0.24462189 3 0.56394446 0.12069593 -0.81694502
3 -0.55643922 -0.48523968 -0.67447597 3 -0.38125017 0.87036228 -0.31163719 3 0.73825741 0.083737075 -0.66930121
3 -0.44496655 -0.6261574 0.64025921 3 -0.52998179 0.76041853 0.3753441 3 -0.72188932 -0.17231014 -0.67021275
3 -0.33118582 0.93533719 0.12433892 3 0.61450964 0.31380644 -0.72381169 3 -0.71602643 -0.16330872 -0.67870206
3 0.86672527 0.057329908 0.49548006 3 0.12842205 -0.98553163 -0.11061231 3 0.48196995 0.15950106 -0.86154771
3 0.77866256 0.17617492 0.60220176 3 0.23305875 -0.97231585 -0.016898751 3 0.58255291 0.15350676 -0.79816532
3 0.47997788 -0.82001674 0.31175917 3 -0.5516215 -0.55843139 -0.61957097 3 0.68215472 0.12540729 -0.72037357
3 -0.69194043 0.37049678 0.61963773 3 0.052492067 0.88182455 -0.46864769 3 -0.72004402 -0.2917501 -0.62961799
3 -0.62200177 0.57674062 0.52960742 3 0.28682077 0.79717755 -0.53126454 3 -0.72859293 -0.17854513 -0.6612671
3 0.6904732 -0.4526884 -0.56419855 3 -0.25044605 -0.88133848 0.40064871 3 -0.67861891 -0.13533589 -0.72191465
3 0.86452222 0.066011719 0.49824062 3 0.15775922 -0.97687602 -0.14430997 3 0.47719339 0.20336126 -0.85494494
3 0.78560245 -0.30212602 0.53995258 3 -0.12655061 -0.9326883 -0.33775359 3 0.6056515 0.19700873 -0.7709564
3 0.72616547 -0.40652648 0.55445462 3 -0.20070861 -0.89667499 -0.39457595 3 0.65757126 0.17524359 -0.73272777
3 -0.57060903 0.74939102 -0.33588481 3 0.69491798 0.22266999 -0.68374503 3 -0.43760082 -0.62356341 -0.64782268
3 -0.85508037 0.46391529 0.23156023 3 0.17279118 0.67603427 -0.71632457 3 -0.48885664 -0.57250351 -0.65822411
3 0.16590713 0.9451291 -0.28143522 3 0.65266979 -0.31917867 -0.68712962 3 -0.73925436 -0.069684573 -0.66981125
3 0.085095018 0.9213739 0.37924778 3 0.90362263 -0.23173098 0.36023176 3 0.41979161 0.31204277 -0.85229367
3 -0.069522083 0.95744216 0.28012717 3 0.87844652 -0.074318655 0.47202578 3 0.472756 0.27889329 -0.83589482
3 -0.38613936 0.92224354 0.019063201 3 0.70480663 0.28164101 0.65109611 3 0.59510016 0.26484948 -0.75875592
3 0.29817027 0.80139911 0.5185113 3 0.68310159 -0.55857247 0.47049871 3 0.66668338 0.21390714 -0.71398669
3 0.47059748 0.69216228 0.54721963 3 0.79312837 -0.60359174 0.081391886 3 0.38663402 0.39571309 -0.83302194
3 -0.30826125 0.91119212 0.27332032 3 0.83507305 0.12156999 0.53653914 3 0.45566249 0.39363706 -0.79838711
3 0.8067888 0.022024781 0.59042919 3 0.24117605 -0.92453778 -0.29506567 3 0.53937542 0.38045311 -0.75121868
3 0.042021561 -0.65265483 -0.75648916 3 -0.98720556 0.089443505 -0.13200408 3 0.15381618 0.75235695 -0.64054644
3 -0.22686949 -0.68964779 -0.68768895 3 -0.9440431 0.32928681 -0.018783703 3 0.23940098 0.6449464 -0.72576261
3 -0.45954224 -0.60188884 -0.65310854 3 -0.84098721 0.53134084 0.10206731 3 0.28558981 0.59615982 -0.75035477
3 0.093431301 -0.82920808 -0.55107594 3 -0.93209648 0.12169964 -0.34115317 3 0.34995267 0.54553026 -0.76153129
3 0.33996993 0.70189977 0.62590498 3 0.83360243 -0.53300929 0.144941 3 0.43534726 0.47248039 -0.76631254
3 -0.83438408 -0.46161181 -0.30119383 3 -0.47071707 0.31248236 0.8250941 3 -0.28675541 0.83022249 -0.47801888
3 -0.88522273 -0.40746781 -0.22438939 3 -0.39534986 0.40485343 0.82449508 3 -0.24511033 0.81857425 -0.51947784
3 -0.79155827 -0.29769421 -0.53367937 3 -0.60884428 0.30932489 0.7304976 3 -0.052384589 0.90315902 -0.42609811
3 -0.92451555 -0.19085303 -0.3299185 3 -0.3811444 0.46363008 0.7998603 3 0.00030441867 0.86522979 -0.50137573
3 0.2979551 -0.4978255 -0.81448907 3 -0.95332778 -0.1114945 -0.28059807 3 0.04887791 0.8600806 -0.50781149
3 0.5572874 -0.53354853 -0.63620496 3 -0.82242823 -0.24931157 -0.51132745 3 0.114205 0.80818903 -0.57774383
3 -0.9419921 -0.085507259 -0.32456094 3 -0.30130216 0.64149255 0.70548224 3 0.14787948 0.76234931 -0.63004416
3 0.17995946 -0.68473357 -0.70622557 3 -0.96317029 0.023164034 -0.2678929 3 0.19979428 0.72842532 -0.65534645
3 0.10427112 -0.72844201 -0.67712599 3 -0.96357989 0.094584644 -0.25013512 3 0.24625467 0.67854702 -0.69204968
3 -0.31338215 0.78771234 0.53037804 3 0.88813043 0.04539597 0.45734406 3 0.33617854 0.61436838 -0.7138176
3 0.75909901 -0.57739317 0.30064237 3 -0.57868606 -0.38700789 0.71787721 3 -0.2981464 -0.71891743 -0.62790668
3 0.4509626 -0.67806202 0.58040041 3 -0.8689779 -0.18511108 0.45892411 3 -0.20374048 -0.71131277 -0.67269909
3 0.86244732 -0.40230906 0.30713546 3 -0.49934402 -0.57714403 0.64618927 3 -0.082706362 -0.71067035 -0.69864684
3 0.8310231 -0.19271231 0.5217877 3 -0.46354058 -0.75844491 0.45813897 3 0.30745825 -0.62259394 -0.71961534
3 0.49942163 -0.47828853 0.72236979 3 -0.76766646 -0.63079345 0.11308332 3 0.40157965 -0.61101532 -0.68219793
3 -0.31256121 -0.4605304 0.83079326 3 -0.79555714 0.60481119 0.035957962 3 -0.51903266 -0.64970428 -0.55541861
3 0.84574878 -0.52944076 -0.066346042 3 -0.26302359 -0.52185243 0.81147361 3 -0.46424988 -0.66885203 -0.58061129
3 0.73196703 -0.6191389 0.28441408 3 -0.59670871 -0.38103008 0.70622575 3 -0.32888147 -0.68664634 -0.64834696
3 0.27994025 -0.74325138 0.60762727 3 -0.93244159 -0.059894472 0.35632253 3 -0.22844371 -0.66632587 -0.70980537
3 0.54593062 -0.51980364 0.65708756 3 -0.74745131 -0.65648967 0.10167719 3 0.37851897 -0.54664958 -0.74692559
3 -0.11183684 -0.85755599 0.50208598 3 -0.82276052 -0.20343764 -0.530734 3 0.55727726 -0.47245207 -0.68281132
3 -0.34881631 -0.92267263 0.16432422 3 -0.68446833 0.13103822 -0.71716958 3 0.64017993 -0.36263525 -0.67724842
3 -0.50033534 -0.2951777 0.81396246 3 -0.63939989 0.75984657 -0.11748031 3 -0.5838089 -0.57922691 -0.56891459
3 -0.4551183 -0.3768689 0.80674475 3 -0.71136034 0.69883037 -0.074851051 3 -0.53556871 -0.60795236 -0.58614016
3 -0.42601824 -0.4323715 0.79470956 3 -0.75614941 0.65245771 -0.05036974 3 -0.49673599 -0.62237763 -0.60489631
3 -0.27416724 -0.93374336 0.23012114 3 -0.6847856 0.021547168 -0.72842616 3 0.67520458 -0.3572942 -0.64532149
3 -0.32248974 -0.94607157 0.030807223 3 -0.55161762 0.16138354 -0.81833589 3 0.76923245 -0.28089872 -0.57391423
3 -0.53575027 -0.29145044 0.79248232 3 -0.59517252 0.79609108 -0.1095832 3 -0.59895009 -0.53037298 -0.59996939
3 -0.053819507 -0.95134592 0.30338889 3 -0.62812191 -0.20393643 -0.75091505 3 0.77625173 -0.23097898 -0.58658522
3 -0.37012362 -0.35025507 0.86042428 3 -0.64724737 0.76162422 0.031613693 3 -0.6663928 -0.54520637 -0.50859678
3 -0.78014076 0.56019592 0.27849779 3 0.20564683 0.65006143 -0.73152566 3 -0.59083831 -0.51342076 -0.62234187
3 0.09373495 -0.92487824 0.3685303 3 -0.57182312 -0.35302907 -0.74053365 3 0.81500489 -0.14132017 -0.5619576
3 -0.17806603 -0.98398352 -0.0083027091 3 -0.46672922 0.091883451 -0.87961435 3 0.8662889 -0.15275432 -0.47561517
3 -0.17431709 0.68342555 -0.70890272 3 0.73439097 -0.38935274 -0.55594444 3 -0.65595984 -0.61752242 -0.43403071
3 -0.68717778 0.725133 0.044371426 3 0.3485741 0.3826836 -0.85559887 3 -0.63740319 -0.57248181 -0.51573426
3 0.36723173 -0.6902703 0.6234324 3 -0.3993178 -0.72235399 -0.56457973 3 0.84005135 -0.041616064 -0.5409084
3 -0.14957052 0.64691067 -0.74775338 3 0.78666103 -0.38029075 -0.48635745 3 -0.5989936 -0.66097325 -0.45201918
3 -0.14208914 0.67143023 -0.72731829 3 0.79089534 -0.36483127 -0.49130672 3 -0.59522676 -0.64504212 -0.47919258
3 0.20743667 0.91389126 0.34895992 3 0.47989345 -0.40591323 0.77777714 3 0.85245097 0.0061240746 -0.5227716
3 0.55058753 -0.33991626 0.76243722 3 -0.14877844 -0.93867648 -0.31104967 3 0.82141256 0.05782583 -0.56739563
3 -0.35938433 0.70255357 0.61421597 3 0.4235146 0.7092945 -0.56350356 3 -0.83155161 0.057615146 -0.55245107
3 0.36820632 -0.83882064 -0.40100378 3 -0.52127105 -0.54339099 0.65802944 3 -0.76987052 -0.033258915 -0.63733292
3 -0.55312073 -0.22873235 -0.80108613 3 -0.20230892 0.9696663 -0.13717975 3 0.80816382 0.086189978 -0.58261687
3 -0.16500658 0.96712613 0.19349357 3 0.54112792 0.25279057 -0.80204582 3 -0.82459289 -0.027638072 -0.56505114
3 -0.4989582 0.59922612 0.62607431 3 0.30129147 0.7973066 -0.5229972 3 -0.81256652 -0.072322875 -0.57836425
3 -0.58238411 -0.23656853 -0.77773011 3 -0.21669553 0.96727985 -0.13195828 3 0.78349954 0.091680117 -0.61459213
3 0.14659029 -0.83686513 0.52741647 3 -0.78084785 0.2294277 0.58106786 3 -0.6072793 -0.49701092 -0.6198324
3 0.029910475 -0.9220317 0.3859576 3 -0.68503928 0.26227784 0.67965591 3 -0.72789216 -0.28472486 -0.62378287
3 -0.61083698 -0.15390606 0.77665365 3 -0.18692049 0.98122913 0.047433183 3 -0.76937562 -0.11619858 -0.62813932
3 0.36267209 0.73537356 0.57244635 3 0.57753128 -0.65944439 0.48123899 3 0.73138684 0.15607369 -0.66386324
3 -0.79304171 0.053586282 0.60680592 3 -0.3319585 0.79721057 -0.50424111 3 -0.51077253 -0.60131854 -0.61443275
3 -0.33396423 -0.60642731 0.72160506 3 -0.80657911 0.5800029 0.11413582 3 -0.48774806 -0.54391426 -0.68283182
3 -0.39764911 0.91572547 0.057637844 3 0.65596247 0.23980135 0.71568763 3 0.64155161 0.32240099 -0.69603825
3 0.67877603 0.049126297 0.73270029 3 0.22158848 -0.9649536 -0.14058185 3 0.7001155 0.25778154 -0.66587317
3 0.62788349 -0.77269828 0.093272708 3 -0.48802346 -0.4842205 -0.72619838 3 0.60629672 0.41044867 -0.68112886
3 0.64923006 0.098665684 0.75416535 3 0.34504539 -0.92185438 -0.17643139 3 0.67782295 0.37476584 -0.63253969
3 0.77882177 -0.62672979 0.025422629 3 -0.39269263 -0.51879263 -0.75937235 3 0.48911026 0.58143264 -0.65015924
3 0.76950312 -0.6052953 0.20367214 3 -0.29709959 -0.62158775 -0.72481734 3 0.56532878 0.49723837 -0.65814686
3 0.78126109 -0.423215 0.4588249 3 -0.050570577 -0.77555358 -0.62925327 3 0.62215263 0.46840796 -0.62731194
3 -0.89508653 0.042349584 0.44387662 3 0.40071493 0.51301926 0.75910372 3 -0.19556962 0.85733163 -0.47616681
