ply
format ascii 1.0
comment PCL generated
element vertex 670
property list uint float x_axis
property list uint float y_axis
property list uint float z_axis
element camera 1
property float view_px
property float view_py
property float view_pz
property float x_axisx
property float x_axisy
property float x_axisz
property float y_axisx
property float y_axisy
property float y_axisz
property float z_axisx
property float z_axisy
property float z_axisz
property float focal
property float scalex
property float scaley
property float centerx
property float centery
property int viewportx
property int viewporty
property float k1
property float k2
end_header
3 nan nan nan 3 nan nan nan 3 nan nan nan
3 nan nan nan 3 nan nan nan 3 nan nan nan
3 nan nan nan 3 nan nan nan 3 nan nan nan
3 nan nan nan 3 nan nan nan 3 nan nan nan
3 nan nan nan 3 nan nan nan 3 nan nan nan
3 nan nan nan 3 nan nan nan 3 nan nan nan
3 0.90496099 0.3476567 -0.24531707 3 0.4104118 -0.86534709 0.28763989 3 -0.11228628 -0.36098459 -0.92578721
3 0.98607785 0.11690695 -0.11825047 3 0.15163796 -0.92403072 0.3509602 3 -0.068237066 -0.36400533 -0.92889386
3 0.94809735 0.29177222 -0.12641342 3 0.31760365 -0.88826591 0.33183059 3 -0.015468868 -0.3547568 -0.93483067
3 0.6557073 0.73343849 -0.1792089 3 0.74733222 -0.59671181 0.29228336 3 0.1074358 -0.32558095 -0.9393906
3 0.71191919 0.69619405 -0.092113577 3 0.68079036 -0.65200388 0.3337892 3 0.17232352 -0.3003411 -0.93813622
3 -0.039264996 0.94401664 -0.32755271 3 0.98763424 -0.013127413 -0.15622509 3 -0.1517791 -0.32963413 -0.93182856
3 0.59866631 0.72090602 -0.34913212 3 0.79140687 -0.59960425 0.11895306 3 -0.12358712 -0.34751874 -0.92949277
3 0.53243303 0.78915006 -0.30619794 3 0.84444153 -0.52022702 0.12760162 3 -0.058595616 -0.32650557 -0.9433772
3 0.85860914 0.48302844 -0.17167981 3 0.51230109 -0.82051861 0.25356826 3 -0.018385813 -0.30566776 -0.95196068
3 0.86927503 0.49296522 -0.036688339 3 0.47912911 -0.82196021 0.30792281 3 0.12163985 -0.28524756 -0.95070368
3 0.84987473 0.52591276 0.033594843 3 0.48699036 -0.80813861 0.33128887 3 0.20137721 -0.26519439 -0.94293118
3 0.29079178 0.91799331 -0.26968196 3 0.94511217 -0.31949371 -0.068459213 3 -0.14900707 -0.23497321 -0.96051264
3 0.24896261 0.92656559 -0.28194648 3 0.95299906 -0.28626114 -0.099233679 3 -0.17265618 -0.2439868 -0.9542852
3 0.49790603 0.8105064 -0.30849466 3 0.85251677 -0.52269286 0.002681762 3 -0.15907519 -0.26433346 -0.9512217
3 0.85481364 0.46314311 -0.23407696 3 0.50428826 -0.84778947 0.16415377 3 -0.12242159 -0.25836331 -0.95825964
3 0.99845254 -0.027813984 -0.048155177 3 -0.014905053 -0.96809936 0.25012287 3 -0.05357879 -0.24901798 -0.96701568
3 0.87733018 0.46968409 -0.098430462 3 0.47962478 -0.85142577 0.21221232 3 0.015865881 -0.23339032 -0.97225362
3 0.87657952 0.48075226 0.022037247 3 0.4575831 -0.84676975 0.2712909 3 0.14908494 -0.22772376 -0.96224511
3 0.62657851 0.7792635 -0.012154075 3 0.74135995 -0.59114653 0.31769639 3 0.24038276 -0.20807427 -0.94811445
3 0.86321759 0.43853065 0.25009233 3 0.36287153 -0.88339865 0.29653168 3 0.35097069 -0.1652194 -0.92169529
3 0.52028048 -0.84985262 0.084016435 3 -0.84462428 -0.49754059 0.19764411 3 -0.12616606 -0.17379385 -0.97666669
3 -0.016315518 -0.98466647 0.173683 3 -0.98915851 0.041250013 0.14093992 3 -0.14594327 -0.16950211 -0.97466391
3 -0.05220408 -0.98446786 0.16762379 3 -0.98496187 0.078441113 0.15393832 3 -0.16469604 -0.15706888 -0.97375792
3 0.98046929 0.092263326 -0.17368789 3 0.11546839 -0.98494953 0.12861285 3 -0.15920927 -0.14615656 -0.97636592
3 0.97617638 0.16357361 -0.14255998 3 0.18285654 -0.9738701 0.13468568 3 -0.11680323 -0.1575449 -0.98057961
3 0.99917006 0.01553593 -0.037652783 3 0.021011751 -0.98850691 0.14970845 3 -0.034893904 -0.15037535 -0.98801303
3 0.8769955 0.47621089 -0.064046904 3 0.48042512 -0.86670828 0.13419445 3 0.008394869 -0.14845769 -0.98888302
3 0.86050105 0.50039053 0.095641367 3 0.47494328 -0.85587096 0.20472883 3 0.18429889 -0.13074639 -0.97413522
3 0.67496789 0.72805732 0.11979461 3 0.68420357 -0.67836595 0.26774058 3 0.27619627 -0.098751165 -0.95601457
3 0.83800703 0.43649399 0.32744032 3 0.36880434 -0.89534724 0.24967319 3 0.4021531 -0.088466771 -0.91128844
3 0.53086865 0.82511997 -0.19327576 3 0.84612662 -0.52882898 0.066406175 3 -0.047415659 -0.198787 -0.97889507
3 0.5585165 -0.82513893 0.084882461 3 -0.8258397 -0.5435434 0.15016401 3 -0.077769481 -0.15396748 -0.98501056
3 0.5704152 -0.81975627 0.051245518 3 -0.81377596 -0.55559254 0.17054528 3 -0.11133302 -0.13898534 -0.9840163
3 -0.009288108 -0.99154258 0.12944937 3 -0.98962122 0.027679402 0.14100957 3 -0.14340007 -0.12679857 -0.98150826
3 0.17960033 -0.97902924 0.096152991 3 -0.97026455 -0.16016957 0.18147247 3 -0.16226627 -0.12588532 -0.97868401
3 0.98686153 -0.052112687 -0.15293343 3 -0.034930758 -0.99298537 0.1129597 3 -0.1577449 -0.10613362 -0.98175973
3 0.99381143 0.026004864 -0.10799354 3 0.03646769 -0.99470639 0.096068725 3 -0.10492224 -0.099412441 -0.98949909
3 0.99925143 0.031044392 -0.023084546 3 0.032991394 -0.99545008 0.089391321 3 -0.020205859 -0.090086035 -0.99572897
3 0.9323284 0.36118859 -0.017510686 3 0.36130169 -0.92842525 0.086531408 3 0.01499745 -0.087002069 -0.99609524
3 0.82735431 0.54751366 0.12535371 3 0.52542412 -0.83331192 0.17181554 3 0.19852979 -0.076288693 -0.97712123
3 0.83152384 0.50799352 0.22474554 3 0.47305408 -0.85966265 0.19287273 3 0.29118448 -0.054060873 -0.95513821
3 0.77797961 0.52138972 0.35057175 3 0.46542656 -0.8530761 0.23587964 3 0.42204884 -0.020344639 -0.90634471
3 -0.87718308 -0.47437221 0.074300699 3 -0.48009637 0.8689447 -0.12017646 3 -0.0075548198 -0.14108829 -0.98996818
3 -0.92791253 -0.36718622 0.064441659 3 -0.37269416 0.91777211 -0.1370897 3 -0.0088052927 -0.15122426 -0.9884603
3 -0.76997292 -0.62940073 0.10486431 3 -0.63777518 0.76419616 -0.096162215 3 -0.019612337 -0.14092214 -0.98982638
3 -0.28961861 -0.94620061 0.1443101 3 -0.95706373 0.28821343 -0.031014625 3 -0.01224605 -0.14709637 -0.98904634
3 -0.39166483 -0.91036856 0.13352054 3 -0.92003763 0.38928261 -0.044605136 3 -0.011371146 -0.14031658 -0.99004126
3 -0.61338204 -0.78079623 0.11882665 3 -0.78937769 0.61092585 -0.060436949 3 -0.025403848 -0.13086815 -0.99107426
3 -0.52929032 -0.84320509 0.094111763 3 -0.84798092 0.52939087 -0.025958735 3 -0.027933501 -0.093544893 -0.99522316
3 0.55399227 -0.83151668 0.040897943 3 -0.83132428 -0.5498935 0.08072871 3 -0.044636503 -0.078724407 -0.99589658
3 0.53736806 -0.84241265 0.039703075 3 -0.8412953 -0.53218347 0.09488409 3 -0.058803458 -0.084387809 -0.99469644
3 0.43910345 -0.89818388 0.02130455 3 -0.89370263 -0.4342359 0.11284906 3 -0.092106998 -0.068594418 -0.99338371
3 0.25744987 -0.96601409 0.023157956 3 -0.95833266 -0.25218639 0.13416561 3 -0.12376507 -0.056736529 -0.9906882
3 -0.07549689 -0.99618638 0.043737091 3 -0.98684859 0.080932692 0.1399281 3 -0.14293446 -0.032600828 -0.98919517
3 0.96911275 0.19780375 -0.14728916 3 0.19770184 -0.98013991 -0.015479609 3 -0.14742689 -0.014118049 -0.98897213
3 0.993729 0.00035556918 -0.11181485 3 -0.00057658658 -0.99996531 -0.0083041536 3 -0.11181653 0.0083165485 -0.99369407
3 0.99986851 -0.0014914272 -0.016149933 3 -0.001720109 -0.99989843 -0.014155301 3 -0.016125083 0.014181215 -0.99976945
3 0.8512547 0.52364898 0.034017254 3 0.52407408 -0.8516615 -0.0043750955 3 0.026682138 0.021553092 -0.99941164
3 0.76395154 0.62400782 0.16429351 3 0.61693108 -0.78095567 0.097490251 3 0.18914066 0.026879976 -0.98158199
3 0.76491648 0.58911121 0.26048189 3 0.56747532 -0.80765647 0.16019626 3 0.3047542 0.025280988 -0.95209545
3 0.74806827 0.53125894 0.39769068 3 0.49155372 -0.84618962 0.20576304 3 0.44583705 0.041562904 -0.89414883
3 0.33043802 -0.9389016 0.096303843 3 -0.94380313 -0.32943857 0.0265624 3 0.0067867185 -0.099669106 -0.99499738
3 -0.821055 -0.56607902 0.07364098 3 -0.57084882 0.81424612 -0.10552076 3 -0.00022879026 -0.12867624 -0.99168664
3 -0.76299119 -0.64238763 0.071990028 3 -0.64632356 0.75633556 -0.10110542 3 0.010500259 -0.1236714 -0.99226767
3 -0.47587258 -0.87276816 0.10872453 3 -0.87947083 0.47342712 -0.048967265 3 -0.0087360693 -0.11892223 -0.99286515
3 -0.14986552 -0.98247147 0.11086074 3 -0.98869443 0.14947154 -0.011904062 3 -0.0048751221 -0.1113914 -0.9937647
3 -0.56351531 -0.82016456 0.098896757 3 -0.82608336 0.56032687 -0.060167287 3 -0.0060681291 -0.11560316 -0.99327701
3 -0.10399057 -0.98994172 0.095923699 3 -0.99452657 0.1044838 0.00011971686 3 -0.010140973 -0.095386103 -0.99538869
3 -0.00056323613 -0.99692255 0.078390971 3 -0.99997002 0.0011671388 0.0076581244 3 -0.0077260491 -0.078382291 -0.99689347
3 -0.29961476 -0.95090532 0.077524841 3 -0.95323813 0.30173919 0.017042203 3 -0.039597582 -0.068792835 -0.99684477
3 0.050091513 -0.99730647 0.05357844 3 -0.99775511 -0.047582492 0.047122251 3 -0.044445783 -0.05582149 -0.99745095
3 0.056646813 -0.99772048 0.036675993 3 -0.99482203 -0.053301271 0.086534247 3 -0.084382154 -0.041387036 -0.99557358
3 0.30781001 -0.95136243 -0.012744614 3 -0.94466132 -0.30718407 0.11512133 3 -0.11343749 -0.023394838 -0.99326968
3 0.0035065501 -0.99992007 -0.012148727 3 -0.99173057 -0.0050358926 0.12823869 3 -0.12828961 0.011595616 -0.991669
3 0.99112284 0.003012164 -0.13291512 3 0.00040368782 -0.99980682 -0.01964771 3 -0.13294816 0.01941964 -0.9909327
3 0.99562573 0.0059455261 -0.093241177 3 0.0015832535 -0.99890345 -0.04678918 3 -0.093419805 0.04643688 -0.99454331
3 0.95268518 0.30352619 0.016211635 3 0.303958 -0.95119935 -0.053192217 3 -0.00072440191 0.055603199 -0.99845272
3 0.99921137 0.0084058158 0.038807649 3 0.010606104 -0.99832678 -0.056844149 3 0.038263563 0.057210904 -0.99762863
3 0.90756798 0.35904711 0.21772817 3 0.36867467 -0.92955041 -0.00388062 3 0.20099753 0.083793394 -0.97600138
3 0.50105023 0.83621925 0.22290348 3 0.80857188 -0.54415369 0.22384864 3 0.30847967 0.068072967 -0.9487921
3 0.55252153 0.7581448 0.34631842 3 0.71926022 -0.64364207 0.26151401 3 0.42117098 0.10460151 -0.90092921
3 0.45290139 -0.88958806 0.05927489 3 -0.89155519 -0.45212951 0.026614875 3 0.0031236545 -0.064900748 -0.99788684
3 0.30000901 -0.9516781 0.065600201 3 -0.95378184 -0.30048805 0.0026715603 3 0.017169612 -0.063369773 -0.99784243
3 0.075243682 -0.99440956 0.074081503 3 -0.99682856 -0.076940641 -0.020321701 3 0.025907973 -0.072317481 -0.9970451
3 -0.30660909 -0.94955534 0.065844268 3 -0.95173305 0.30482641 -0.035849128 3 0.013969662 -0.073657833 -0.99718577
3 -0.36819413 0.92750847 -0.064505041 3 0.92968494 0.36809406 -0.01386212 3 0.010886689 -0.065073326 -0.99782097
3 -0.29895583 -0.95284492 0.052077163 3 -0.95426399 0.2983743 -0.018787084 3 0.0023631151 -0.055310514 -0.99846637
3 -0.59689969 -0.8014465 0.037339337 3 -0.80228901 0.59585261 -0.035943311 3 0.0065565184 -0.05141335 -0.99865592
3 -0.52730256 -0.84878993 0.038828611 3 -0.84967411 0.52688086 -0.02122459 3 -0.0024430135 -0.044183731 -0.99902046
3 -0.29992914 -0.95309454 0.040661875 3 -0.95383078 0.30032098 0.0037537059 3 -0.015790097 -0.037661396 -0.99916577
3 0.34943059 -0.93685579 0.014127863 3 -0.93640119 -0.3486599 0.039863814 3 -0.032421175 -0.027158031 -0.99910522
3 -0.0046811583 -0.99984056 0.017231224 3 -0.99731588 0.0059270379 0.072977945 3 -0.07306844 -0.016842553 -0.99718463
3 -0.00093525107 -0.99995518 -0.0094242832 3 -0.99511284 8.3819032e-08 0.098744541 3 -0.098740108 0.00947103 -0.99506819
3 0.94750029 0.30469888 -0.096962847 3 0.29966289 -0.95195007 -0.063193798 3 -0.1115597 0.030819708 -0.99327981
3 0.99363601 0.0051804199 -0.11251935 3 -0.00073257834 -0.99862349 -0.052446138 3 -0.11263886 0.052194785 -0.99226421
3 0.99700052 0.0071666366 -0.077063181 3 0.0012737508 -0.99708825 -0.076247036 3 -0.077386931 0.07592015 -0.99410635
3 0.9506734 0.30701002 0.044327721 3 0.30986795 -0.94647551 -0.090366766 3 0.01421181 0.099645086 -0.99492162
3 0.56976235 0.81320453 0.11861406 3 0.82011819 -0.57189125 -0.018614128 3 0.052696742 0.10788245 -0.99276596
3 0.76407528 0.59519953 0.24885029 3 0.60723096 -0.79379177 0.034134269 3 0.21785395 0.12502995 -0.96793962
3 0.83290172 0.4243246 0.35527903 3 0.44432706 -0.89543343 0.02779121 3 0.32992265 0.13471347 -0.9343465
3 0.6511997 0.61823964 0.44013494 3 0.61396974 -0.77007198 0.17329267 3 0.44607198 0.15738142 -0.881051
3 0.74305797 -0.66904795 0.015476885 3 -0.66916317 -0.74310786 0.003377866 3 0.0092410408 -0.012866514 -0.99987459
3 0.22025694 -0.97515774 0.023541877 3 -0.97536969 -0.22047007 -0.0068452847 3 0.011865512 -0.021454314 -0.99969941
3 0.0088411868 -0.99948663 0.030794978 3 -0.99982095 -0.0093508651 -0.016446199 3 0.016725715 -0.030644063 -0.99939036
3 -0.7502712 0.66037822 -0.031520564 3 0.66097969 0.75026447 -0.014458369 3 0.014100769 -0.031682156 -0.99939859
3 -0.40465945 -0.91416168 0.023647392 3 -0.91437542 0.40411651 -0.02464758 3 0.012974887 -0.031598017 -0.99941647
3 -0.31524616 -0.94874835 0.022279482 3 -0.94899398 0.3150183 -0.013178511 3 0.0054851789 -0.025295965 -0.9996649
3 -0.9963361 0.08494544 -0.0099370023 3 0.085065655 0.99629861 -0.012373706 3 0.0088491281 -0.013173666 -0.99987411
3 -0.4753997 -0.87964183 0.015012842 3 -0.87976432 0.47526631 -0.011692578 3 0.0031501721 -0.018766429 -0.99981892
3 -0.34777978 -0.93747377 0.013861354 3 -0.9375481 0.34784588 0.0026057805 3 -0.0072637433 -0.012087502 -0.99990058
3 -0.47871906 -0.8778109 0.016616549 3 -0.87785107 0.47887853 0.0072676786 3 -0.014337864 -0.011109344 -0.99983549
3 -0.79861563 -0.60085261 0.034484364 3 -0.59942371 0.79923135 0.043820407 3 -0.05389224 0.014323682 -0.99844396
3 0.84725463 0.52858186 -0.052542664 3 0.52600551 -0.84865779 -0.055660184 3 -0.074010789 0.019521197 -0.99706632
3 0.84385169 0.53460926 -0.045904975 3 0.52992624 -0.84376532 -0.085079819 3 -0.084218785 0.047467679 -0.99531621
3 0.97853988 0.19693519 -0.060632221 3 0.19118214 -0.97747564 -0.08939144 3 -0.076868683 0.07588172 -0.99414951
3 0.99912941 0.012662948 -0.039751258 3 0.0086770905 -0.99506092 -0.098886661 3 -0.040807601 0.09845563 -0.99430442
3 0.80752993 0.58057886 0.10403691 3 0.58868372 -0.80430359 -0.080914266 3 0.036701333 0.12658638 -0.99127632
3 0.99460351 0.025853096 0.10047614 3 0.039729122 -0.9895429 -0.13865957 3 0.095840186 0.1419031 -0.98523003
3 0.84730792 0.42625532 0.31682152 3 0.46402603 -0.88434142 -0.051188804 3 0.25836101 0.19038717 -0.94710207
3 0.66823953 0.5886609 0.45490021 3 0.63485384 -0.76999223 0.063815936 3 0.38783562 0.24615085 -0.88825291
3 0.6695649 0.50861955 0.54128456 3 0.56970519 -0.81926632 0.065104872 3 0.47656986 0.26478073 -0.83831513
3 -0.067758173 -0.99765718 0.0094274124 3 -0.99763942 0.067645229 -0.01182445 3 0.011159029 -0.010206361 -0.9998858
3 0.14150056 -0.98992664 0.0047808406 3 -0.98988491 -0.14154139 -0.0096924696 3 0.01027152 -0.0033609907 -0.99994159
3 -0.44827768 -0.89389122 -0.0023527676 3 -0.89382517 0.4482742 -0.011259358 3 0.011119327 -0.0029443568 -0.99993384
3 -0.87033606 -0.49235815 -0.0099325543 3 -0.49230844 0.87039179 -0.007118036 3 0.012149836 -0.0013052034 -0.99992537
3 9.7730863e-06 -0.99999982 -0.00068000628 3 -0.99989575 5.225229e-08 -0.014447396 3 0.014447392 0.00067807874 -0.99989545
3 -0.30111438 -0.9535808 -0.003719392 3 -0.95357424 0.30112875 -0.0042092842 3 0.0051337788 0.0022788302 -0.99998426
3 -0.90880781 0.41716266 -0.0066088364 3 0.4171533 0.90883183 0.0028071906 3 0.0071773762 -0.00020570098 -0.99997425
3 -0.1961133 -0.98058105 -0.00067529338 3 -0.98057228 0.19611442 -0.0041651269 3 0.004216902 -0.00015354785 -0.99999118
3 0.1483337 -0.98893666 -0.0011993677 3 -0.98892093 -0.14833814 0.0056114616 3 -0.0057272036 0.0003531212 -0.99998367
3 0.5664736 -0.82404274 -0.0078283409 3 -0.82402802 -0.56651902 0.0058432338 3 -0.0092485752 0.0031386944 -0.99995232
3 0.195188 -0.98054904 -0.020621756 3 -0.97964036 -0.19592789 0.043782212 3 -0.046971053 0.011656496 -0.99882817
3 0.87011445 0.49069661 -0.04601793 3 0.48882508 -0.8711471 -0.046398174 3 -0.062854655 0.017877657 -0.99786258
3 0.95144099 0.30503848 -0.041370347 3 0.30205214 -0.95102882 -0.06564109 3 -0.059365653 0.049958199 -0.9969855
3 0.95038879 0.31013 -0.024094485 3 0.30689591 -0.94747382 -0.090045877 3 -0.050753843 0.078184411 -0.99564612
3 0.84080136 0.53995526 0.038747743 3 0.54091221 -0.83511823 -0.099959426 3 -0.021612585 0.10500649 -0.99423683
3 0.79671264 0.58367711 0.15674831 3 0.59835261 -0.79827625 -0.068769865 3 0.084990717 0.1485818 -0.98524112
3 0.85694134 0.47451824 0.20120598 3 0.49801439 -0.86288941 -0.086042993 3 0.13279073 0.17393795 -0.97576237
3 0.91225719 0.23357472 0.33649629 3 0.29411837 -0.94527936 -0.14121479 3 0.28509605 0.22779323 -0.93103737
3 0.66665339 0.59400243 0.45026034 3 0.63772345 -0.76725882 0.067989767 3 0.38585198 0.24181569 -0.89030522
3 0.58391738 0.56724393 0.5807538 3 0.62972379 -0.76796591 0.1169468 3 0.51233506 0.2974259 -0.80563682
3 -0.44716147 -0.89444697 -0.0033660079 3 -0.89430559 0.44715285 -0.01649596 3 0.016258541 -0.0043687955 -0.99985838
3 -0.52985746 -0.84804595 -0.0083208289 3 -0.84786922 0.52991825 -0.017451227 3 0.019209389 -0.0021907426 -0.99981308
3 -0.52993292 -0.84801835 -0.0059925457 3 -0.84802455 0.52995235 -0.0022008389 3 0.0050418912 0.0039151697 -0.99997962
3 -0.21502444 0.97660804 -0.0010722928 3 0.97659189 0.21502705 0.0056162318 3 0.0057154298 0.0001604344 -0.99998367
3 -0.060996979 0.99813795 0 3 0.99813795 0.060996979 -0 3 -0 -0 -1
3 0.52999902 -0.84799832 0 3 -0.84799832 -0.52999902 0 3 -0 -0 -1
3 0.56651092 -0.82403612 -0.0054803826 3 -0.82404029 -0.56652761 0.0020820582 3 -0.0048218435 0.0033385325 -0.99998283
3 -0.63481927 0.77182907 0.035838522 3 0.7717827 0.63562602 -0.018194746 3 -0.036823124 0.01610917 -0.99919194
3 -0.70922387 0.70291197 0.054001376 3 0.70336002 0.71070701 -0.013421694 3 -0.04781343 0.028463425 -0.99845064
3 0.98713613 0.15721902 -0.029059507 3 0.15579723 -0.98671627 -0.046025727 3 -0.035908964 0.04090637 -0.99851757
3 0.70269579 0.7105425 0.036715209 3 0.71126026 -0.70022011 -0.061648764 3 -0.018094946 0.069434792 -0.99742234
3 0.986148 0.16162558 0.037274435 3 0.16447508 -0.98191798 -0.093729585 3 0.021453364 0.098562278 -0.99489969
3 0.9756161 0.14233327 0.16707657 3 0.16634309 -0.97611034 -0.13978034 3 0.14319091 0.16416413 -0.97598481
3 0.90611601 0.33910212 0.25290981 3 0.3735503 -0.92196637 -0.10216743 3 0.19852804 0.18704969 -0.96208066
3 0.88603121 0.25427482 0.38767645 3 0.33113101 -0.93233287 -0.14528517 3 0.3245016 0.25709903 -0.91027409
3 0.84699351 0.23129906 0.47864681 3 0.33147252 -0.93370408 -0.13536116 3 0.4156056 0.27330831 -0.86751056
3 -0.33147484 -0.94346166 -0.0021445325 3 -0.94344747 0.33148164 -0.0051777288 3 0.0055957683 0.00030670292 -0.99998426
3 0.43785173 0.89904654 0.0011006986 3 0.89904195 -0.43785304 0.0029037101 3 0.0030925148 -0.00028182019 -0.99999523
3 -0.29240435 0.95629478 0 3 0.95629478 0.29240435 -0 3 -0 -0 -1
3 0.73279351 -0.6804511 0 3 -0.6804511 -0.73279351 0 3 -0 -0 -1
3 0.83956724 0.54325432 -0.0012701398 3 0.54324841 -0.83956575 -0.0032815342 3 -0.00284839 0.0020655096 -0.99999392
3 0.29621565 0.95511633 0.002986731 3 0.95464867 -0.2959694 -0.032369152 3 -0.030032329 0.012439526 -0.99947149
3 -0.26944032 0.96233147 0.036330067 3 0.9622674 0.27052712 -0.029263359 3 -0.037989326 0.02707451 -0.99891132
3 -0.3499653 0.93522841 0.053592708 3 0.93641424 0.35082239 -0.0072132554 3 -0.025547564 0.047660585 -0.99853683
3 0.998106 0.060398985 0.011677599 3 0.061139476 -0.99494827 -0.079623759 3 0.0068115625 0.080187045 -0.99675655
3 0.81759661 0.56752735 0.097203709 3 0.57420963 -0.81615317 -0.064633131 3 0.042649861 0.10865761 -0.99316388
3 0.98525321 -0.014150622 0.1705168 3 0.012146426 -0.98827577 -0.15219627 3 0.17067161 0.15202302 -0.97352982
3 0.7750684 0.54744893 0.31554499 3 0.58149439 -0.81336921 -0.017176002 3 0.24725245 0.19680081 -0.94875491
3 0.91810811 0.087583244 0.38653174 3 0.17468613 -0.96485865 -0.19629773 3 0.35575646 0.24774429 -0.90114385
3 -0.45809448 0.8889035 0 3 0.8889035 0.45809448 -0 3 -0 -0 -1
3 0.99781334 0.066093773 0 3 0.066093773 -0.99781334 0 3 -0 -0 -1
3 0.86486346 0.50200719 0 3 0.50200719 -0.86486346 0 3 -0 -0 -1
3 0.59275776 0.80531108 0.010603824 3 0.80524069 -0.59235758 -0.026459064 3 -0.015026521 0.024222441 -0.99959368
3 0.8072511 0.59020519 -0.0018956251 3 0.58945203 -0.80637515 -0.048016451 3 -0.029868141 0.037643947 -0.99884474
3 -0.13780898 0.9882139 0.066648722 3 0.99043542 0.13795739 0.0023928187 3 -0.006830066 0.066340998 -0.99777377
3 0.074343324 0.99284816 0.093410864 3 0.99703556 -0.075864263 0.012833182 3 0.019827949 0.092179894 -0.99554491
3 -0.18363056 0.97796577 0.099311776 3 0.97944099 0.1734466 0.10301356 3 0.083518445 0.11618645 -0.98970979
3 0.7793107 0.57752889 0.24317718 3 0.59868991 -0.80080521 -0.01676695 3 0.185054 0.15865429 -0.96983695
3 0.85222173 0.41650814 0.31660566 3 0.45104581 -0.89154792 -0.041231334 3 0.26509711 0.17794247 -0.94766027
3 0.94981873 0.31280088 0.00016298983 3 0.31273299 -0.94960147 -0.02133915 3 -0.0065201283 0.020319296 -0.99977237
3 0.89377844 0.44842291 0.0087750852 3 0.44834462 -0.89275104 -0.044528715 3 -0.012133729 0.043733064 -0.99896961
3 0.76069945 0.64660752 0.056880657 3 0.6490683 -0.75865775 -0.056119353 3 0.0068657491 0.079609364 -0.99680263
3 0.16820642 0.97932267 0.11240005 3 0.98486346 -0.17179856 0.023005951 3 0.041840415 0.10682896 -0.99339664
3 0.0419361 0.98825026 0.14697902 3 0.99277699 -0.057767026 0.10515167 3 0.1124067 0.14150773 -0.98353457
3 0.20012206 0.95197368 0.23172747 3 0.95103419 -0.24560273 0.18765326 3 0.23555379 0.18282714 -0.95450968
3 0.99314207 0.11691436 0.00023478828 3 0.11689604 -0.99294668 -0.01981592 3 -0.0020836326 0.019707466 -0.99980372
3 0.77446204 0.63157821 0.036295906 3 0.63260651 -0.77354747 -0.037855152 3 0.004168116 0.052278411 -0.99862379
3 0.5471276 0.83045924 0.10482851 3 0.83653396 -0.54687971 -0.033669811 3 0.029367181 0.10611429 -0.99392021
3 0.66509897 0.730901 0.15305953 3 0.74358565 -0.6670801 -0.045658845 3 0.068730861 0.14418049 -0.98716164
3 0.59804827 0.77504337 0.2040737 3 0.79090112 -0.61191285 0.0061837733 3 0.12966801 0.15770392 -0.97893602
3 0.94752228 0.29256731 -0.12886375 3 0.3196891 -0.86637104 0.38366657 3 0.00060331397 -0.40472934 -0.91443628
3 0.70998466 0.66525489 -0.23099302 3 0.7011916 -0.63744789 0.31936005 3 0.065208107 -0.38871264 -0.91904879
3 0.95544344 0.2303776 -0.18453762 3 0.28556764 -0.87963516 0.38038579 3 -0.074690752 -0.41613439 -0.90623039
3 0.94204938 0.29808658 -0.15390722 3 0.33495381 -0.86130875 0.3820383 3 -0.018680926 -0.41145065 -0.91124058
3 -0.96297836 0.21563202 -0.16178849 3 0.260874 0.89667869 -0.35764825 3 0.067951865 -0.38661394 -0.91973495
3 0.58657706 0.77436745 -0.2372393 3 0.80357778 -0.51996225 0.28965861 3 0.10094573 -0.36054856 -0.92726195
3 0.14257267 0.92977434 -0.33940065 3 0.98355812 -0.17148748 -0.056617901 3 -0.1108445 -0.32574597 -0.93893719
3 0.28539219 0.88807338 -0.36038437 3 0.95086348 -0.30946186 -0.0095893443 3 -0.12004126 -0.33993959 -0.93275458
3 -0.036464121 0.93077713 -0.36376411 3 0.98787534 -0.021393809 -0.1537669 3 -0.1509051 -0.36495811 -0.91871262
3 0.074300401 0.92198825 -0.38002247 3 0.98597699 -0.12502001 -0.11054216 3 -0.14942908 -0.36648118 -0.91834784
3 0.93069911 0.27842245 -0.23723435 3 0.34601554 -0.88045853 0.32413918 3 -0.11862656 -0.38376257 -0.91578066
3 0.93675351 0.29201084 -0.19293158 3 0.34335858 -0.87356186 0.34495541 3 -0.067809477 -0.38938367 -0.918576
3 0.87969309 0.44059783 -0.17892359 3 0.47553343 -0.81278932 0.33651367 3 0.002838139 -0.38111383 -0.92452377
3 0.81155062 0.57035524 -0.12680821 3 0.57474697 -0.74022943 0.34889314 3 0.10512629 -0.35602686 -0.92854381
3 0.8272599 0.55869824 -0.059138741 3 0.53965265 -0.76092905 0.3602252 3 0.15625931 -0.32991254 -0.93098921
3 0.84496522 0.52921176 0.077256978 3 0.47134057 -0.80512297 0.36002111 3 0.25272748 -0.26779178 -0.92974001
3 0.64163494 0.76547521 0.048501078 3 0.69413096 -0.60640925 0.38787913 3 0.32632253 -0.21521167 -0.9204334
3 -0.12988457 -0.95720887 0.25861442 3 -0.98943222 0.14207795 0.028947685 3 -0.064452372 -0.25212154 -0.96554679
3 -0.37028831 -0.89431566 0.2511692 3 -0.9272303 0.37213445 -0.041951358 3 -0.055950973 -0.24842586 -0.96703368
3 0.19638774 -0.94949734 0.24471718 3 -0.97849286 -0.17371401 0.1112427 3 -0.063113928 -0.26130041 -0.96319193
3 0.14510912 0.95021296 -0.27575108 3 0.98677009 -0.15935437 -0.029850345 3 -0.072306648 -0.26777345 -0.96076488
3 -0.058994453 0.95805299 -0.28045359 3 0.9952153 0.034525666 -0.091404647 3 -0.077887788 -0.28450161 -0.95550638
3 0.15051924 0.94009471 -0.30588555 3 0.9819411 -0.1780384 -0.063984513 3 -0.11461063 -0.29072919 -0.94991624
3 0.60389423 0.7202661 -0.3413628 3 0.783867 -0.61428523 0.090589605 3 -0.14444381 -0.32228753 -0.93555701
3 0.55579895 0.74535787 -0.36814281 3 0.81555152 -0.57471287 0.067679919 3 -0.16112985 -0.33785477 -0.92730314
3 0.68358451 0.72801143 0.052072711 3 0.66061324 -0.64747632 0.37995338 3 0.31032434 -0.22533239 -0.92353892
3 -0.84178168 -0.43016142 -0.32613599 3 -0.33178106 0.88885212 -0.31601131 3 0.42582256 -0.1578068 -0.89093888
3 -0.994111 -0.075345635 0.077886753 3 -0.093089856 0.96169275 -0.25783971 3 -0.055476055 -0.26357174 -0.96304327
3 -0.99014843 -0.10176864 0.096172802 3 -0.12334609 0.95901656 -0.25509432 3 -0.066270687 -0.26444378 -0.96212149
3 -0.13411048 -0.95861125 0.25115538 3 -0.98952013 0.14323062 0.018305253 3 -0.053520754 -0.24606833 -0.96777368
3 0.35209537 -0.91312879 0.20548677 3 -0.9343788 -0.33015013 0.13393007 3 -0.054453906 -0.23915862 -0.96945238
3 0.29006138 0.92576766 -0.24252559 3 0.95454991 -0.29802388 0.0040292442 3 -0.068548039 -0.23267075 -0.97013682
3 0.14697982 0.96089292 -0.23469497 3 0.98668075 -0.1591469 -0.033664837 3 -0.069699228 -0.22662058 -0.97148603
3 0.28833765 0.92707115 -0.23958407 3 0.95372516 -0.30033728 -0.014354751 3 -0.085263476 -0.22435698 -0.97076994
3 0.11846523 0.95827323 -0.26015079 3 0.9838267 -0.14872555 -0.099828504 3 -0.13435404 -0.24411698 -0.96039361
3 0.30470955 0.89783531 -0.3178739 3 0.9406544 -0.33603498 -0.047432847 3 -0.1494028 -0.2845538 -0.94694674
3 0.32930601 0.88254058 -0.33567789 3 0.93060052 -0.36352384 -0.042815447 3 -0.15981333 -0.29828277 -0.94100332
3 0.63208681 0.75947553 0.153828 3 0.65850973 -0.63109553 0.40997931 3 0.4084512 -0.15784326 -0.8990289
3 0.81385666 0.42599341 0.39517936 3 0.32884678 -0.8983739 0.29117718 3 0.47905755 -0.10702353 -0.87123477
3 0.67201656 0.65106601 0.35285527 3 0.52730274 -0.75525224 0.38928956 3 0.51994932 -0.075546093 -0.85085011
3 -0.99782109 -0.04617095 0.047129791 3 -0.055972062 0.97057641 -0.23419721 3 -0.034929954 -0.23632489 -0.97104603
3 -0.85873485 -0.49096569 0.14672138 3 -0.51136827 0.83942914 -0.18401426 3 -0.032817487 -0.23304811 -0.97191131
3 -0.88689744 -0.44201541 0.13429534 3 -0.46035111 0.86991602 -0.17698249 3 -0.038596664 -0.21878834 -0.97500867
3 0.29619083 0.93108952 -0.21293937 3 0.95427537 -0.29789996 0.024777431 3 -0.04036437 -0.21054086 -0.97675133
3 0.29423496 0.93316287 -0.20647712 3 0.95415151 -0.29923531 0.0073105656 3 -0.054962669 -0.1991595 -0.97842473
3 0.77711624 -0.62642682 0.060660325 3 -0.62566257 -0.75852925 0.18215264 3 -0.068092063 -0.17950718 -0.98139727
3 0.84229219 -0.53823155 0.029165603 3 -0.53318661 -0.8240146 0.19160362 3 -0.079096414 -0.17693555 -0.98103899
3 0.56040514 0.79752117 -0.22339645 3 0.81899881 -0.57376164 0.006195575 3 -0.12323533 -0.18643363 -0.9747079
3 0.7092967 0.56082165 0.42705649 3 0.46596482 -0.82761812 0.31293014 3 0.52893889 -0.022966063 -0.84834921
3 0.2389611 0.95337403 0.1843242 3 0.78625047 -0.30136544 0.53943384 3 0.56983107 0.016020492 -0.82160562
3 -0.60135972 0.78299105 -0.15903212 3 0.79702967 0.57399684 -0.18780586 3 -0.0557664 -0.23969227 -0.96924591
3 -0.96433997 -0.24905299 0.08956106 3 -0.2627489 0.94153774 -0.21087836 3 -0.031805232 -0.22689046 -0.97340071
3 -0.95757806 0.28505367 -0.042291328 3 0.28722048 0.93214875 -0.22046107 3 -0.023421431 -0.22325565 -0.97447854
3 -0.73313451 -0.659531 0.16592976 3 -0.67950171 0.72046101 -0.13861175 3 -0.028127167 -0.21437061 -0.97634727
3 0.48345071 0.8571586 -0.17763595 3 0.87403917 -0.48386317 0.043951571 3 -0.048276704 -0.17650685 -0.98311472
3 0.70034683 -0.71027428 0.070885874 3 -0.71061736 -0.68440378 0.16313893 3 -0.06736014 -0.16462521 -0.98405337
3 0.64380056 -0.76118237 0.078245498 3 -0.76202065 -0.62846822 0.15605265 3 -0.069608063 -0.16009341 -0.98464453
3 0.41290519 0.86011159 0.29952851 3 0.72388917 -0.50950497 0.46517631 3 0.55271405 0.024750113 -0.83300328
3 0.62930155 0.58630168 0.51012725 3 0.49691635 -0.80824554 0.31593195 3 0.5975405 0.054674983 -0.79997241
3 -0.73466885 0.66953248 -0.10948935 3 0.67788512 0.71801788 -0.15786704 3 -0.027081795 -0.19020121 -0.98137146
3 -0.951518 -0.29728401 0.078966588 3 -0.30671123 0.93641657 -0.17044668 3 -0.023274543 -0.18640302 -0.98219758
3 -0.7421577 -0.65607786 0.13698083 3 -0.67004365 0.73105228 -0.12885651 3 -0.015600234 -0.18741499 -0.98215693
3 0.29699749 0.93856293 -0.17576137 3 0.95466012 -0.29578966 0.033650547 3 -0.02040535 -0.17778686 -0.98385739
3 0.33605957 -0.93382877 0.12258763 3 -0.94148767 -0.32951251 0.070869207 3 -0.025786567 -0.13922821 -0.98992455
3 0.99629605 -0.07713858 -0.037999783 3 -0.071777992 -0.98936838 0.12648354 3 -0.047352541 -0.12328748 -0.9912405
3 0.66128516 0.48173741 0.57500535 3 0.44269067 -0.86944389 0.21930033 3 0.60558009 0.10952953 -0.78821075
3 0.57946855 0.56590688 0.58648592 3 0.50071335 -0.81499255 0.29167324 3 0.64304113 0.12464551 -0.75561988
3 0.75076163 0.36611411 0.54983395 3 0.35747194 -0.92512429 0.12790194 3 0.55549151 0.10052636 -0.82542336
3 -0.7406643 -0.15976268 -0.65260434 3 -0.22334385 0.97462618 0.014884852 3 0.63366717 0.15677983 -0.75755268
3 0.63792413 0.53784233 0.55116105 3 0.52053517 -0.82859427 0.20609428 3 0.56753504 0.15542617 -0.80854607
3 -0.63362432 -0.38611138 -0.67040139 3 -0.42343101 0.89831841 -0.11717576 3 0.64747697 0.20962338 -0.73268807
3 0.48537838 0.57455587 0.65900958 3 0.60965741 -0.76269037 0.21592054 3 0.62667853 0.29696685 -0.72047549
3 0.80315089 0.0077998042 0.5957247 3 0.1903431 -0.95086861 -0.24416924 3 0.56455135 0.30949679 -0.76517552
3 -0.76812834 0.027165081 -0.63971943 3 -0.17421174 0.95254159 0.24962953 3 0.61613983 0.30319417 -0.72694224
3 0.78838831 0.14211719 0.59853703 3 0.29569906 -0.94072545 -0.1661258 3 0.53945029 0.3079586 -0.78368038
3 0.63382936 0.34249324 0.69351202 3 0.48641431 -0.87363029 -0.013108954 3 0.60138321 0.34564292 -0.72032601
3 -0.021995306 -0.94765067 -0.31855041 3 -0.90569794 0.15381187 -0.3950358 3 0.42335281 0.2798216 -0.86166841
3 0.84835744 -0.02757165 0.52870536 3 0.13577229 -0.95391464 -0.26760545 3 0.51171952 0.2988086 -0.80551636
3 0.90547466 0.15176415 0.39633736 3 0.21407223 -0.96969366 -0.11775889 3 0.36645418 0.1914725 -0.91052157
3 0.84296882 0.058046646 0.53482169 3 0.18526411 -0.96467274 -0.187307 3 0.50505656 0.25697729 -0.82394212
3 0.67832214 0.60103863 0.42264831 3 0.62689626 -0.77343988 0.093765035 3 0.38324946 0.20135374 -0.90143031
3 -0.61674005 -0.47640285 -0.62663549 3 -0.53749847 0.83645988 -0.10691229 3 0.57508814 0.27087808 -0.77194476
3 0.7543503 0.63698137 0.15877746 3 0.65193349 -0.75528455 -0.067289546 3 0.077059977 0.15427224 -0.98501867
3 0.9367401 0.23693219 0.25764531 3 0.27383232 -0.95453668 -0.11779466 3 0.21802254 0.1808946 -0.95903248
3 0.34948575 0.86668801 0.3559657 3 0.87508655 -0.43769249 0.20651586 3 0.33478835 0.23932646 -0.9113943
3 -0.05092594 0.96395308 0.26115325 3 0.89479572 -0.072098918 0.44061595 3 0.44356197 0.25611758 -0.85886937
3 -0.79568928 0.2663033 -0.5440231 3 0.042438686 0.92046875 0.38850528 3 0.60421652 0.28604186 -0.74370861
3 0.93783009 0.25220984 0.23846397 3 0.28876352 -0.94813758 -0.13285646 3 0.1925889 0.19345646 -0.96202081
3 0.45354462 0.77823681 0.43433264 3 0.82850498 -0.54776508 0.11633249 3 0.32844645 0.30708477 -0.89320886
3 0.58768499 0.61665338 0.52379858 3 0.67631787 -0.72974849 0.10030574 3 0.44409513 0.29530621 -0.84591591
3 0.45444027 0.75705755 0.46941227 3 0.8103255 -0.57019085 0.13511097 3 0.36994135 0.31897688 -0.87258077
3 0.70682949 0.47757888 0.52183378 3 0.57699716 -0.81600678 -0.034744844 3 0.40922645 0.32565528 -0.85233933
3 0.85106152 0.42709011 -0.30543149 3 0.51387912 -0.79694301 0.31750584 3 -0.10780896 -0.42717239 -0.8977198
3 0.72554857 0.58512574 -0.36222532 3 0.68007624 -0.69014513 0.24737822 3 -0.1052413 -0.42582622 -0.89866358
3 0.75279641 0.57655931 -0.31761131 3 0.6556319 -0.69976211 0.28368947 3 -0.058686785 -0.42179516 -0.90478981
3 0.69651932 0.64906824 -0.30589437 3 0.71752942 -0.63213676 0.29249713 3 -0.0035180678 -0.42321953 -0.90602028
3 0.83831525 0.50870681 -0.19607389 3 0.5440942 -0.75790882 0.35991058 3 0.034482807 -0.40840116 -0.91215092
3 0.29588363 -0.87724656 0.37800968 3 -0.94879496 -0.31573614 0.0099321976 3 0.11063834 -0.36159247 -0.92574835
3 0.31367135 -0.8761273 0.36607549 3 -0.94043779 -0.33988032 -0.0076214895 3 0.13109925 -0.34188059 -0.93055391
3 -0.61895144 0.73404193 -0.27943087 3 0.7779876 0.52411771 -0.34646195 3 -0.10786321 -0.43183652 -0.89547902
3 -0.50420362 0.8031534 -0.31736934 3 0.8557139 0.41514257 -0.30888578 3 -0.11632951 -0.42731813 -0.89658618
3 0.8819021 0.36653319 -0.29648295 3 0.45484298 -0.82690686 0.33067051 3 -0.12396146 -0.42647195 -0.89596611
3 0.93022305 0.27119911 -0.24725743 3 0.34903374 -0.86195743 0.36770239 3 -0.11340397 -0.42834613 -0.89647043
3 0.083860487 -0.90107608 0.42547536 3 -0.99121171 -0.031593449 0.12845725 3 -0.10230753 -0.43250865 -0.89580667
3 0.95726275 0.23529556 -0.1681788 3 0.28411338 -0.8738206 0.39461002 3 -0.054109573 -0.42552763 -0.90332621
3 0.6873889 0.66970098 -0.28106445 3 0.72616667 -0.62660336 0.28293163 3 0.013362965 -0.39858434 -0.91703433
3 0.8276059 0.5352419 -0.16906956 3 0.55800003 -0.75185788 0.35120621 3 0.06086475 -0.38500071 -0.9209072
3 -0.056506544 -0.94207144 0.33061817 3 -0.99115098 0.013093144 -0.13209146 3 0.12011077 -0.33515659 -0.93447495
3 0.86083591 0.50823611 -0.025646314 3 0.48371488 -0.80156857 0.35143703 3 0.15805376 -0.31493619 -0.93586016
3 0.43339217 -0.84075338 0.32450739 3 -0.87472093 -0.47909191 -0.073036648 3 0.21687466 -0.25219989 -0.94305921
3 -0.35454324 -0.85000932 0.38959366 3 -0.93213212 0.35413158 -0.075632684 3 -0.073678918 -0.38996783 -0.91787601
3 -0.53127384 -0.76332378 0.36753902 3 -0.84492743 0.50914705 -0.1639113 3 -0.062013995 -0.39762557 -0.91544968
3 -0.54276943 -0.75644159 0.36496243 3 -0.83819067 0.51542467 -0.17825289 3 -0.053272694 -0.40265822 -0.91379893
3 -0.46356431 -0.7956984 0.38983613 3 -0.88430154 0.44319126 -0.14694387 3 -0.055848982 -0.41285062 -0.90908492
3 -0.30355391 -0.86245972 0.4049916 3 -0.95106024 0.30004084 -0.073890164 3 -0.057787035 -0.40760192 -0.91132939
3 0.14031325 0.90128142 -0.40988287 3 0.98676062 -0.16130148 -0.016888812 3 -0.081336282 -0.40208653 -0.91198176
3 -0.34659743 -0.84544903 0.40630785 3 -0.93261546 0.35700125 -0.052708216 3 -0.10049095 -0.39719912 -0.91221386
3 -0.53331953 0.79702151 -0.28341991 3 0.83660501 0.44739655 -0.3161144 3 -0.12514906 -0.40570033 -0.90539771
3 0.83199745 0.44852984 -0.32649839 3 0.53945452 -0.79144573 0.2874065 3 -0.12949766 -0.41525376 -0.90044135
3 0.84502786 0.43558109 -0.31015632 3 0.52250946 -0.79589057 0.30584621 3 -0.1136298 -0.42050827 -0.90014499
3 0.98266411 0.11730037 -0.14356832 3 0.16662487 -0.89832085 0.4065167 3 -0.081284188 -0.42339122 -0.90229309
3 0.99137032 0.095973298 -0.089297518 3 0.12447481 -0.90283656 0.41157272 3 -0.041123327 -0.41913649 -0.90699142
3 0.97147131 0.23194057 -0.049467042 3 0.23240186 -0.88949424 0.39343271 3 0.047254473 -0.39370435 -0.91802174
3 0.87791675 0.46469086 -0.11543212 3 0.47208878 -0.79979527 0.37075555 3 0.079962127 -0.37998804 -0.9215287
3 0.57120132 0.80161268 -0.17648281 3 0.80352557 -0.50220335 0.31959081 3 0.16755806 -0.3243587 -0.93097556
3 0.88307148 0.46237779 0.079946905 3 0.41183656 -0.8453688 0.34020886 3 0.22488722 -0.26750496 -0.93694544
3 0.86957812 0.46385518 0.169329 3 0.40523657 -0.86630398 0.29206288 3 0.28216368 -0.18535404 -0.94129032
3 0.65956289 0.74524891 0.097882017 3 0.68424988 -0.64920467 0.33216769 3 0.31109393 -0.15210871 -0.93812764
3 0.047660619 -0.94467402 0.32452995 3 -0.99308592 -0.0099189319 0.11697204 3 -0.10728144 -0.32786104 -0.93861496
3 -0.30877748 -0.87823427 0.36518618 3 -0.94803244 0.31516388 -0.043658152 3 -0.076751441 -0.35968912 -0.92991012
3 -0.37748533 -0.85321277 0.35990667 3 -0.92371488 0.37432426 -0.081439331 3 -0.06523677 -0.36319336 -0.92942721
3 -0.76223648 -0.58334816 0.28053582 3 -0.64457899 0.7237308 -0.24643759 3 -0.059273507 -0.36867127 -0.92766809
3 0.30699021 0.87435484 -0.37584662 3 0.94966555 -0.30731916 0.060748294 3 -0.062388781 -0.37557623 -0.92468923
3 0.40773702 0.83591485 -0.36741939 3 0.91094494 -0.40001601 0.1008293 3 -0.062688969 -0.37581074 -0.9245736
3 0.14160898 0.90786672 -0.39461997 3 0.98666209 -0.1617713 -0.018109981 3 -0.080279306 -0.38678995 -0.91866684
3 -0.0061415969 0.91901511 -0.39417443 3 0.99541593 -0.032004014 -0.090126634 3 -0.095442913 -0.39291981 -0.91460633
3 0.004478178 0.91580343 -0.40160167 3 0.99100113 -0.057790477 -0.12073365 3 -0.13377707 -0.39744851 -0.90782052
3 -0.21288271 0.90545511 -0.36719483 3 0.96748579 0.14281133 -0.20874952 3 -0.13657337 -0.39969641 -0.90641636
3 0.93549901 0.25975338 -0.23951991 3 0.3334682 -0.87315977 0.3555153 3 -0.11679501 -0.41245708 -0.90345901
3 -0.3537879 -0.90984988 0.21681197 3 -0.91335529 0.2861208 -0.28968462 3 0.20153508 -0.30051327 -0.93224221
3 0.93073779 0.32786578 0.16196057 3 0.26449057 -0.90939796 0.32099855 3 0.25253138 -0.25592831 -0.93312836
3 0.53964651 0.84062707 0.046126395 3 0.76885432 -0.51441133 0.3797946 3 0.34299362 -0.16949034 -0.92392015
3 -0.89712465 -0.23555672 -0.37373838 3 -0.18017942 0.96752304 -0.17729823 3 0.40336433 -0.091718644 -0.91043127
3 -0.15282358 -0.93715602 0.31366122 3 -0.98333329 0.17583176 0.046245057 3 -0.098490454 -0.30136621 -0.94840813
3 -0.064917557 -0.9497934 0.30606896 3 -0.99431062 0.087524578 0.060711958 3 -0.084452376 -0.3003864 -0.95007151
3 -0.4867382 -0.81925023 0.30317494 3 -0.8710736 0.48129454 -0.09791103 3 -0.065702803 -0.31174472 -0.94789165
3 -0.50729859 -0.80884629 0.29734802 3 -0.85942596 0.50028265 -0.10537764 3 -0.063523732 -0.30900654 -0.94893616
3 -0.33899331 -0.88345575 0.32340303 3 -0.93917108 0.33793801 -0.061283968 3 -0.055147752 -0.32450366 -0.94427544
3 -0.0042717671 0.94774121 -0.3190113 3 0.99722338 -0.019679915 -0.071819939 3 -0.074344829 -0.31843466 -0.94502497
3 0.14359006 0.91908318 -0.36697155 3 0.98488951 -0.16899249 -0.037871614 3 -0.096822828 -0.35598993 -0.92946029
3 -0.011279925 0.93086666 -0.36518481 3 0.99399424 -0.029316973 -0.10543258 3 -0.10884977 -0.36418235 -0.92494488
3 0.012523669 0.91828686 -0.39571762 3 0.99142021 -0.062899075 -0.11458468 3 -0.13011186 -0.39088568 -0.91119659
3 0.62205487 0.67587745 -0.39526865 3 0.77006525 -0.61940706 0.15275581 3 -0.1415882 -0.39940542 -0.90577489
3 0.53071153 0.8475244 -0.006895266 3 0.78080243 -0.48573393 0.39295056 3 0.32968584 -0.21392743 -0.91953379
3 0.83737874 0.42230564 0.34706581 3 0.34480107 -0.90075356 0.26411194 3 0.42415503 -0.10149396 -0.89988416
3 -0.84730166 -0.28733706 -0.44667387 3 -0.23702103 0.95719379 -0.16613676 3 0.4752906 -0.034896836 -0.87913662
3 -0.6043005 -0.75083637 0.26658162 3 -0.79151982 0.60402715 -0.092993163 3 -0.09119989 -0.26720044 -0.95931572
3 -0.58108091 -0.76866782 0.26738459 3 -0.80923504 0.5806371 -0.089436576 3 -0.086506419 -0.26834694 -0.95943028
3 0.48291662 -0.85272944 0.19910769 3 -0.87251979 -0.44931921 0.19188914 3 -0.074166633 -0.26639187 -0.96100718
3 0.45679173 -0.86531723 0.20631871 3 -0.88783407 -0.42896968 0.16654044 3 -0.055605851 -0.25925106 -0.96420795
3 0.52801746 -0.82571787 0.19846299 3 -0.84760964 -0.49796924 0.18326119 3 -0.052493565 -0.26498425 -0.96282285
3 0.62338823 0.72025764 0.30432874 3 0.59713113 -0.689803 0.40939736 3 0.50479865 -0.073489144 -0.86010331
