ply
format ascii 1.0
comment PCL generated
element vertex 2850
property list uint float x_axis
property list uint float y_axis
property list uint float z_axis
element camera 1
property float view_px
property float view_py
property float view_pz
property float x_axisx
property float x_axisy
property float x_axisz
property float y_axisx
property float y_axisy
property float y_axisz
property float z_axisx
property float z_axisy
property float z_axisz
property float focal
property float scalex
property float scaley
property float centerx
property float centery
property int viewportx
property int viewporty
property float k1
property float k2
end_header
3 0.51872367 -0.85012329 0.09064348 3 -0.84518605 -0.49394274 0.20416044 3 -0.12878884 -0.18251345 -0.97473204
3 -0.58362859 0.78406751 -0.21122526 3 0.80819917 0.53567731 -0.24467221 3 -0.078690946 -0.31350964 -0.94631904
3 0.95657939 0.27163771 0.10568197 3 0.21801218 -0.90746188 0.35914272 3 0.19345911 -0.3205086 -0.92727977
3 0.89651495 0.27637267 0.34623581 3 0.11217226 -0.89769191 0.42610669 3 0.42857724 -0.34317294 -0.83579546
3 0.64258879 -0.65402102 -0.39916924 3 -0.73048854 -0.68014413 -0.061565816 3 -0.23122731 0.33115008 -0.91480792
3 -0.6912815 0.68636531 0.22590412 3 0.72239882 0.66356832 0.19446613 3 -0.01642802 0.29762369 -0.95454186
3 -0.6491546 0.75632399 -0.081069648 3 0.73855442 0.60119724 -0.3051219 3 -0.18203217 -0.25794563 -0.94885641
3 0.51700294 -0.83521819 -0.18739982 3 -0.85101038 -0.47796413 -0.21755914 3 0.092138946 0.27195787 -0.95788807
3 -0.9520157 0.1238285 0.27987939 3 0.12015449 0.99229211 -0.030316904 3 -0.28147623 0.0047665979 -0.95955634
3 -0.15501492 0.94355309 -0.29270807 3 0.97939765 0.10796209 -0.17065908 3 -0.12942451 -0.31313232 -0.94084936
3 0.31850094 -0.82153571 0.47290206 3 -0.94549036 -0.31104267 0.096440442 3 0.067863442 -0.4778406 -0.87582135
3 0.97670126 0.1334905 0.16803268 3 0.018944025 -0.83356482 0.55209702 3 0.21376584 -0.53605062 -0.81667262
3 -0.23981619 -0.82361841 0.51394665 3 -0.85670626 -0.069483593 -0.51110363 3 0.45666507 -0.56287211 -0.68893552
3 -0.90085292 -0.18041867 0.39485842 3 -0.087048441 0.96614903 0.24285534 3 -0.42530772 0.18440512 -0.88606328
3 0.0082175434 -0.95897317 -0.28337774 3 -0.90910685 -0.12519436 0.39730501 3 -0.41648215 0.25435573 -0.87283784
3 -0.8686052 -0.21609259 0.4459022 3 0.017282322 0.88613546 0.46310341 3 -0.49520311 0.40996033 -0.76596749
3 -0.64987481 0.7451213 -0.14985658 3 0.72932702 0.66685534 0.15292521 3 0.21388048 -0.0099122096 -0.97680956
3 -0.56094414 0.79786384 -0.22080521 3 0.76087403 0.60198176 0.24225712 3 0.32620975 -0.032113425 -0.94475174
3 -0.07862065 0.82620454 0.55785722 3 0.96193171 0.20979252 -0.1751413 3 -0.26173687 0.52285087 -0.81124651
3 0.15488079 0.9085598 0.38798356 3 0.98789573 -0.14586423 -0.052784979 3 0.0086346101 0.39146259 -0.92015374
3 -0.59767497 0.78151977 -0.17891733 3 0.74649638 0.62386245 0.23138443 3 0.29245225 0.0047303578 -0.95626843
3 0.9275409 -0.0094294101 0.3736029 3 -0.090298787 -0.97571671 0.19955783 3 0.36264879 -0.21883389 -0.90586847
3 0.51786453 -0.85546184 0.0011304654 3 -0.84988129 -0.51463604 -0.11336337 3 0.097559825 0.057746116 -0.99355286
3 -0.062292308 0.92887616 0.36511484 3 0.96034831 0.1553923 -0.23148304 3 -0.2717551 0.33621782 -0.90172434
3 -0.95681906 0.26952001 0.10888649 3 0.28541091 0.94208735 0.17610271 3 -0.055117365 0.19957583 -0.97833109
3 -0.72400618 0.68889803 -0.035136051 3 0.68284929 0.72299665 0.10484586 3 0.09763135 0.051916428 -0.99386758
3 -0.019252896 0.99946862 -0.026303932 3 0.96243209 0.025653414 0.27030858 3 0.27083969 -0.020111496 -0.9624145
3 -0.65846688 0.62972963 -0.41214314 3 0.60520017 0.76857442 0.20742747 3 0.44738591 -0.11284502 -0.88719326
3 0.34810573 -0.86575407 -0.35957226 3 -0.93745422 -0.32094142 -0.13481805 3 0.001318178 0.38401213 -0.92332697
3 -0.82886952 -0.24327019 0.50378078 3 -0.19800395 0.96978438 0.14252268 3 -0.5232302 0.018382093 -0.85199302
3 -0.6286093 -0.58723474 0.50990766 3 -0.72525179 0.67936313 -0.11169553 3 -0.28082091 -0.44002423 -0.85294688
3 -0.91405368 -0.37924045 0.14381416 3 -0.34358206 0.91242349 0.22233874 3 -0.21553925 0.15381759 -0.96430433
3 -0.91293526 0.40661752 0.034805201 3 0.39344627 0.89959008 -0.18957202 3 -0.10839372 -0.159373 -0.98124963
3 -0.58433759 -0.75635916 0.29405811 3 -0.81093621 0.55786997 -0.17653123 3 -0.030525221 -0.3416163 -0.93934363
3 -0.54436439 -0.5672878 0.6179418 3 -0.82972807 0.25579822 -0.49610367 3 0.12336514 -0.7827847 -0.60994202
3 -0.85796559 -0.43993172 0.26524574 3 -0.30443767 0.85133016 0.42726463 3 -0.4137789 0.28582749 -0.86434364
3 0.18005395 -0.92024881 0.34745142 3 -0.96725094 -0.10139564 0.23268902 3 -0.17890179 -0.37796935 -0.90836841
3 -0.014327228 -0.90556133 0.42397356 3 -0.99398154 0.058954984 0.092332065 3 -0.10860769 -0.42009893 -0.9009558
3 -0.18744984 0.77900952 -0.59833676 3 0.7938931 0.47885826 0.37473881 3 0.57844353 -0.40477064 -0.70821202
3 0.54326349 -0.69451022 0.47172052 3 -0.6909982 -0.68900466 -0.21861818 3 0.47685027 -0.2071908 -0.85421646
3 -0.89196861 -0.40132546 0.20815843 3 -0.15855223 0.70887136 0.68728656 3 -0.42338315 0.58003402 -0.69592202
3 -0.0084402636 -0.90705991 0.42091668 3 -0.86378992 -0.20545165 -0.46006152 3 0.5037815 -0.36746672 -0.7817753
3 -0.78307027 0.54759163 0.29486331 3 0.611175 0.76534283 0.20178038 3 -0.11517829 0.33822128 -0.93399155
3 -0.76283038 0.64381224 0.059964076 3 0.64597452 0.75473583 0.11441527 3 0.02840491 0.12601469 -0.99162161
3 0.4368504 -0.77451611 0.45747834 3 -0.78094047 -0.57894301 -0.23442969 3 0.4464235 -0.25485268 -0.85776252
3 -0.97642547 -0.021258326 0.21480531 3 0.085345373 0.87602985 0.47464526 3 -0.19826604 0.4817884 -0.85356361
3 -0.60910231 0.7864219 0.10264023 3 0.75353754 0.5334965 0.38413903 3 0.24733713 0.31132323 -0.91755235
3 -0.059664592 0.97857231 0.197069 3 0.93164641 -0.016299017 0.36300009 3 0.35843393 0.20525691 -0.91071105
3 -0.88702625 -0.45898584 -0.050164297 3 -0.37682864 0.65687305 0.65308344 3 -0.26680449 0.59820551 -0.75562263
3 0.15654194 0.81227297 0.5618782 3 0.98653668 -0.10133275 -0.12836328 3 -0.047329362 0.57440782 -0.81720001
3 0.14599583 0.82824773 0.54100907 3 0.98797274 -0.15022726 -0.036625098 3 0.050939664 0.5398494 -0.84021878
3 -0.65749907 0.72107744 0.21850017 3 0.72755212 0.53222537 0.43290195 3 0.19586445 0.44360289 -0.8745591
3 -0.99509072 -0.097258173 -0.018302202 3 -0.021569215 0.39362621 -0.91901726 3 0.09658622 -0.91411108 -0.39379171
3 -0.34259146 -0.78335935 0.51863223 3 -0.93944478 0.28055668 -0.19680431 3 0.0086627798 -0.55464971 -0.832039
3 0.96749008 0.024144769 0.25175428 3 -0.16127342 -0.70789105 0.68766379 3 0.19481798 -0.70590901 -0.68098348
3 -0.13643813 -0.72777355 0.67210889 3 -0.91110891 -0.17417528 -0.37355578 3 0.38892874 -0.66333163 -0.63931674
3 0.78881341 -0.17161542 0.59018767 3 -0.33692646 -0.92383516 0.18168414 3 0.51405632 -0.34216475 -0.78655535
3 0.5166195 0.73719525 0.43548536 3 0.78075057 -0.19681667 -0.59303635 3 -0.3514728 0.64637953 -0.6772449
3 -0.95680761 -0.096788973 0.27413777 3 0.067670949 0.84290534 0.53379011 3 -0.28273711 0.52928537 -0.7999481
3 -0.2506997 -0.94010431 0.23098375 3 -0.77328658 0.050929621 -0.63200784 3 0.58238941 -0.33706087 -0.73973811
3 -0.27498305 -0.86708999 -0.41537854 3 -0.85682046 0.025012076 0.51500821 3 -0.436169 0.49752334 -0.74981833
3 -0.31934518 -0.94678134 -0.040295973 3 -0.69943792 0.26418102 -0.66407448 3 0.63937873 -0.18388444 -0.74657971
3 -0.2498052 -0.86104614 -0.44294113 3 -0.86671007 -0.0051379055 0.49878559 3 -0.43175322 0.50850081 -0.74499393
3 0.62593025 -0.71966469 0.30048984 3 -0.60687029 -0.69146264 -0.39190271 3 0.48981601 0.062945358 -0.86955041
3 0.47461879 0.78702021 0.39412749 3 0.83067358 -0.54857576 0.09511368 3 0.2910651 0.28224847 -0.91412097
3 0.85717809 -0.46891984 0.21297912 3 -0.42227057 -0.87664515 -0.2306104 3 0.29484484 0.10773934 -0.94945186
3 -0.98247832 -0.16381811 -0.088883117 3 -0.15572809 0.98356068 -0.091418698 3 0.10239796 -0.075975277 -0.99183792
3 -0.97728086 -0.11221784 -0.17980348 3 -0.069086507 0.97066391 -0.23030086 3 0.20037264 -0.21264662 -0.95636404
3 -0.97489315 0.20918196 -0.076329187 3 0.20964377 0.97777563 0.0020011589 3 0.075051427 -0.014051023 -0.99708056
3 0.7190066 -0.63441205 0.28381485 3 -0.64063966 -0.76331383 -0.083263218 3 0.26946303 -0.12195629 -0.95525718
3 0.9443481 0.17813843 -0.27653742 3 -0.26388302 -0.091673121 -0.96018809 3 -0.19639751 0.97972572 -0.039563656
3 -0.36492607 0.19536139 -0.9103092 3 -0.93055522 -0.1079642 0.34987214 3 -0.029929291 0.97477055 0.22119355
3 -0.18384224 -0.31141096 -0.93232244 3 -0.81286776 -0.48512912 0.32232836 3 -0.5526734 0.81711251 -0.16394876
3 -0.50400752 -0.81369293 0.28962123 3 -0.57058728 0.061952457 -0.81889725 3 0.64838797 -0.57798439 -0.49550724
3 0.83061504 0.454202 -0.3221482 3 -0.0089776665 -0.56752366 -0.82330859 3 -0.55677491 0.68674445 -0.46731591
3 -0.42011634 -0.82882881 0.36951986 3 -0.55262733 -0.089315251 -0.82862878 3 0.71979529 -0.55232728 -0.42051071
3 0.68413049 -0.14835614 -0.7141121 3 -0.51575792 -0.79069674 -0.32983759 3 -0.51571256 0.59396082 -0.61745554
3 0.79941738 0.52044994 -0.30010659 3 -0.076611653 -0.40714079 -0.91014695 3 -0.59587139 0.75057876 -0.28560284
3 -0.53820407 -0.82907301 0.15157285 3 -0.54938328 0.20872164 -0.80908185 3 0.63915139 -0.51872271 -0.56781369
3 -0.73644018 -0.67648095 0.0054210201 3 -0.37508246 0.41497016 0.82892287 3 -0.56300014 0.60841876 -0.55933684
3 0.54021072 -0.29046136 0.78981304 3 -0.49244672 -0.87018037 0.016802996 3 0.68239915 -0.39801797 -0.61311752
3 0.76969796 0.31550971 0.5549944 3 0.078503177 -0.90951937 0.40818149 3 0.6335634 -0.27060759 -0.72482359
3 -0.85446113 -0.48299566 0.1913406 3 -0.19869377 0.64412934 0.73865956 3 -0.48001751 0.5931378 -0.64635181
3 0.8726815 0.03018263 0.48735616 3 -0.12850985 -0.94870412 0.28886998 3 0.47107562 -0.31472155 -0.82403779
3 -0.47146314 0.51707381 0.71439284 3 0.87227833 0.39266902 0.29144773 3 -0.12981997 0.76055628 -0.63616127
3 -0.14524046 0.64741915 0.74816686 3 0.98695254 0.14792168 0.063592926 3 -0.069498807 0.74764138 -0.6604563
3 0.94041926 0.28738242 0.18172209 3 0.33233488 -0.66391867 -0.6698997 3 -0.071868755 0.69037914 -0.71986914
3 0.44487205 0.79837042 0.40582472 3 0.89261544 -0.35833126 -0.27356291 3 -0.07298483 0.48394582 -0.87204915
3 -0.61425889 0.78444916 0.085588589 3 0.78812301 0.60446757 0.11610758 3 0.039344966 0.13877447 -0.98954213
3 0.61790496 -0.7281667 0.29659212 3 -0.74226445 -0.66464555 -0.085382752 3 0.25930145 -0.16739133 -0.95117986
3 0.50116074 0.83085221 0.24191459 3 0.81386089 -0.3575508 -0.45802635 3 -0.2940554 0.42642957 -0.8553884
3 0.91740078 -0.29539463 0.2666792 3 -0.33488488 -0.93505484 0.11629501 3 0.21500674 -0.19599596 -0.9567433
3 -0.96622109 0.091488272 0.24092868 3 0.16562477 0.93668312 0.3085337 3 -0.19744666 0.33801556 -0.92019576
3 0.54157668 -0.83966923 0.040624566 3 -0.83387214 -0.54270643 -0.10063346 3 0.10654603 0.020625038 -0.99409384
3 0.54319626 -0.78975767 0.28499228 3 -0.79497176 -0.59298295 -0.12802857 3 0.27010712 -0.15701619 -0.94994122
3 0.84553671 0.4842416 0.22489513 3 0.3006627 -0.77992481 0.54892564 3 0.44121385 -0.39651915 -0.80504841
3 0.36907396 -0.76067328 -0.53400439 3 -0.88973951 -0.45523572 0.033531487 3 -0.26860434 0.46274915 -0.84481663
3 -0.25351536 0.93737686 0.23886138 3 0.96352166 0.26659137 -0.023566063 3 -0.085768647 0.22417372 -0.97076774
3 0.69435281 -0.70833689 -0.12701681 3 -0.71948165 -0.67966223 -0.14284956 3 0.014857103 0.1905742 -0.98156053
3 0.64585912 -0.67502755 0.35665655 3 -0.70247877 -0.70838761 -0.068634182 3 0.29898101 -0.20621561 -0.93171108
3 0.42364252 0.88528192 0.19184129 3 0.88877869 -0.36534071 -0.27676475 3 -0.17492738 0.28775373 -0.94159347
3 0.10461262 0.99216086 0.068360515 3 0.99283069 -0.10019211 -0.065182723 3 -0.057822555 0.074689351 -0.995529
3 -0.56430447 0.77095085 -0.2952885 3 0.78673631 0.61059207 0.090682954 3 0.25021294 -0.18114144 -0.95109481
3 0.8011058 -0.45750347 -0.38590169 3 -0.56354421 -0.79375464 -0.22884846 3 -0.20161849 0.40080801 -0.89370185
3 -0.70958585 0.67375129 0.2062697 3 0.70433259 0.68656993 0.18038058 3 -0.020086914 0.27327797 -0.96172529
3 -0.028145552 0.99879438 -0.040221244 3 0.96171051 0.038030423 0.27141631 3 0.27261868 -0.031042039 -0.96162134
3 0.86423397 -0.35033676 0.36105967 3 -0.34970871 -0.93427968 -0.069468781 3 0.36166808 -0.066228405 -0.92995179
3 0.26965407 0.88421106 0.38138887 3 0.96138012 -0.224539 -0.15915565 3 -0.055090502 0.40957668 -0.9106108
3 0.089922428 -0.91506499 -0.39315385 3 -0.99593645 -0.080656812 -0.040062681 3 0.0049494221 0.3951588 -0.91859949
3 -0.55159849 0.67739993 -0.48669145 3 0.67080402 0.70704925 0.22383919 3 0.49574339 -0.20300515 -0.84440976
3 -0.68748969 -0.29695237 -0.66270435 3 0.3799853 0.63057095 -0.67675048 3 0.61884487 -0.71707702 -0.32067353
3 0.37052277 0.73534787 -0.5674296 3 0.63691187 0.24351214 0.73146778 3 0.67605931 -0.63242811 -0.37812498
3 0.46616277 0.86379367 -0.19118764 3 0.53836399 -0.10548379 0.83608449 3 0.70203733 -0.49268004 -0.51420802
3 -0.61727309 -0.61452633 -0.49125484 3 -0.7399534 0.2413355 0.62787431 3 -0.26728803 0.75107563 -0.60369074
3 -0.74075383 -0.67173433 0.007540673 3 -0.48612338 0.52825689 -0.69615281 3 0.46364629 -0.5193435 -0.71785402
3 -0.19564918 0.97482586 -0.10693863 3 0.87180406 0.12295569 -0.47417247 3 -0.44908693 -0.18600099 -0.87391341
3 0.73534465 0.67531532 -0.056725055 3 0.48621029 -0.46741202 0.73832661 3 0.47208917 -0.57050467 -0.67205399
3 0.22485599 0.86853415 0.44168785 3 0.86999214 0.025184795 -0.49242195 3 -0.43880913 0.49498904 -0.749955
3 -0.91505557 -0.2667571 0.30251253 3 -0.022082269 0.78205192 0.62282181 3 -0.40272272 0.56323647 -0.72151166
3 0.93286228 -0.079056382 0.35145155 3 -0.1123196 -0.99081856 0.075254172 3 0.34227535 -0.10967666 -0.9331767
3 -0.80123687 -0.59505194 -0.062713698 3 -0.49423146 0.59909147 0.62994087 3 -0.33727616 0.53572673 -0.77410728
3 0.89705849 -0.27491689 -0.34598649 3 -0.41347522 -0.79847342 -0.43758249 3 -0.15595751 0.53559256 -0.82995057
3 0.93161964 0.34726915 0.10718656 3 0.36218408 -0.86267114 -0.35301736 3 -0.030125242 0.36769921 -0.92945677
3 -0.94828391 0.062507838 -0.31120768 3 0.14416787 0.95827717 -0.24681987 3 0.28279507 -0.27892151 -0.91773063
3 -0.96802396 -0.11432353 0.22329243 3 -0.24741602 0.2881766 -0.9250617 3 0.041408658 -0.95072824 -0.30724737
3 0.93732405 0.1456742 -0.31654793 3 -0.18918811 -0.55012757 -0.81336796 3 -0.29262847 0.82227653 -0.48808801
3 -0.52115315 -0.84432763 -0.12454071 3 -0.61559659 0.2708087 0.74006999 3 -0.59113473 0.46235663 -0.66089797
3 0.88538671 0.32291925 -0.33438563 3 0.086245462 -0.8209548 -0.56444269 3 -0.45678484 0.4709107 -0.75471264
3 -0.38976252 -0.83748472 0.38302055 3 -0.69983208 -0.00098618865 -0.71430689 3 0.59859872 -0.54646003 -0.58571416
3 -0.58271599 -0.6974498 -0.41714013 3 -0.75035697 0.26462108 0.60575587 3 -0.3121002 0.66598761 -0.67753524
3 -0.98628503 -0.14787304 0.073317409 3 -0.044432569 0.66569012 0.74490428 3 -0.15895702 0.73143035 -0.66313064
3 -0.81278473 -0.39943165 -0.42407021 3 -0.5678736 0.38078365 0.72974235 3 -0.13000315 0.83394152 -0.5363217
3 0.45542789 -0.45675778 -0.7641713 3 -0.86306977 -0.43708509 -0.25311601 3 -0.21839517 0.77480924 -0.59327453
3 0.9205724 -0.066439807 -0.38487953 3 -0.28633296 -0.78499937 -0.54935378 3 -0.2656312 0.61592358 -0.74167264
3 0.668733 0.70541036 -0.23493084 3 0.57208234 -0.28636837 0.76857996 3 0.4748874 -0.6483745 -0.59505671
3 0.53409469 0.82114744 -0.20114633 3 0.71182477 -0.56514424 -0.41703445 3 -0.45612338 0.079554997 -0.88635355
3 0.75130415 0.12386185 0.64822865 3 -0.2585271 -0.84849185 0.46176338 3 0.60721159 -0.51450938 -0.60545373
3 0.51230657 -0.39866135 -0.76066494 3 -0.73535234 -0.66115916 -0.14874782 3 -0.44362053 0.63556117 -0.63187271
3 -0.08257392 0.83859873 0.53845489 3 0.9326126 0.2554841 -0.25487587 3 -0.35130528 0.48112375 -0.80318409
3 -0.90081078 -0.43419531 0.0037991554 3 -0.32879093 0.68779445 0.64717519 3 -0.28361341 0.58173323 -0.76233208
3 0.4811143 -0.76355743 -0.43070772 3 -0.86182559 -0.50194794 -0.072834842 3 -0.16057923 0.40623677 -0.89954764
3 0.4120675 -0.89144504 0.18848398 3 -0.84735346 -0.45097074 -0.28038883 3 0.33495197 -0.044173397 -0.9411993
3 0.61040616 -0.71603322 -0.33867523 3 -0.781344 -0.61449754 -0.10906181 3 -0.13002321 0.3311938 -0.93456125
3 0.5960843 -0.80289555 0.0064962395 3 -0.79119772 -0.58873874 -0.16550864 3 0.13671114 0.093516767 -0.98618704
3 0.095885843 -0.98931283 0.10984516 3 -0.96966594 -0.11776406 -0.21419474 3 0.22484143 -0.085974894 -0.97059494
3 -0.64372241 0.72025657 0.25855738 3 0.75585592 0.65122533 0.067729846 3 -0.11959626 0.23903134 -0.96361852
3 0.69733584 -0.70994425 -0.098497123 3 -0.71583909 -0.69675195 -0.045942545 3 -0.036011409 0.10254548 -0.99407619
3 -0.28681955 0.94497693 0.15733168 3 0.95035762 0.30135512 -0.077495649 3 -0.12064431 0.12729409 -0.98450047
3 -0.3865428 0.92024612 -0.061087329 3 0.91911763 0.38984805 0.056932762 3 0.076206937 -0.034139507 -0.99650747
3 -0.54163682 0.81241375 0.21590129 3 0.83989853 0.53360665 0.099168301 3 -0.034640666 0.23504838 -0.97136617
3 0.57033116 -0.81777239 -0.077269904 3 -0.81834131 -0.55754751 -0.13949259 3 0.070992522 0.14278874 -0.98720384
3 -0.47014773 0.81815076 0.33104455 3 0.88097036 0.45772216 0.11992489 3 -0.053409763 0.34802279 -0.93596357
3 0.34379709 -0.89353889 -0.28877649 3 -0.93862271 -0.31777903 -0.13417931 3 0.028127316 0.3171826 -0.94794738
3 -0.46605974 -0.57338399 -0.67380953 3 -0.51404667 -0.44436181 0.73368859 3 -0.7201004 0.68831217 -0.087646954
3 -0.6098786 -0.19532391 -0.76804733 3 -0.64027703 0.69254887 0.33229706 3 0.46700475 0.69442385 -0.54743218
3 0.18687192 0.92681772 -0.32571137 3 0.83572251 0.024294943 0.54861474 3 0.51637894 -0.37472498 -0.77002233
3 0.50863612 0.28019425 0.81411326 3 -0.39182955 -0.76663876 0.50865948 3 0.76665533 -0.57771569 -0.28015015
3 -0.47888306 -0.084866591 -0.87376696 3 0.5606041 0.73637986 -0.37877128 3 0.67556942 -0.67122447 -0.30506325
3 0.24018402 0.81246781 -0.53123248 3 0.66951096 0.2576147 0.69669968 3 0.70289916 -0.52300197 -0.482081
3 0.6018706 -0.75539672 -0.25908986 3 -0.57442886 -0.63489139 0.51666659 3 -0.55478221 -0.16213772 -0.81604415
3 -0.96100813 -0.089243591 0.26172286 3 0.09865348 0.77354944 0.62600994 3 -0.25832301 0.6274206 -0.7345832
3 -0.85543931 -0.36322707 -0.36917436 3 0.057457134 0.64186484 -0.7646625 3 0.51470608 -0.67533404 -0.52820641
3 0.43660823 0.76828992 0.4680852 3 0.88617837 -0.27756464 -0.37100646 3 -0.15511663 0.57679152 -0.80202895
3 0.65586048 0.472969 0.58834285 3 0.74650395 -0.29057091 -0.59858197 3 -0.11215542 0.83178657 -0.54364729
3 0.85294729 -0.15902692 -0.4971835 3 -0.50039983 -0.52023816 -0.69206399 3 -0.148597 0.83908457 -0.52331275
3 -0.26249969 -0.67719382 -0.68738794 3 -0.80258787 -0.24223666 0.54513645 3 -0.53567374 0.69478756 -0.47992066
3 -0.51266831 -0.85131967 0.11147219 3 -0.48965392 0.18325248 -0.85244215 3 0.70527315 -0.4916029 -0.51079971
3 0.14806129 -0.70173717 -0.69688082 3 -0.87458229 -0.42188036 0.23900408 3 -0.4617188 0.57409447 -0.67618889
3 -0.11053199 -0.87648261 0.4685733 3 -0.80067813 -0.20078455 -0.56444681 3 0.58881009 -0.4375658 -0.67958736
3 0.24608096 -0.63046819 -0.7361753 3 -0.87524486 -0.4708485 0.11067185 3 -0.4164021 0.6170994 -0.66768086
3 0.84433681 0.31311435 0.43480465 3 0.043288022 -0.84869528 0.52710795 3 0.53406155 -0.42623469 -0.73013854
3 0.21161966 -0.82222712 -0.52835566 3 -0.95312423 -0.2932412 0.074591897 3 -0.21626611 0.4877995 -0.84574276
3 -0.41682857 -0.86153144 -0.28985766 3 -0.87049341 0.28652617 0.40017992 3 -0.2617158 0.41912562 -0.86938977
3 -0.7415992 -0.66483718 -0.089566104 3 -0.46579611 0.60639668 -0.64445126 3 0.48276776 -0.436205 -0.75938189
3 -0.19801721 -0.93256307 -0.30185291 3 -0.94135916 0.095100872 0.32372642 3 -0.27318886 0.34825546 -0.89670855
3 0.079253793 -0.9709481 0.22578433 3 -0.96235847 -0.13359138 -0.23668492 3 0.25997165 -0.19852728 -0.94498777
3 0.54941398 0.81585556 0.18034361 3 0.76147574 -0.40005675 -0.51000917 3 -0.34394622 0.41753349 -0.8410511
3 0.18724699 0.9469524 0.26118943 3 0.94360125 -0.099484459 -0.31578398 3 -0.27304807 0.30558819 -0.91217345
3 -0.48079163 -0.87583554 0.041851342 3 -0.74679202 0.38400632 -0.54299241 3 0.45950085 -0.29232049 -0.83869398
3 0.52720034 -0.84921223 0.029972862 3 -0.82843339 -0.52151024 -0.20426708 3 0.18909726 0.082859151 -0.9784562
3 0.23456183 -0.82663494 -0.51152265 3 -0.95181417 -0.3022404 0.051968798 3 -0.1975624 0.47468582 -0.85769612
3 0.6247403 -0.77406698 0.10256679 3 -0.74104095 -0.62916356 -0.23454563 3 0.24608591 0.07052315 -0.96667898
3 0.93542743 -0.23753577 0.26182485 3 -0.2486838 -0.96853524 0.0097923167 3 0.25126052 -0.07427159 -0.96506578
3 0.61285424 -0.78672665 -0.073967576 3 -0.78122818 -0.61730123 0.092855804 3 -0.11871237 0.00087848923 -0.99292839
3 0.16769725 -0.94333553 0.2863487 3 -0.93503416 -0.24423905 -0.25701779 3 0.31239158 -0.22464463 -0.92300928
3 0.98523307 -0.049387723 -0.16394046 3 -0.087596536 -0.96809155 -0.23478745 3 -0.14711379 0.24568102 -0.95812219
3 0.92596096 -0.37725478 0.016588194 3 -0.37620834 -0.92540443 -0.045758735 3 0.032613274 0.036130272 -0.99881476
3 -0.97040498 -0.072621197 0.23030493 3 0.0056013986 0.94668365 0.32211608 3 -0.24141838 0.31387308 -0.91825968
3 -0.46447664 0.87124157 0.15874448 3 0.88381171 0.46737814 0.020855013 3 -0.056023952 0.14998689 -0.98709947
3 -0.68055427 0.7185629 -0.14322448 3 0.71038574 0.69497317 0.11119538 3 0.17943802 -0.026070122 -0.98342377
3 0.97977036 -0.16464421 -0.11376484 3 -0.18375587 -0.96530455 -0.18552963 3 -0.079271339 0.20268138 -0.97603101
3 0.90434831 -0.4209052 0.070659339 3 -0.42175087 -0.90670586 -0.0032200236 3 0.065422572 -0.02688862 -0.99749523
3 -0.44327122 0.81856591 -0.36532229 3 0.83008069 0.52867585 0.17739174 3 0.33834395 -0.22461435 -0.91382265
3 -0.89650619 0.011808215 -0.44287375 3 -0.44303116 -0.023893038 0.89618778 3 8.3912164e-07 0.99964482 0.026651695
3 0.78979683 0.56833816 0.23067904 3 0.4182415 -0.22391202 -0.88030565 3 -0.44865945 0.79174203 -0.41454756
3 -0.41992044 -0.14406359 -0.89605397 3 0.54994541 0.74501812 -0.37750328 3 0.72196072 -0.65130198 -0.23362119
3 -0.80356032 -0.38742304 0.45187852 3 0.30714232 0.38040698 0.87232685 3 -0.5098573 0.83975828 -0.18668595
3 0.61911756 0.7286998 -0.29272854 3 0.39188319 0.036342338 0.91929686 3 0.68052989 -0.68386823 -0.26306504
3 0.13305598 0.56079757 -0.81719178 3 0.66986722 0.55680102 0.49117297 3 0.73046172 -0.61276335 -0.30157414
3 0.10022754 0.58219606 -0.80684704 3 0.67861438 0.5530383 0.48335379 3 0.72762424 -0.59598219 -0.33965868
3 0.19241732 -0.87502402 -0.4441945 3 -0.64052218 -0.45492101 0.61869121 3 -0.74344289 0.1654695 -0.64800686
3 0.67216682 -0.47903362 -0.56455159 3 -0.20954856 -0.85440242 0.47548509 3 -0.71012759 -0.20130433 -0.67468178
3 -0.24702479 0.93823975 0.24224947 3 0.64167249 0.34571511 -0.68464392 3 -0.72611028 -0.013676214 -0.68744218
3 -0.62108684 0.45175999 0.64044058 3 0.28866369 0.89157033 -0.3489638 3 -0.72864562 -0.031864889 -0.68414921
3 -0.92456108 -0.36632064 -0.10486459 3 -0.35369468 0.72271323 0.59379017 3 -0.14173047 0.58608496 -0.79775769
3 0.18115431 -0.61586404 -0.76674283 3 -0.72484648 -0.6105321 0.31913662 3 -0.66466594 0.49795786 -0.55700743
3 0.81913775 0.097249001 -0.56529307 3 -0.35843849 -0.68262124 -0.63682848 3 -0.44781184 0.72427285 -0.5243029
3 -0.43679562 -0.73511279 -0.51847738 3 -0.70596421 -0.077085674 0.70403987 3 -0.55751586 0.67354804 -0.48529264
3 0.62695646 0.77802122 0.040108055 3 0.37750721 -0.34843698 0.85795116 3 0.68147928 -0.52275693 -0.5121634
3 0.16844359 -0.67549235 -0.71786964 3 -0.82328784 -0.49689931 0.274387 3 -0.54205525 0.54479468 -0.63982415
3 0.024888963 -0.80751777 -0.58931792 3 -0.90254456 -0.27164188 0.33410192 3 -0.42987666 0.52357018 -0.7355817
3 -0.71887422 0.31685996 0.61872423 3 0.588229 0.75156766 0.29855135 3 -0.37041414 0.57857239 -0.72666878
3 0.093075119 -0.75803691 -0.64553618 3 -0.94065994 -0.2794511 0.19252555 3 -0.32633734 0.589311 -0.73906475
3 -0.2537595 -0.90460676 0.34248006 3 -0.79067194 -0.0099619925 -0.61215889 3 0.55717492 -0.42613056 -0.71271938
3 0.85199022 -0.20168895 -0.48315036 3 -0.41265804 -0.82663411 -0.38260892 3 -0.32222036 0.52535486 -0.78751278
3 0.58161813 -0.58130866 -0.56903487 3 -0.72644073 -0.68596023 -0.041748717 3 -0.36606634 0.43765184 -0.82125318
3 0.78923947 0.60863525 0.081635147 3 0.42731497 -0.63979578 0.63879853 3 0.44102511 -0.46928102 -0.76503092
3 0.57154012 -0.55491793 -0.60448992 3 -0.72123766 -0.69105458 -0.047540337 3 -0.39135462 0.46315217 -0.79519296
3 0.83435887 0.37543529 0.40360063 3 0.077010155 -0.80440563 0.58906782 3 0.54581559 -0.46041268 -0.70007539
3 0.20760344 -0.78097904 -0.5890438 3 -0.91404337 -0.36937672 0.16758844 3 -0.34846309 0.50362331 -0.79052979
3 0.22910573 -0.83967263 -0.49240273 3 -0.93628895 -0.32844543 0.12444584 3 -0.26622045 0.43251729 -0.86142653
3 0.37827572 -0.85870111 0.34574562 3 -0.81261373 -0.48692209 -0.32026002 3 0.44335875 -0.15981103 -0.88198292
3 -0.91057622 -0.3961665 0.11791072 3 -0.22389239 0.71252352 0.66496801 3 -0.34745228 0.57910478 -0.73750573
3 0.19761068 -0.74893427 -0.63249314 3 -0.92216194 -0.36088493 0.13921107 3 -0.33251709 0.55575114 -0.76195353
3 0.29749483 -0.83458263 0.46364722 3 -0.87477088 -0.43282264 -0.21780878 3 0.38245642 -0.3407881 -0.85883099
3 0.42922381 0.78608137 0.44479555 3 0.87640804 -0.24343187 -0.41551211 3 -0.21834889 0.56817007 -0.79341471
3 0.2741425 -0.84764189 -0.4542565 3 -0.94853699 -0.31617925 0.017550565 3 -0.1585018 0.42606384 -0.89070016
3 0.3534697 -0.92411655 -0.14514714 3 -0.93526477 -0.34606603 -0.074285962 3 0.01841961 0.16200568 -0.98661804
3 0.27500308 -0.95865285 0.073199496 3 -0.95904678 -0.2788938 -0.049474604 3 0.06784384 -0.056596044 -0.9960894
3 0.75525612 -0.60303444 0.25678322 3 -0.63215971 -0.77367699 0.042403884 3 0.17309625 -0.19435377 -0.96553838
3 0.27630487 0.92830282 0.24881616 3 0.92195147 -0.1829094 -0.34139413 3 -0.27140632 0.32372528 -0.90638888
3 0.40630323 -0.8978166 -0.16983238 3 -0.90067673 -0.42483106 0.091104493 3 -0.15394519 0.11594801 -0.98125279
3 0.69229054 -0.49015251 0.52960759 3 -0.57995749 -0.81463611 0.0041599572 3 0.42939851 -0.3100298 -0.84823257
3 0.66524887 0.74510568 0.04755275 3 0.68488938 -0.58364701 -0.43621391 3 -0.29727152 0.32275924 -0.89858568
3 0.54403752 -0.78733575 0.29004365 3 -0.8002966 -0.59077001 -0.1025465 3 0.25208768 -0.17633185 -0.95150346
3 -0.8330856 -0.5371232 0.13216446 3 -0.38330925 0.73284173 0.56215471 3 -0.3988018 0.41766298 -0.81640387
3 0.94919848 -0.18041253 0.25782537 3 -0.19248174 -0.98105091 0.022144824 3 0.24894452 -0.07064648 -0.96593785
3 -0.19385667 -0.92914355 0.31482065 3 -0.90678406 0.047242418 -0.4189406 3 0.37438297 -0.3666887 -0.85169065
3 -0.61791795 0.7604059 0.19990003 3 0.78466165 0.61252552 0.095490187 3 -0.049832571 0.21585903 -0.97515208
3 0.5361194 -0.84370804 -0.027073385 3 -0.8434779 -0.53414953 -0.056831047 3 0.03348757 0.053304017 -0.99801677
3 0.84694678 -0.51280296 0.14040788 3 -0.51676911 -0.85607308 -0.0094075762 3 0.12502363 -0.064590737 -0.990049
3 0.19127579 -0.87749839 -0.43978408 3 -0.9524616 -0.27418241 0.13281921 3 -0.23713015 0.39347428 -0.88822711
3 0.36001486 0.91703951 0.1715453 3 0.92362553 -0.32441393 -0.20413569 3 -0.13154882 0.23193552 -0.96379495
3 0.50291657 -0.79145586 -0.34738004 3 -0.86271459 -0.48424909 -0.14569545 3 -0.052906938 0.37296239 -0.92633706
3 -0.85134214 -0.48858196 -0.19106105 3 -0.52353573 0.76794273 0.3690185 3 -0.033571847 0.41418824 -0.90957206
3 0.41902897 0.8494224 0.32077479 3 0.90752774 -0.40287825 -0.11867073 3 0.028431615 0.34083843 -0.9396919
3 0.8079195 -0.58131635 -0.096629545 3 -0.58479226 -0.77067024 -0.253151 3 0.072691329 0.26103386 -0.96258891
3 -0.84913945 0.014077189 -0.52798104 3 -0.52816868 -0.02263069 0.84883779 3 7.3108822e-07 0.99964476 0.026651777
3 0.61558723 0.64145154 0.45781249 3 -0.1509645 -0.47418684 0.86738503 3 0.77347457 -0.60306412 -0.19506663
3 0.85820329 0.51123714 -0.046083182 3 0.16020003 -0.35204935 -0.92216986 3 -0.48767102 0.78402674 -0.38403013
3 -0.2899932 0.12785591 0.94844973 3 0.41730723 0.90875137 0.0050893724 3 -0.86125422 0.39727077 -0.3168869
3 0.078123622 0.54550475 -0.83445865 3 0.70042491 0.56559855 0.43531987 3 0.70943779 -0.61848372 -0.33789954
3 0.2928454 0.59665316 -0.74715894 3 0.7154547 0.38166183 0.58519989 3 0.63432348 -0.70593148 -0.31511042
3 -0.12169126 0.97754669 -0.17202844 3 0.54632419 -0.078733459 -0.83386511 3 -0.82868689 -0.19545372 -0.52447689
3 -0.37918839 0.81513989 0.43790781 3 0.66689861 0.56881684 -0.4813458 3 -0.64145344 0.10951939 -0.75930429
3 -0.50758439 -0.0011801738 -0.86160111 3 0.66892231 0.62973642 -0.3949365 3 0.54304785 -0.77680796 -0.31885499
3 0.24151623 0.56938839 -0.78579044 3 0.75890321 0.39382553 0.51862061 3 0.604761 -0.72159433 -0.33699545
3 0.92844903 0.36931357 0.0398743 3 0.22249252 -0.46693888 -0.85584182 3 -0.29745516 0.80347717 -0.51569843
3 -0.69853067 0.015847251 0.71540457 3 0.42315143 0.81537211 0.39510909 3 -0.57705963 0.57872033 -0.57626826
3 -0.19985603 0.27427834 -0.94065344 3 0.74178392 0.66958207 0.037635401 3 0.6401673 -0.69023997 -0.33727527
3 -0.081436977 0.4664844 -0.88077247 3 0.77464795 0.5856688 0.23856373 3 0.62712735 -0.66286075 -0.40905637
3 0.68149072 -0.061608993 0.72922891 3 -0.445804 -0.82517636 0.34690475 3 0.58036995 -0.5615055 -0.5898155
3 -0.37179694 0.67453855 0.6377815 3 0.83795762 0.53952134 -0.082125083 3 -0.39949304 0.50389975 -0.76582676
3 -0.46327192 -0.81155175 -0.35603791 3 -0.82286406 0.24474442 0.51283038 3 -0.32905006 0.53055066 -0.7811799
3 0.8671537 0.49539906 -0.051228717 3 0.3623085 -0.69805717 -0.61761582 3 -0.34172681 0.51700717 -0.78481001
3 -0.50532794 0.32650521 -0.79877269 3 0.67996228 0.72059691 -0.13561465 3 0.53131437 -0.61166531 -0.5861491
3 -0.32158053 0.71141058 0.62488478 3 0.87904537 0.46959192 -0.082237184 3 -0.35194519 0.52285612 -0.7763738
3 -0.085724473 -0.85378683 -0.51351666 3 -0.92151546 -0.12799504 0.3666423 3 -0.37876195 0.5046438 -0.77580547
3 -0.81741154 -0.36920321 -0.44218475 3 0.045852035 0.72347403 -0.68882728 3 0.5742265 -0.58333045 -0.57444727
3 -0.16987723 0.77365744 0.61040634 3 0.90026021 0.37378091 -0.22320321 3 -0.40084106 0.51160747 -0.75998986
3 0.53399974 -0.50583166 -0.67747968 3 -0.74062753 -0.66635776 -0.086246237 3 -0.40781987 0.54781759 -0.73046488
3 -0.71095836 -0.69200355 -0.12517732 3 -0.42005342 0.56064415 -0.71360576 3 0.56399757 -0.45476279 -0.68927306
3 -0.89646316 -0.058631875 0.43922207 3 0.2111136 0.81497097 0.53967875 3 -0.38959563 0.57652795 -0.7182135
3 0.83190012 -0.20252663 -0.51664811 3 -0.48091662 -0.72765064 -0.48912585 3 -0.2768814 0.65536922 -0.70272905
3 0.86189145 0.43598521 0.25895971 3 0.19450948 -0.7558561 0.6251784 3 0.46830475 -0.48846573 -0.73626906
3 -0.30258957 -0.81403232 -0.49577314 3 -0.89248645 0.059427425 0.44714254 3 -0.33452594 0.57777143 -0.74449492
3 0.20485578 -0.81020874 -0.54917753 3 -0.92208934 -0.34794533 0.16936783 3 -0.32830799 0.47169852 -0.81836081
3 0.63038719 0.77023959 0.096660346 3 0.67217857 -0.47931507 -0.56429893 3 -0.38831452 0.42069975 -0.81989241
3 -0.88369215 -0.40145028 0.24067844 3 -0.19479802 0.78297579 0.59076482 3 -0.4256081 0.4751704 -0.77011108
3 0.88790631 0.39577788 0.23448296 3 0.15038534 -0.7314381 0.6651184 3 0.43474895 -0.5553 -0.70896769
3 0.902659 -0.1925721 -0.38486698 3 -0.33711082 -0.87229979 -0.35418862 3 -0.26750961 0.4494538 -0.85230875
3 0.93673027 0.24524853 0.24977948 3 0.12168767 -0.89718711 0.42455572 3 0.32822049 -0.36729902 -0.8702659
3 0.40815663 0.82567483 0.3894473 3 0.83964533 -0.17207877 -0.5151549 3 -0.35833487 0.53726143 -0.76350915
3 -0.053335905 -0.95616657 0.28792515 3 -0.86489516 -0.099882826 -0.49191463 3 0.49911103 -0.27526179 -0.82165641
3 0.23035882 -0.85772908 -0.45960388 3 -0.91975266 -0.34615576 0.18501739 3 -0.31778967 0.38010284 -0.8686378
3 0.28737721 -0.88170326 -0.3741841 3 -0.94855356 -0.3161844 0.016537689 3 -0.1328932 0.35018322 -0.92720604
3 0.68965149 -0.72386271 0.020089582 3 -0.69441122 -0.66895038 -0.26513863 3 0.20536935 0.16889603 -0.96400082
3 0.48755795 -0.81922138 0.30193323 3 -0.76641107 -0.56722772 -0.30144161 3 0.41821226 -0.084434673 -0.90441662
3 -0.83066314 -0.54487246 -0.11451156 3 -0.52837706 0.70659667 0.47067961 3 -0.17554678 0.45148146 -0.87484175
3 0.93126577 -0.053844012 0.36034003 3 -0.040460538 -0.99818575 -0.044587925 3 0.36208707 0.026943654 -0.93175477
3 0.86770916 -0.44891754 -0.21343374 3 -0.48624557 -0.85570896 -0.17699619 3 -0.10318045 0.2573624 -0.96079057
3 0.64410758 -0.76362741 0.044704117 3 -0.75969166 -0.64543009 -0.079298921 3 0.089408241 0.017115682 -0.99584794
3 0.0050268471 0.97490847 0.22254914 3 0.99841434 0.0075843404 -0.055776056 3 -0.056064446 0.22247666 -0.9733246
3 0.33604759 -0.9403584 0.052899152 3 -0.92787355 -0.3209016 0.18992999 3 -0.1616268 -0.11290921 -0.98037165
3 0.70982689 -0.3565214 0.60748523 3 -0.59275854 0.16354452 0.78860033 3 -0.38050357 -0.91986185 -0.095242627
3 nan nan nan 3 nan nan nan 3 nan nan nan
3 -0.67172432 -0.44377011 -0.59317321 3 0.28951165 0.57978129 -0.76160151 3 0.68188673 -0.68331689 -0.26097658
3 -0.632828 -0.43554711 -0.64017767 3 -0.76130176 0.5008145 0.4118306 3 0.14123857 0.74798626 -0.64851224
3 0.88940799 0.27135909 0.36785543 3 0.45537382 -0.45581841 -0.76476419 3 -0.039850421 0.84769917 -0.52897841
3 0.32120216 0.46303266 0.8260932 3 0.94084406 -0.056639932 -0.3340725 3 -0.10789661 0.88452965 -0.45383438
3 0.7883783 -0.17707649 -0.58915508 3 -0.58980924 -0.48981175 -0.64203578 3 -0.1748856 0.85365605 -0.49059826
3 0.97973645 0.19288351 -0.053968415 3 0.052076198 -0.50549483 -0.86125684 3 -0.19340302 0.84099412 -0.50529629
3 -0.31714794 -0.6039415 0.73121256 3 -0.63152051 -0.44072366 -0.63792223 3 0.70753026 -0.66409177 -0.24162655
3 -0.53197002 0.4145304 0.7383579 3 0.84220338 0.34939224 0.41063184 3 -0.087757118 0.84029138 -0.53498513
3 0.82227218 0.56908369 -0.0034682155 3 0.32657814 -0.47684798 -0.81606519 3 -0.46606329 0.66989523 -0.57794923
3 -0.56723744 0.26506865 0.77973092 3 0.64357376 0.73342586 0.21885876 3 -0.51386219 0.62595928 -0.58661783
3 -0.69091439 -0.69642872 0.1939702 3 -0.32318896 0.057543367 -0.94458342 3 0.64667326 -0.71531528 -0.26483557
3 -0.83529699 -0.33386636 0.43682069 3 -0.0063773543 0.80034006 0.59951288 3 -0.54976219 0.49798548 -0.67065072
3 -0.29937467 -0.8918041 -0.33920512 3 -0.79057205 0.032806396 0.61148953 3 -0.53420085 0.45123067 -0.71485692
3 -0.22402349 0.77368599 0.592641 3 0.82442796 0.47473902 -0.30812529 3 -0.51974207 0.41956255 -0.74420118
3 0.40904975 0.70736229 -0.57646942 3 0.7078197 0.15274587 0.68968117 3 0.57590777 -0.69015026 -0.43820429
3 -0.15895742 0.79078585 0.59109247 3 0.91504729 0.34280458 -0.21254113 3 -0.370704 0.50709391 -0.77809668
3 -0.57139838 -0.7650615 -0.29695934 3 -0.73810041 0.32089758 0.59349197 3 -0.35876429 0.55830616 -0.74805254
3 -0.88842362 0.13127907 0.43985119 3 0.34750307 0.81842434 0.45762745 3 -0.29990807 0.55941677 -0.77272755
3 0.16705821 0.83464742 0.52483845 3 0.92281246 0.055058971 -0.38129494 3 -0.34714383 0.54802585 -0.76102483
3 0.76603127 0.58190048 0.27310827 3 0.16176446 -0.58570772 0.79421604 3 0.62211615 -0.564215 -0.54280114
3 -0.34117997 0.63915443 0.68925899 3 0.83133578 0.54739916 -0.096099526 3 -0.43872252 0.54021907 -0.71811277
3 0.061974019 0.75548851 -0.65222406 3 0.7940532 0.35858634 0.49081066 3 0.60468054 -0.54831821 -0.5776751
3 -0.68744421 0.36829126 0.62592489 3 0.60493195 0.76728183 0.21292298 3 -0.40184313 0.52501464 -0.75025463
3 -0.72724289 -0.68630427 -0.010208145 3 -0.38477981 0.41995776 -0.82193679 3 0.56838566 -0.59381986 -0.56948733
3 0.81165159 -0.17797482 -0.55636919 3 -0.47266465 -0.75974989 -0.44650689 3 -0.3432366 0.62538451 -0.70077312
3 0.77870715 0.46299309 0.42338222 3 0.033869714 -0.70487297 0.70852458 3 0.62647271 -0.53739333 -0.56457108
3 -0.5674848 -0.81112516 0.14155248 3 -0.64601028 0.33201569 -0.68734038 3 0.51052141 -0.48149943 -0.71240896
3 0.79486901 0.59955883 0.093340531 3 0.50197208 -0.5633232 -0.65627056 3 -0.34089193 0.5685035 -0.74873
3 0.68882298 0.72381395 -0.040204771 3 0.5229308 -0.45771039 0.71905828 3 0.5020622 -0.5163281 -0.69378591
3 0.80013371 -0.14066242 0.58309537 3 -0.24140969 -0.9654243 0.09837348 3 0.54909694 -0.21947679 -0.80642575
3 -0.74884415 -0.6542958 -0.10549659 3 -0.60996014 0.61815888 0.49581075 3 -0.25919321 0.43563369 -0.86199892
3 0.6114977 -0.58733696 0.53019428 3 -0.61014897 -0.77664816 -0.15663968 3 0.50377464 -0.22771269 -0.83328152
3 0.84889472 -0.50603509 -0.15266399 3 -0.52844638 -0.80649716 -0.26515418 3 0.011047886 0.30576649 -0.9520424
3 0.92762876 -0.33082309 0.17338082 3 -0.3205865 -0.94340873 -0.084877394 3 0.19164525 0.023152284 -0.9811911
3 0.6069175 -0.7227087 0.33067068 3 -0.71441197 -0.67839551 -0.17144924 3 0.34823343 -0.13217957 -0.92804205
3 -0.45136714 0.77587128 0.44078526 3 0.81666487 0.55824614 -0.14635584 3 -0.35961992 0.29391357 -0.88560063
3 -0.11355056 0.89302254 0.43545023 3 0.96075916 0.21033876 -0.18083012 3 -0.25307783 0.39783236 -0.88186234
3 -0.72830921 -0.64606959 -0.22838508 3 -0.67384827 0.61470228 0.40996319 3 -0.1244759 0.45247689 -0.88304627
3 0.95612592 -0.11175039 -0.27080444 3 -0.20713046 -0.91157657 -0.35514107 3 -0.20717287 0.39565155 -0.8947286
3 -0.16707605 -0.98156232 0.092849828 3 -0.88619548 0.10822932 -0.45049325 3 0.43213809 -0.15754969 -0.88793856
3 -0.44497728 -0.88309294 -0.14880273 3 -0.86647952 0.3825652 0.32071379 3 -0.22629328 0.27164486 -0.93541461
3 0.81669116 -0.55173606 -0.16912435 3 -0.57413596 -0.80639565 -0.14175484 3 -0.058169849 0.21287024 -0.97534752
3 0.63287169 -0.74892706 0.1964224 3 -0.72494191 -0.66226864 -0.18936589 3 0.27190658 -0.022551654 -0.96205932
3 0.54541814 0.82877231 0.12512222 3 0.77972168 -0.44693607 -0.43850026 3 -0.30749524 0.33672646 -0.88997871
3 0.80104858 -0.59852618 -0.0093573537 3 -0.59180909 -0.78951722 -0.16255638 3 0.089907087 0.13575286 -0.98665494
3 0.96233809 0.086819895 0.25761947 3 0.063444294 -0.99318987 0.097716898 3 0.2643488 -0.077692203 -0.96129256
3 0.68150347 -0.69353032 -0.23359901 3 -0.72218448 -0.6889661 -0.061439961 3 -0.11833136 0.21057317 -0.97038984
3 0.15390736 0.98618609 -0.061233118 3 0.9847886 -0.14804095 0.090968408 3 0.080646768 -0.07430239 -0.99396944
3 -0.46084338 0.82926106 -0.31614804 3 0.85571545 0.50965363 0.089467943 3 0.23531824 -0.22930202 -0.94448191
3 0.81954527 -0.56067801 -0.11826089 3 -0.57288641 -0.8060838 -0.14842537 3 -0.012108293 0.18939066 -0.9818272
3 0.37341356 0.88819653 0.26771098 3 0.91563022 -0.30655408 -0.26008826 3 -0.14894159 0.34224477 -0.9277311
3 0.33312172 -0.92568362 -0.1792762 3 -0.85323685 -0.37686771 0.36049709 3 -0.40126958 0.032875668 -0.91536999
3 0.21393414 0.97618556 -0.035970479 3 0.7735607 -0.14681214 0.61648196 3 0.59651995 -0.15971191 -0.78654695
3 0.34734491 -0.77393746 -0.52950203 3 -0.74452645 -0.57090193 0.34605139 3 -0.5701158 0.27402902 -0.77451676
3 -0.047011644 -0.87396532 -0.48370922 3 -0.89218992 -0.1810289 0.4137947 3 -0.44920751 0.45101362 -0.77123255
3 0.90317553 -0.21042722 -0.37415814 3 -0.084678531 -0.94181991 0.32527685 3 -0.42083567 -0.26209918 -0.86844784
3 -0.28827533 0.21583956 -0.93290436 3 0.87870026 -0.32751733 -0.34730121 3 -0.38050357 -0.91986185 -0.095242627
3 nan nan nan 3 nan nan nan 3 nan nan nan
3 -0.36608246 -0.044165775 -0.92953378 3 0.62138617 0.73195511 -0.27950135 3 0.69272137 -0.67991996 -0.24051188
3 0.75093156 0.55583 0.3565881 3 -0.11297096 -0.42389047 0.89864051 3 0.65064549 -0.71510142 -0.25552002
3 -0.48313653 -0.77832288 0.40098968 3 -0.4672001 -0.15815559 -0.86989164 3 0.74047524 -0.60761875 -0.28722176
3 -0.16004433 0.26079226 -0.95203632 3 0.67591107 0.73184776 0.086850151 3 0.71939552 -0.62959206 -0.2934005
