ply
format ascii 1.0
comment PCL generated
element vertex 676
property list uint float x_axis
property list uint float y_axis
property list uint float z_axis
element camera 1
property float view_px
property float view_py
property float view_pz
property float x_axisx
property float x_axisy
property float x_axisz
property float y_axisx
property float y_axisy
property float y_axisz
property float z_axisx
property float z_axisy
property float z_axisz
property float focal
property float scalex
property float scaley
property float centerx
property float centery
property int viewportx
property int viewporty
property float k1
property float k2
end_header
3 -0.462035 0.0518049 0.88534737 3 0.46770611 0.86241698 0.19361798 3 -0.75350815 0.50354064 -0.42269644
3 -0.62530667 -0.350371 0.69730324 3 0.20301993 0.78973854 0.57887471 3 -0.75350815 0.50354064 -0.42269644
3 -0.61252576 -0.30413604 0.72959822 3 0.23882513 0.80867064 0.53760064 3 -0.75350815 0.50354064 -0.42269644
3 -0.59814811 -0.25824538 0.75863564 3 0.27284446 0.82447326 0.49578187 3 -0.75350815 0.50354064 -0.42269644
3 -0.54839069 -0.17602561 0.81748557 3 0.31987318 0.85908699 0.39956278 3 -0.77262437 0.48060825 -0.41480967
3 -0.56554395 -0.22415309 0.7936722 3 0.28846455 0.84780359 0.44499123 3 -0.77262437 0.48060825 -0.41480967
3 nan nan nan 3 nan nan nan 3 nan nan nan
3 nan nan nan 3 nan nan nan 3 nan nan nan
3 0.80771977 0.54404426 -0.22716644 3 0.58629924 -0.78173167 0.21248244 3 -0.061981644 -0.30481264 -0.95039338
3 0.81225306 0.565422 -0.14332782 3 0.58291775 -0.77787346 0.23477609 3 0.021258844 -0.27424443 -0.96142507
3 0.91745317 0.39542645 -0.043789469 3 0.39268064 -0.88237017 0.25927708 3 0.063886188 -0.25507 -0.96480972
3 0.17623028 0.93046457 -0.32121411 3 0.97421432 -0.21157402 -0.07837785 3 -0.1408882 -0.29911786 -0.94375807
3 0.28052098 0.91233331 -0.29825482 3 0.95439172 -0.29820332 -0.014530972 3 -0.10219822 -0.28057748 -0.95437503
3 0.89792925 0.41383401 -0.14988144 3 0.43769825 -0.87539804 0.20517942 3 -0.046297625 -0.24984033 -0.9671796
3 -0.28988135 -0.93705636 0.19466412 3 -0.95635009 0.27576363 -0.096689522 3 0.036922246 -0.21419553 -0.9760927
3 0.8984533 0.43874812 0.016785907 3 0.42467147 -0.87806648 0.22057524 3 0.11151653 -0.19104786 -0.97522557
3 -0.34813184 -0.9351728 0.065235883 3 -0.90867358 0.31952065 -0.26873499 3 0.23046951 -0.15283337 -0.96100241
3 0.71230578 0.6466558 -0.27286762 3 0.68605518 -0.72354674 0.076210536 3 -0.14814842 -0.24148558 -0.9590289
3 0.27430087 0.92146009 -0.27508247 3 0.95016986 -0.30375952 -0.070051171 3 -0.14810775 -0.24215823 -0.95886558
3 0.18555453 0.95255625 -0.24125946 3 0.97527319 -0.20852292 -0.073213473 3 -0.12004817 -0.2217093 -0.96769482
3 0.87100673 0.46343151 -0.16302942 3 0.48439482 -0.86547631 0.12772018 3 -0.081907406 -0.19021513 -0.9783197
3 0.88336682 0.46009526 -0.089306302 3 0.46838439 -0.87342459 0.13321245 3 -0.016712155 -0.15950522 -0.98705554
3 0.69735086 0.71555984 -0.04093698 3 0.71362174 -0.68787974 0.13253483 3 0.066675924 -0.1216378 -0.9903326
3 0.68576503 0.72753048 0.020631898 3 0.71302915 -0.67724252 0.18147168 3 0.14599781 -0.10973705 -0.98317975
3 0.77922171 0.59445453 0.19858783 3 0.55784458 -0.80225432 0.21259648 3 0.28569698 -0.054878615 -0.95674741
3 0.3753531 0.92497599 0.059408784 3 0.87796992 -0.37536064 0.29710808 3 0.29711863 -0.059358712 -0.95299381
3 0.42473614 0.86404812 -0.27022222 3 0.8949154 -0.44583383 -0.018943578 3 -0.13684188 -0.23377898 -0.96261203
3 0.46903327 0.8461256 -0.25313887 3 0.87264001 -0.48814172 -0.014742866 3 -0.13604273 -0.21398561 -0.96731728
3 0.5111292 0.82810891 -0.23017928 3 0.84953201 -0.52742136 -0.011042297 3 -0.13054585 -0.18990089 -0.97308552
3 0.84291095 0.51142794 -0.16716048 3 0.528391 -0.84542477 0.077845603 3 -0.10150668 -0.15394147 -0.98285222
3 0.60288584 0.78613901 -0.1360666 3 0.79606849 -0.60406208 0.037199851 3 -0.052948561 -0.13074578 -0.99000096
3 0.95404214 0.29768962 -0.034417804 3 0.29966876 -0.94830185 0.10450956 3 -0.0015281661 -0.1100208 -0.99392807
3 0.85567486 0.51710457 0.02057703 3 0.51162797 -0.85125381 0.11663634 3 0.077830374 -0.089274444 -0.99296165
3 0.53876209 0.84167063 0.036414042 3 0.82648546 -0.53643036 0.17077661 3 0.16327287 -0.061909739 -0.98463672
3 0.48868924 0.86198127 0.13480021 3 0.82283187 -0.50672412 0.25725162 3 0.29005197 -0.014799282 -0.95689648
3 0.40815899 0.90259808 0.1368313 3 0.85618693 -0.43048379 0.2857056 3 0.31678227 0.00054261083 -0.94849819
3 -0.94178712 0.3362084 -0.00082109682 3 0.33075097 0.92605591 -0.18172447 3 -0.060336947 -0.17141739 -0.98334903
3 -0.99189186 0.12117953 0.03829135 3 0.11227263 0.97672987 -0.18274003 3 -0.059544638 -0.17695925 -0.98241538
3 -0.92318606 -0.36963093 0.10535862 3 -0.38224456 0.91162813 -0.15107375 3 -0.040206347 -0.17974195 -0.9828918
3 -0.0047052023 0.98235899 -0.18694527 3 0.99968326 4.1909516e-09 -0.025160883 3 -0.024717025 -0.187004 -0.98204809
3 -0.47441798 -0.87178272 0.12215775 3 -0.88026273 0.47108057 -0.056750886 3 -0.0080709318 -0.13445313 -0.99088711
3 -0.44657338 -0.88631445 0.12255163 3 -0.89474356 0.44198436 -0.063904032 3 0.0024725008 -0.13819143 -0.9904024
3 -0.0025618144 -0.99202079 0.12604889 3 -0.99986726 0.0045702355 0.015647056 3 -0.016098266 -0.12598878 -0.9919011
3 0.31979242 -0.94057995 0.11420207 3 -0.94739723 -0.31576511 0.052259363 3 -0.013093282 -0.12490629 -0.99208224
3 0.49365503 -0.86362094 0.10229115 3 -0.86826652 -0.48279354 0.11412068 3 -0.04917093 -0.14515327 -0.9881866
3 -0.36337855 -0.91882813 0.15398335 3 -0.92838258 0.37093973 0.022570807 3 -0.077857457 -0.13475427 -0.9878155
3 0.016510779 -0.99085164 0.13394174 3 -0.99646312 -0.0052676192 0.083864473 3 -0.082391657 -0.13485499 -0.98743379
3 -0.41992024 -0.89924753 0.12256014 3 -0.90131867 0.42902347 0.059696153 3 -0.10626315 -0.085398898 -0.99066401
3 -0.55007291 -0.82742304 0.11309683 3 -0.82870328 0.55757141 0.048632629 3 -0.10329886 -0.066971533 -0.99239326
3 0.84572095 0.52654874 -0.086617611 3 0.52804571 -0.84919137 -0.0064806715 3 -0.076967284 -0.040257197 -0.99622059
3 0.60121506 0.79795545 -0.042515397 3 0.79819083 -0.60220945 -0.015335116 3 -0.037838645 -0.024714015 -0.9989782
3 0.97719926 0.21163143 0.017140234 3 0.21133874 -0.97725785 0.01741001 3 0.020432819 -0.01339111 -0.99970156
3 0.54699624 0.83403283 0.072001942 3 0.83073616 -0.55141783 0.076261804 3 0.10330907 0.018101322 -0.99448466
3 0.80061585 0.5676195 0.19189143 3 0.56516504 -0.82176054 0.072787061 3 0.1990021 0.0501744 -0.97871375
3 0.39042458 0.90106928 0.18879229 3 0.86293101 -0.42963499 0.26601419 3 0.32080907 0.059056241 -0.94530094
3 0.88792706 0.26371875 0.37687919 3 0.27312028 -0.961532 0.02935455 3 0.37012285 0.076868683 -0.92579716
3 -0.84017289 0.54175138 -0.024799719 3 0.5392099 0.82959336 -0.14500828 3 -0.057984736 -0.13520429 -0.98911953
3 -0.81945866 0.57253933 -0.026198611 3 0.57038623 0.81019694 -0.13505827 3 -0.05610013 -0.12561797 -0.99049127
3 -0.98660773 -0.15218383 0.058696505 3 -0.15852544 0.97936171 -0.12538078 3 -0.038404185 -0.13300654 -0.99037081
3 -0.98050368 -0.19120488 0.04531328 3 -0.1953426 0.97345495 -0.11927609 3 -0.02130427 -0.12580225 -0.99182659
3 0.01685258 -0.99514014 0.097016096 3 -0.99984485 -0.01727177 -0.0034825942 3 0.0051412629 -0.096939623 -0.99527705
3 0.99798566 -0.062217832 0.012387514 3 -0.063131295 -0.99323642 0.097445786 3 0.006240868 -0.098031551 -0.99516374
3 -0.00039239266 -0.99614793 0.087687567 3 -0.99998498 0.0008710766 0.0054207728 3 -0.0054762755 -0.087686725 -0.99613309
3 0.00088932971 -0.99621809 0.08688321 3 -0.99999481 -0.0006198762 0.0031282601 3 -0.0030625726 -0.086885512 -0.99621356
3 -0.0043880157 -0.99665809 0.081569299 3 -0.99939734 0.0071798866 0.033965241 3 -0.034437373 -0.08136832 -0.99608904
3 -0.99241704 -0.099247277 0.072514229 3 -0.1049552 0.99128014 -0.079673611 3 -0.063974522 -0.086680196 -0.9941799
3 -0.0054405681 -0.99732459 0.072898343 3 -0.99806309 0.0099335322 0.061413273 3 -0.061973084 -0.072420195 -0.99544704
3 -0.026552146 -0.99869096 0.043717276 3 -0.99567747 0.030315114 0.087792702 3 -0.089003101 -0.041197982 -0.99517912
3 -0.18263955 -0.9824779 0.037148885 3 -0.98035532 0.18484689 0.0688131 3 -0.074474402 -0.023852179 -0.99693769
3 0.79832399 0.60126048 -0.034126434 3 0.59988582 -0.79893422 -0.0429096 3 -0.053063065 0.013784978 -0.99849612
3 0.78076053 0.62481916 0.0037634037 3 0.62437379 -0.77994543 -0.042926006 3 -0.023884261 0.035865877 -0.99907118
3 0.89375353 0.44378653 0.065253526 3 0.44659823 -0.89396673 -0.037060767 3 0.041886669 0.062264934 -0.9971804
3 0.95880669 0.2414293 0.14967188 3 0.25104091 -0.9667474 -0.048763692 3 0.13292296 0.084328979 -0.98753226
3 0.87428296 0.40873092 0.26185539 3 0.42661473 -0.90434301 -0.012789629 3 0.23157969 0.12289318 -0.96502239
3 0.28176174 0.93164039 0.22946995 3 0.90051013 -0.3393231 0.27192158 3 0.33119759 0.13002293 -0.93455994
3 0.7945196 0.42952707 0.42923796 3 0.45022756 -0.89101249 0.058241233 3 0.40747249 0.14698094 -0.9013117
3 -0.99568671 -0.074383229 0.055452742 3 -0.078688093 0.99368572 -0.0799805 3 -0.049153395 -0.083999 -0.99525279
3 -0.89234203 -0.44834486 0.052083164 3 -0.45050237 0.89180696 -0.04157057 3 -0.027810169 -0.060558748 -0.99777716
3 -0.93439221 -0.35460916 0.034109414 3 -0.35595551 0.9332062 -0.049212318 3 -0.014379973 -0.058125045 -0.99820578
3 -0.96581507 0.25921422 -0.0030123927 3 0.25923169 0.96574312 -0.011787421 3 -0.0001462698 -0.012165379 -0.99992597
3 -0.0010939457 -0.99997038 0.0076222108 3 -0.99999845 0.0011054042 0.0014992255 3 -0.001507608 -0.0076217735 -0.99996996
3 -0.20436758 -0.97887456 0.0062092012 3 -0.97886205 0.20430523 -0.0094183953 3 0.0079514775 -0.0079997815 -0.99993646
3 -0.0015091914 -0.99995416 0.0094502931 3 -0.99994606 0.0016061511 0.010260796 3 -0.010275505 -0.009433453 -0.99990273
3 -0.15575835 -0.98770827 0.013108714 3 -0.98775017 0.15586442 0.0074935281 3 -0.009444125 -0.011777938 -0.99988616
3 -0.0030102113 -0.99988455 0.014894708 3 -0.99956316 0.003446565 0.029357461 3 -0.029405406 -0.014799001 -0.99945813
3 -0.98496711 -0.16204518 0.059841644 3 -0.16222309 0.98675227 0.0019058185 3 -0.059357718 -0.0078305295 -0.99820614
3 -0.0046678619 -0.99998844 0.0011806781 3 -0.99841535 0.0047267242 0.05607361 3 -0.056078549 -0.00091914443 -0.99842584
3 0.15389271 -0.98773623 -0.026345322 3 -0.9868784 -0.15496837 0.045339338 3 -0.048866361 0.019024517 -0.99862409
3 -0.0040062559 -0.99968821 -0.02464729 3 -0.99865192 0.0027241255 0.051834453 3 -0.051751148 0.024821267 -0.9983514
3 0.95254481 0.30426127 0.0091371369 3 0.30418992 -0.95035243 -0.065564714 3 -0.011267299 0.065232113 -0.99780649
3 0.84421438 0.53155988 0.06889239 3 0.53550607 -0.8419801 -0.065595865 3 0.023137948 0.092269294 -0.99546528
3 0.88851279 0.44400781 0.11576705 3 0.45388675 -0.8874808 -0.079778895 3 0.067319468 0.12343015 -0.99006724
3 0.97846782 0.055453788 0.19881031 3 0.086694159 -0.98456287 -0.152053 3 0.18730766 0.16601457 -0.968171
3 0.7115714 0.62736672 0.31634986 3 0.65704584 -0.75366527 0.016720369 3 0.24891168 0.19595861 -0.94849527
3 0.48331553 0.79157758 0.37391329 3 0.79994845 -0.57284093 0.17870599 3 0.35565245 0.21273996 -0.91008413
3 0.020538829 -0.99948806 -0.024536435 3 -0.99978876 -0.020553727 0.00035512086 3 -0.00085925404 0.024523953 -0.99969882
3 -0.24025679 -0.97044694 -0.022572283 3 -0.97066253 0.23995164 0.015413517 3 -0.0095417434 0.025613265 -0.9996264
3 -0.94175977 -0.33600092 -0.013862424 3 -0.33627579 0.94126171 0.030747425 3 0.0027170016 0.033618279 -0.99943113
3 -0.93186021 0.36279812 0.003763549 3 0.36264652 0.93105203 0.040370252 3 0.011142193 0.038984261 -0.99917775
3 -0.31699565 -0.94713289 -0.049529333 3 -0.94838607 0.31703445 0.0072782477 3 0.00880975 0.049282227 -0.99874598
3 0.98238075 -0.18689063 -9.3378127e-05 3 -0.18661319 -0.98089498 -0.054960173 3 0.010179941 0.05400924 -0.99848855
3 -0.51022911 -0.85962284 -0.02673685 3 -0.85982949 0.50917321 0.037892424 3 -0.018960325 0.04232157 -0.99892408
3 0.29914784 -0.95318627 -0.044120625 3 -0.95406902 -0.29957047 0.0031449953 3 -0.016214054 0.041150283 -0.99902135
3 -0.03217997 -0.99880636 -0.036745347 3 -0.99901199 0.031015676 0.031827748 3 -0.030650016 0.037735239 -0.99881762
3 -0.97600764 -0.21415038 0.039353892 3 -0.21207334 0.97592014 0.051036321 3 -0.0493357 0.041465927 -0.99792105
3 -0.5452894 -0.83796144 -0.021909066 3 -0.83709061 0.54297775 0.066740103 3 -0.04402921 0.054733001 -0.99752975
3 0.70449102 0.70929044 0.024484983 3 0.70883816 -0.70149136 -0.073881455 3 -0.03522617 0.069405951 -0.99696642
3 0.94127411 0.33730552 0.015102352 3 0.33746377 -0.93837273 -0.074665599 3 -0.011015283 0.075376645 -0.99709433
3 0.72935051 0.67849672 0.087692529 3 0.68377793 -0.72712195 -0.061167575 3 0.022261962 0.10457557 -0.99426782
3 0.82547337 0.55057222 0.12435424 3 0.5609228 -0.82473212 -0.071989521 3 0.062922269 0.12917772 -0.98962307
3 0.38547075 0.89367956 0.22967143 3 0.91414988 -0.40371662 0.036640503 3 0.12546708 0.19583033 -0.97257817
3 0.86260599 0.37860644 0.3355118 3 0.44062865 -0.88813007 -0.13065752 3 0.24850805 0.26054105 -0.93293196
3 0.81074601 0.43977258 0.38638186 3 0.51081884 -0.85385072 -0.10001554 3 0.28592703 0.27845761 -0.91690081
3 -0.26560521 -0.96320099 -0.041202653 3 -0.96406722 0.26512319 0.016852163 3 -0.0053082439 0.044198144 -0.99900866
3 -0.3584469 -0.93210286 -0.051961027 3 -0.93354702 0.3580302 0.017437462 3 0.0023501117 0.054758478 -0.99849683
3 -0.92554432 -0.37674886 -0.03779063 3 -0.37847811 0.92344403 0.063290581 3 0.011052871 0.072881155 -0.99727947
3 -0.97165108 0.23625508 0.0088143181 3 0.23617907 0.96830744 0.081242636 3 0.01065902 0.081021249 -0.99665546
3 0.0011654724 -0.99796516 -0.063750997 3 -0.9999454 -0.00050107669 -0.010436727 3 0.010383545 0.063759476 -0.99791127
3 0.84993482 -0.52642769 -0.022015424 3 -0.52678251 -0.84818745 -0.055483088 3 0.010534622 0.058754355 -0.99821699
3 -0.30472085 -0.95137084 -0.045150951 3 -0.95223731 0.30333123 0.035128709 3 -0.019724149 0.053700719 -0.99836218
3 -0.0031672996 -0.99825454 -0.058973212 3 -0.99973261 0.001810087 0.023053266 3 -0.022906289 0.059027735 -0.99799353
3 0.0041208835 -0.99785823 -0.065284178 3 -0.99944592 -0.0062662452 0.032691292 3 -0.033030357 0.065113038 -0.99733114
3 -0.28803676 -0.95640659 -0.048180152 3 -0.95651031 0.2849181 0.062527768 3 -0.04607375 0.064097822 -0.99687946
3 -0.0029495691 -0.99735427 -0.07263498 3 -0.99917662 7.7066943e-08 0.040573616 3 -0.040466249 0.072697811 -0.9965328
3 0.95174134 0.30683717 0.0062806616 3 0.30631235 -0.94844806 -0.081357665 3 -0.019008504 0.079354703 -0.99666518
3 0.9998579 0.007576949 0.015059923 3 0.009052732 -0.99489844 -0.10047533 3 0.014220637 0.10059737 -0.99482566
3 0.83389252 0.54293919 0.099198587 3 0.55072403 -0.83038503 -0.08463899 3 0.036420688 0.12521183 -0.99146128
3 0.84815037 0.50670516 0.15456674 3 0.52226263 -0.84867108 -0.083661139 3 0.088782556 0.15168032 -0.98443419
3 0.97752637 0.11618602 0.17590642 3 0.14633024 -0.97461754 -0.16943511 3 0.15175293 0.1913674 -0.96971631
3 -0.52358717 0.84696329 0.092246786 3 0.85078394 0.52549922 0.0041302592 3 -0.044977441 0.080644645 -0.9957276
3 0.99921954 0.003349185 -0.039357647 3 -4.0745363e-08 -0.99639857 -0.084790736 3 -0.039499532 0.084724568 -0.99562103
3 0.98612303 0.1648698 0.019478338 3 0.16599254 -0.98116088 -0.098841585 3 0.0028165048 0.1007034 -0.99491245
3 0.99947685 0.00743401 0.03147554 3 0.011012441 -0.99329412 -0.11509003 3 0.030407872 0.11537644 -0.99285638
3 0.1140525 0.98100185 0.15693007 3 0.99026012 -0.12495264 0.061410259 3 0.079852432 0.14839764 -0.98569852
3 0.16860473 0.96516675 0.20006399 3 0.97546577 -0.19253345 0.10675954 3 0.14155976 0.17715539 -0.97394919
3 0.14902833 0.98578489 0.077580638 3 0.98785102 -0.14492583 -0.05609775 3 -0.044056874 0.084998265 -0.99540663
3 -0.32897818 0.9396053 0.094420537 3 0.94409293 0.32952029 0.010241069 3 -0.021490922 0.092510857 -0.9954797
3 0.99987471 0.011497739 0.010878753 3 0.012576645 -0.99439788 -0.10495166 3 0.0096130623 0.10507536 -0.99441785
3 0.81606442 0.56839579 0.10471399 3 0.57643801 -0.81358749 -0.076120436 3 0.041928977 0.12248137 -0.99158466
3 0.99566495 0.016320288 0.091568738 3 0.029425381 -0.9891907 -0.14365102 3 0.088234521 0.14572276 -0.98538285
3 0.77042967 0.63701946 0.025384299 3 0.63536358 -0.76393288 -0.11278191 3 -0.052452359 0.1030188 -0.99329549
3 0.92144817 0.36333454 0.13755505 3 0.3774263 -0.92112911 -0.095239982 3 0.092102967 0.13967597 -0.98590451
3 0.88351184 0.42852822 -0.18913075 3 0.4675532 -0.83120716 0.30081335 3 -0.028301787 -0.35420176 -0.93474066
3 0.98988903 0.14103307 0.015140957 3 0.13001478 -0.94483066 0.30065146 3 0.056708533 -0.29564291 -0.953614
3 0.91423434 0.40257245 -0.045945186 3 0.39739931 -0.86875886 0.29551956 3 0.079054028 -0.28843215 -0.95423126
3 0.55140585 0.71608877 -0.42798182 3 0.81983078 -0.56006891 0.11916494 3 -0.15436666 -0.41658095 -0.89589691
3 0.81583363 0.48116806 -0.32076886 3 0.56541866 -0.78007931 0.26791355 3 -0.1213146 -0.39994216 -0.90847611
3 0.58511305 0.72760832 -0.35809067 3 0.80617356 -0.56975049 0.15958947 3 -0.08790268 -0.38205981 -0.91994756
3 0.96079957 0.25861883 -0.099902622 3 0.27723873 -0.89845628 0.34046283 3 -0.0017098346 -0.3548139 -0.93493533
3 0.98273206 0.18015182 0.04222621 3 0.15854186 -0.93747497 0.30984682 3 0.095402777 -0.29780224 -0.94984841
3 0.86611444 0.49984229 0.0018869991 3 0.47584814 -0.82568187 0.30301467 3 0.15301843 -0.26154694 -0.95298392
3 0.94430202 0.1739895 0.27932283 3 0.11465406 -0.9695645 0.21633023 3 0.30845779 -0.17225614 -0.93551129
3 0.17903627 0.88981235 -0.41973794 3 0.97117662 -0.22807699 -0.069257215 3 -0.15735833 -0.39523929 -0.90499943
3 0.44719905 0.78088295 -0.4361591 3 0.87714869 -0.47828573 0.043045968 3 -0.17499571 -0.40182805 -0.89883858
3 0.44836968 0.78144783 -0.43393987 3 0.87867922 -0.47439447 0.053598672 3 -0.16397522 -0.40532792 -0.8993451
3 0.32321823 0.84113514 -0.4336147 3 0.93286169 -0.36021885 -0.0034012347 3 -0.15905695 -0.40340286 -0.90109217
3 0.82589513 0.48245716 -0.29177436 3 0.554474 -0.78884017 0.26512185 3 -0.1022557 -0.38074547 -0.91900843
3 0.85248321 0.46085787 -0.24674383 3 0.51838195 -0.80618143 0.2852225 3 -0.067472138 -0.37105429 -0.92615676
3 0.98021549 0.19551045 -0.030873531 3 0.1949912 -0.92703444 0.32028976 3 0.034000292 -0.31997287 -0.94681644
3 0.98393857 -0.075782008 0.16162314 3 -0.11651915 -0.9585824 0.25989091 3 0.1352357 -0.27454898 -0.95201594
3 0.5809567 0.81191045 -0.057365742 3 0.78645939 -0.54179245 0.2965515 3 0.20969376 -0.21739818 -0.95329255
3 0.93722951 0.031657763 0.34727302 3 -0.019588415 -0.98951852 0.14307125 3 0.34815967 -0.14089322 -0.9267869
3 0.90116942 0.24052 0.36061579 3 0.17245764 -0.96219838 0.21079054 3 0.3976852 -0.12776655 -0.90858257
3 0.45533991 0.82557607 -0.33330151 3 0.88978344 -0.43494293 0.13823952 3 -0.030840361 -0.35951293 -0.9326303
3 0.45644 0.82713246 -0.327894 3 0.8895694 -0.43173575 0.14923245 3 -0.018127987 -0.35979909 -0.93285358
3 -0.042639948 0.92265958 -0.38325083 3 0.98976016 -0.013292581 -0.14212063 3 -0.13622344 -0.38538456 -0.91264564
3 0.82426262 0.44722885 -0.34724319 3 0.54063457 -0.80388194 0.2479693 3 -0.16824345 -0.39212337 -0.90439689
3 0.31541371 0.842816 -0.43609107 3 0.93278509 -0.3598339 -0.020776704 3 -0.17443126 -0.40022597 -0.89966273
3 0.76312953 0.54061228 -0.35407853 3 0.62904578 -0.74696571 0.21527591 3 -0.14810289 -0.38701445 -0.91010189
3 0.40341401 0.82664514 -0.39232004 3 0.90574825 -0.42163432 0.042948566 3 -0.12991233 -0.37266916 -0.91882557
3 0.50027364 0.78854787 -0.35765696 3 0.86120021 -0.49597436 0.11110162 3 -0.089781016 -0.36359751 -0.92721963
3 0.59630734 0.75158918 -0.28201285 3 0.80205303 -0.57251084 0.17012404 3 -0.033590555 -0.32763362 -0.94420749
3 0.97022474 0.24162389 0.016789041 3 0.22624414 -0.92885095 0.29334205 3 0.08647155 -0.28080964 -0.95586014
3 0.85643834 0.51226908 0.063983098 3 0.47680005 -0.832412 0.28240401 3 0.19792715 -0.21135446 -0.9571594
3 0.84525967 0.51973945 0.12412475 3 0.46990651 -0.8335737 0.29041827 3 0.25440705 -0.18715298 -0.94881546
3 0.8132875 0.51406491 0.27258149 3 0.43630448 -0.84872425 0.29884031 3 0.38497126 -0.12411366 -0.91454518
3 0.24701263 0.96900147 0.0045660003 3 0.85587645 -0.22038007 0.46787608 3 0.45437887 -0.11166341 -0.88378227
3 -0.98748678 0.1575942 0.0057952106 3 0.1449703 0.92162323 -0.3599911 3 -0.062073559 -0.35464644 -0.93293756
3 -0.01823861 0.93522179 -0.35359251 3 0.99869156 0.00014099106 -0.051140469 3 -0.047777802 -0.3540636 -0.93400013
3 -0.017886912 0.93909639 -0.34318808 3 0.99967998 0.010657525 -0.022940034 3 -0.017885381 -0.3434878 -0.93898672
3 -0.00085123151 0.93857712 -0.34506857 3 0.99988884 -0.0043399753 -0.014271187 3 -0.014892196 -0.34504431 -0.93846828
3 -0.0017780622 0.93809968 -0.3463608 3 0.99979377 -0.0053387568 -0.019592233 3 -0.0202286 -0.34632644 -0.93789595
3 -0.0022797727 0.93900961 -0.34388348 3 0.99986416 -0.003476145 -0.016120568 3 -0.016332753 -0.34387437 -0.93887377
3 -0.0069168499 0.93590689 -0.35217968 3 0.99829489 -0.013951326 -0.056681857 3 -0.057962328 -0.35196868 -0.93421549
3 0.087059759 0.92887717 -0.36001065 3 0.99186271 -0.11451965 -0.055618823 3 -0.092891425 -0.35223973 -0.93128848
3 -0.02204166 0.93677914 -0.34922636 3 0.99072081 -0.026392393 -0.13332605 3 -0.13411401 -0.34892315 -0.92750531
3 0.14434072 0.92394614 -0.35424468 3 0.97505021 -0.19381726 -0.10822253 3 -0.16865049 -0.32978532 -0.92886966
3 0.52798992 0.76684576 -0.36493048 3 0.83242965 -0.55241585 0.043560982 3 -0.16818766 -0.32677701 -0.93001592
3 0.49298 0.79199487 -0.36015934 3 0.85767114 -0.51193285 0.048218958 3 -0.14618857 -0.33266979 -0.93164361
3 0.85393411 0.48119009 0.19812268 3 0.42749724 -0.86577004 0.26016957 3 0.29671735 -0.13747209 -0.94501859
3 0.42930931 0.8952558 0.11920829 3 0.80440205 -0.43903467 0.4002327 3 0.41064718 -0.075932264 -0.90862721
3 0.57710671 0.77033192 0.27117643 3 0.64664215 -0.63383746 0.42438698 3 0.49880058 -0.069562465 -0.86392087
3 -0.71726918 0.67594594 -0.16918048 3 0.69162571 0.66111988 -0.29081675 3 -0.084727816 -0.32560346 -0.94170249
3 -0.99285263 0.11692014 0.023948055 3 0.1026277 0.93882239 -0.32875586 3 -0.060921133 -0.32394832 -0.94411135
3 -0.96922982 -0.21825716 0.11383082 3 -0.24306269 0.92166793 -0.30240482 3 -0.038912199 -0.32076776 -0.94635814
3 0.2037936 0.9289034 -0.30920318 3 0.97892284 -0.19765231 0.051416971 3 -0.013353004 -0.31316304 -0.94960552
3 -0.002735941 0.95151967 -0.30757552 3 0.99971008 -0.0047550341 -0.02360284 3 -0.0239211 -0.30755162 -0.9512307
3 -0.0025663855 0.95072198 -0.31003401 3 0.99982101 -0.0033699658 -0.018610302 3 -0.018738024 -0.31002814 -0.95054257
3 -0.15552776 0.94088924 -0.30089638 3 0.98760146 0.14152682 -0.067924947 3 -0.021324705 -0.30773133 -0.9512344
3 -0.0087733213 0.9497 -0.31303835 3 0.99877965 -0.0068928404 -0.048903741 3 -0.048601594 -0.31308606 -0.94848031
3 0.088431343 0.94812745 -0.30534276 3 0.99223059 -0.11077979 -0.056621868 3 -0.087510556 -0.29796329 -0.95055747
3 -0.023506314 0.95689887 -0.28946823 3 0.99219602 -0.013135362 -0.12399317 3 -0.12245119 -0.29012501 -0.94912225
3 0.4157162 0.85000557 -0.32352799 3 0.89725149 -0.4414649 -0.0069411322 3 -0.14872628 -0.28740048 -0.9461931
3 0.20200296 0.97872895 0.035839099 3 0.91159308 -0.20127235 0.35845152 3 0.35804006 -0.0397388 -0.9328602
3 0.55920756 0.77684087 0.28949162 3 0.69461763 -0.62966323 0.34789509 3 0.45254126 0.0065404153 -0.89171958
3 0.51489848 0.76909518 0.37864506 3 0.66178328 -0.63737798 0.39470506 3 0.54490584 0.04734797 -0.83715934
3 -0.52490222 0.82153088 -0.22263128 3 0.84562534 0.47354615 -0.24631679 3 -0.096930668 -0.31755486 -0.94327271
3 0.42089334 0.85364711 -0.30681506 3 0.9045912 -0.42017657 0.07188008 3 -0.067556255 -0.30779597 -0.94905108
3 -0.99485195 0.099108368 0.021146111 3 0.088656202 0.95226187 -0.29212573 3 -0.049088724 -0.2887471 -0.95614612
3 -0.86568809 -0.47259164 0.16504858 3 -0.49978963 0.83454525 -0.23182777 3 -0.028180653 -0.28318018 -0.9586525
3 -0.79439455 -0.57988733 0.18074292 3 -0.60725003 0.76487672 -0.21496722 3 -0.013589293 -0.28052494 -0.95975047
3 -0.61444986 -0.75423539 0.23147355 3 -0.78876424 0.59372789 -0.1591779 3 -0.017374707 -0.28038499 -0.95973027
3 -0.35301104 0.90234065 -0.24731481 3 0.93548453 0.33592167 -0.10966009 3 -0.015871279 -0.27007312 -0.96270895
3 0.59751582 0.769593 -0.22516967 3 0.80162019 -0.58013171 0.14440419 3 -0.01949425 -0.26678261 -0.96355975
3 0.52292967 0.81579512 -0.24702795 3 0.8508991 -0.51667196 0.094976775 3 -0.050151117 -0.25986251 -0.96434236
3 0.33709478 0.90058839 -0.27442244 3 0.93775082 -0.34706861 0.012917824 3 -0.083610445 -0.26169619 -0.96152192
3 0.54406649 0.79790276 -0.25950521 3 0.8323347 -0.55228388 0.04692214 3 -0.10588247 -0.24152572 -0.96460062
3 0.72101694 0.61101234 0.32680041 3 0.56885237 -0.79125255 0.22433543 3 0.39565438 0.024152378 -0.91808182
3 0.26392287 0.93944538 0.21860258 3 0.83546209 -0.3359156 0.43492985 3 0.48202488 0.067846246 -0.87352681
3 0.65623963 0.6001597 0.45733777 3 0.55138594 -0.79517955 0.25231552 3 0.51509529 0.086590208 -0.85274798
3 -0.81910825 0.57182723 -0.045555234 3 0.56806874 0.79755235 -0.20299801 3 -0.079747111 -0.19215587 -0.9781189
3 -0.68618739 0.71341252 -0.14208972 3 0.72511673 0.6552856 -0.21167591 3 -0.057902884 -0.24828097 -0.96695602
3 -0.71359032 0.68552184 -0.14439078 3 0.69952029 0.68598711 -0.20023279 3 -0.038213734 -0.24388845 -0.96905017
3 -0.92159659 -0.36936751 0.11927766 3 -0.38700339 0.8980059 -0.20931683 3 -0.029797211 -0.23906659 -0.97054583
3 -0.00061040756 0.97664207 -0.21487172 3 0.99995011 -0.0015448475 -0.0098623503 3 -0.0099639306 -0.21486656 -0.97659254
3 -0.21140388 0.96085459 -0.17907213 3 0.97731626 0.20542724 -0.051502865 3 -0.012700556 -0.18589762 -0.98248702
3 -0.30050609 0.93913919 -0.16647382 3 0.95370507 0.29368523 -0.064772218 3 -0.011938712 -0.17823303 -0.98391587
3 -0.0014843304 0.98500258 -0.17253302 3 0.99991047 -0.0008326777 -0.01335621 3 -0.013299565 -0.17253892 -0.98491299
3 -0.43687809 0.88610321 -0.15478572 3 0.89868712 0.42255598 -0.11750744 3 -0.038717866 -0.1904408 -0.98093492
3 0.26104811 0.9370873 0.23177887 3 0.86139864 -0.33450389 0.38223013 3 0.43571386 0.099873543 -0.89452714
3 0.39741743 0.84026653 0.36879784 3 0.76588917 -0.52509946 0.37105909 3 0.50544393 0.1349929 -0.85223448
3 0.49169415 0.71727109 0.4937197 3 0.70195168 -0.66201037 0.26269028 3 0.51526767 0.21740413 -0.82899618
3 0.82600343 0.16205232 0.53986788 3 0.30306202 -0.93524349 -0.18295565 3 0.47525954 0.31473547 -0.82162625
3 0.64148575 0.45055848 0.6208809 3 0.53438038 -0.84313142 0.059725836 3 0.55039513 0.29347396 -0.78162551
3 0.33530569 0.83124554 0.44339707 3 0.87108582 -0.45281729 0.19017336 3 0.35885862 0.32247069 -0.87591845
3 0.80782813 0.11984579 0.57710558 3 0.30399695 -0.92355359 -0.23374107 3 0.50497496 0.36426091 -0.78250521
3 -0.44082895 -0.49214455 -0.75064212 3 -0.62454349 0.76882792 -0.13729258 3 0.64468247 0.40828621 -0.64628708
3 -0.33285853 -0.93828762 -0.093924031 3 -0.942958 0.33182827 0.026843831 3 0.0059794136 0.097501606 -0.9952175
3 0.0005254944 -0.99528581 -0.096983433 3 -0.99997747 0.00012491288 -0.0067001809 3 0.0066807107 0.096983314 -0.99526352
3 0.69590843 0.71500146 0.066966563 3 0.71810973 -0.6935668 -0.057301834 3 0.0054748976 0.087966166 -0.99610835
3 0.00032205335 -0.99671304 -0.081012316 3 -0.99970883 -0.0022757507 0.024024876 3 -0.02413027 0.080978483 -0.99642378
3 0.0001154686 -0.99699181 -0.077506386 3 -0.9996345 -0.0022103658 0.02694346 3 -0.027033729 0.077477843 -0.99662751
3 -0.40382329 -0.91329139 -0.053154308 3 -0.91410476 0.40049452 0.06337405 3 -0.036590964 0.074180558 -0.99657321
3 0.94830877 0.13253056 0.28835067 3 0.19425209 -0.96092892 -0.19718532 3 0.25094992 0.24300508 -0.93700212
3 0.93675423 0.13712196 0.32200795 3 0.2179555 -0.94842559 -0.23018301 3 0.27383944 0.28580859 -0.91832745
3 0.67059273 0.50986111 0.53883857 3 0.61965567 -0.78433746 -0.029013187 3 0.40783861 0.35335046 -0.84190935
3 0.75285602 0.22687119 0.61784899 3 0.39746672 -0.904935 -0.1520299 3 0.5246219 0.36003101 -0.77145946
3 -0.71309614 0.10600968 -0.69300485 3 -0.22970483 0.89860499 0.37382489 3 0.66236514 0.42575991 -0.61644244
3 -0.69432849 -0.71328461 -0.095567033 3 -0.71948743 0.69090897 0.070588082 3 0.015678737 0.1177706 -0.99291706
3 -0.72719145 0.68266422 0.071847945 3 0.68630153 0.7209962 0.095678501 3 0.013514201 0.11888594 -0.99281579
3 -0.28903943 0.95086682 0.11094362 3 0.95727468 0.2859861 0.042863332 3 0.0090289805 0.11859272 -0.99290198
3 -0.16364129 0.97957802 0.11682692 3 0.9865154 0.16285205 0.016335003 3 -0.0030240929 0.11792463 -0.99301803
3 -0.58171433 0.80744761 0.098167159 3 0.81279135 0.5816769 0.031973582 3 -0.031284578 0.09838891 -0.99465621
3 -0.59535861 0.79793406 0.094071269 3 0.80276901 0.5956105 0.028462991 3 -0.033318248 0.092463188 -0.99515855
3 -0.4041197 0.90974993 0.095091082 3 0.9136712 0.40641913 -0.005334232 3 -0.043499649 0.084726311 -0.99545431
3 0.88619137 0.35302988 0.30005804 3 0.40245754 -0.90740383 -0.12102243 3 0.22955072 0.22801021 -0.94621241
3 -0.057921857 -0.94392824 -0.32503006 3 -0.93879265 0.16224511 -0.30388305 3 0.33957833 0.28753433 -0.89555043
3 0.7573663 0.370067 0.53800237 3 0.49714097 -0.86096919 -0.1076232 3 0.42337573 0.34897324 -0.83604467
3 -0.51686382 0.85080731 0.09475603 3 0.85597825 0.51203495 0.071563914 3 0.012368705 0.1180979 -0.99292493
3 -0.32234317 0.93975163 0.11385021 3 0.94658905 0.31897333 0.047174331 3 0.0080169747 0.12297567 -0.99237734
3 0.26628372 0.95674926 0.11714852 3 0.96389079 -0.26465297 -0.029551122 3 0.0027306909 0.12078737 -0.99267459
3 -0.4014948 0.90984523 0.10480259 3 0.91518652 0.40295535 0.0077823736 3 -0.035150014 0.099038512 -0.99446255
3 -0.37880683 0.91949171 0.10507295 3 0.92453033 0.38110352 -0.0019329526 3 -0.041821003 0.096410915 -0.99446267
3 -0.063813359 0.99378026 0.091262043 3 0.99685276 0.067785718 -0.041107867 3 -0.047038443 0.088351585 -0.99497813
3 -0.085466921 0.99262458 0.085973799 3 0.99565691 0.088286057 -0.029534265 3 -0.036906738 0.083076239 -0.99585944
3 0.73147279 -0.68158305 -0.019799285 3 -0.67314196 -0.71717364 -0.18039325 3 0.10875347 0.1452805 -0.98339522
3 0.9811902 -0.12662785 0.14570892 3 -0.096684366 -0.97565883 -0.19682959 3 0.16708526 0.17903963 -0.96955007
3 0.84547865 0.38971284 0.36508882 3 0.44837198 -0.8894105 -0.088948861 3 0.2900489 0.23889975 -0.926714
3 0.885993 0.10019617 0.45274392 3 0.21343656 -0.95491588 -0.2063515 3 0.41165745 0.27945819 -0.86743397
3 0.82843184 0.0060175657 0.56005776 3 0.20109579 -0.93646359 -0.287397 3 0.52274418 0.350714 -0.77700615
3 -0.25216591 0.96262741 0.098797284 3 0.96764642 0.25173879 0.016971933 3 -0.008533462 0.099880576 -0.99496287
3 -0.61008382 0.78570479 0.10230183 3 0.79135174 0.61066163 0.029237948 3 -0.039499406 0.098794326 -0.99432367
3 0.18272027 0.97963572 0.083229482 3 0.98168415 -0.17714572 -0.070111185 3 -0.053939678 0.094515808 -0.99406099
3 0.68952972 0.72355628 0.031866089 3 0.72216356 -0.68352681 -0.10616672 3 -0.055036251 0.096217602 -0.99383771
3 0.86282736 0.50540197 0.0098872371 3 0.50315392 -0.85677916 -0.11298493 3 -0.04863162 0.1024613 -0.99354756
3 0.10786222 0.98748201 0.11508673 3 0.99396652 -0.104798 -0.032369465 3 -0.01990341 0.11788379 -0.99282789
3 -0.49403775 0.86379951 0.098879397 3 0.86888635 0.48645958 0.091617793 3 0.031038579 0.1311776 -0.99087298
3 -0.49632871 0.86304408 0.093875952 3 0.86406988 0.48065609 0.14950882 3 0.083910652 0.15532091 -0.98429382
3 0.98694021 0.038304724 0.15646672 3 0.063181683 -0.98553407 -0.15725984 3 0.14817686 0.16509177 -0.97508371
3 0.92815977 0.26121721 0.26511326 3 0.29957682 -0.94703043 -0.11570337 3 0.22084764 0.18681329 -0.95724982
3 0.91639268 0.10405096 0.3865203 3 0.17481494 -0.97270179 -0.15261444 3 0.36009121 0.20742449 -0.90956557
3 0.85591263 -0.34241971 0.38750783 3 -0.2083589 -0.91419572 -0.34761012 3 0.47328749 0.21678282 -0.85381746
3 0.80780727 -0.10116965 0.58069974 3 0.098133288 -0.94832951 -0.30173072 3 0.58122098 0.30072618 -0.75613904
3 0.91085267 0.41272923 0.0014265843 3 0.41025898 -0.90501243 -0.11242849 3 -0.045111462 0.10299104 -0.99365884
3 0.31295019 0.94095564 0.12909082 3 0.94973177 -0.30882519 -0.051343232 3 -0.0084452135 0.13866955 -0.99030262
3 -0.50220871 0.85699987 0.11548831 3 0.86268252 0.48730052 0.13534023 3 0.059709061 0.1675988 -0.98404545
3 0.099884316 0.97981536 0.17316173 3 0.99092895 -0.11368293 0.071667202 3 0.089906156 0.16443253 -0.98228252
3 0.38230976 0.89017367 0.24785107 3 0.90613234 -0.41370744 0.088150673 3 0.18100724 0.19088502 -0.96477944
3 0.12925789 0.96129221 0.24333021 3 0.95693541 -0.18524902 0.22351104 3 0.25993612 0.20396076 -0.94383955
3 0.90408397 0.061684616 0.42287946 3 0.15233459 -0.97104341 -0.18403545 3 0.39928102 0.23080263 -0.88730216
3 0.72213095 0.40660655 0.55964088 3 0.48091084 -0.87661684 0.016363308 3 0.49724561 0.25732177 -0.82857257
3 0.11333397 0.97932386 0.1675715 3 0.99355125 -0.11228289 -0.015765138 3 0.0033762392 0.16827761 -0.98573387
3 0.83091456 0.53766453 0.14317086 3 0.55375391 -0.82418233 -0.11865962 3 0.054199822 0.17787741 -0.98255891
3 0.41153425 0.88091505 0.23372698 3 0.90347755 -0.42804444 0.022499926 3 0.11986605 0.20190758 -0.97204185
3 0.9498319 0.20680746 0.23462737 3 0.24654786 -0.95668066 -0.15484264 3 0.19244087 0.20492136 -0.95967376
3 0.65646487 0.65024406 0.38240895 3 0.68997204 -0.72249305 0.044074267 3 0.30494681 0.23491827 -0.92294145
3 0.71577626 0.53529739 0.44846538 3 0.59678459 -0.80238473 0.0052405298 3 0.36264691 0.26388609 -0.89378506
3 0.93706489 0.28186101 0.20606753 3 0.3129127 -0.93977731 -0.13749339 3 0.15490355 0.19332135 -0.96883017
3 0.97985184 0.018421292 0.19887522 3 0.060464099 -0.97637218 -0.20746586 3 0.19035435 0.21531054 -0.95781362
3 0.82043421 0.40819743 0.40032816 3 0.4739522 -0.87718737 -0.076889381 3 0.31977668 0.25281906 -0.91314054
3 0.73908436 0.4513216 0.50006318 3 0.53951287 -0.84110749 -0.038266316 3 0.40333647 0.29807258 -0.86514312
3 0.8901397 0.35626256 0.284127 3 0.39850551 -0.91099775 -0.10618907 3 0.22100787 0.20774931 -0.95288795
3 0.89552701 0.25943214 0.36156112 3 0.32671165 -0.93494195 -0.13835873 3 0.30214393 0.24203019 -0.92202514
3 0.33151025 -0.89721328 0.29173517 3 -0.93958217 -0.28599229 0.18813306 3 -0.085361458 -0.33647716 -0.93781483
3 0.44465226 -0.85296267 0.27338415 3 -0.89470243 -0.40853792 0.18056592 3 -0.042328235 -0.32488653 -0.9448052
3 0.65969515 -0.70894945 0.2493853 3 -0.75116551 -0.63239145 0.18929201 3 0.02351068 -0.31220466 -0.9497239
3 0.97548103 0.21076997 0.063349001 3 0.18026377 -0.93030339 0.31943864 3 0.12626185 -0.30018672 -0.9454872
3 0.86141652 -0.39469188 0.31965604 3 -0.46022478 -0.87279487 0.16255024 3 0.21483691 -0.28713709 -0.93348682
3 0.79775059 0.49319217 -0.34692273 3 0.58115304 -0.78228718 0.22424954 3 -0.16079497 -0.38051036 -0.91069031
3 0.9315275 0.25643024 -0.25787595 3 0.32995233 -0.89412338 0.3027789 3 -0.15292989 -0.36713329 -0.91751069
3 0.87597197 0.41990879 -0.23738134 3 0.4743185 -0.83933794 0.26558238 3 -0.087724835 -0.34523803 -0.93440628
3 0.81875008 0.53574973 -0.20644747 3 0.57367009 -0.77805191 0.25600362 3 -0.023473764 -0.32803625 -0.94437343
3 0.82858789 0.54636574 -0.12217429 3 0.55696929 -0.78230131 0.27890807 3 0.056806646 -0.29914856 -0.95251405
3 0.66580212 -0.67248833 0.3232134 3 -0.72657698 -0.68288165 0.0758835 3 0.16968572 -0.28536281 -0.94327873
3 0.63597262 -0.6802969 0.36432815 3 -0.73001611 -0.68342769 -0.0018211454 3 0.25023082 -0.26480716 -0.93126893
3 0.92003417 -0.15979435 0.35777497 3 -0.22831473 -0.96067286 0.15805259 3 0.31844875 -0.22709908 -0.92033517
3 0.76268059 0.5219295 -0.38197878 3 0.62468338 -0.74747771 0.2259372 3 -0.16759638 -0.41093311 -0.89612806
3 0.7790696 0.50793564 -0.36749408 3 0.6060214 -0.76027966 0.23390773 3 -0.16059029 -0.40494105 -0.90012968
3 0.81193537 0.47469008 -0.33975035 3 0.56401712 -0.78797001 0.24695754 3 -0.15048562 -0.39213905 -0.90751368
3 0.83122385 0.46269909 -0.30818272 3 0.54128838 -0.80000579 0.25883937 3 -0.12678342 -0.38196921 -0.91543734
3 0.89315987 0.38946864 -0.22489943 3 0.44217193 -0.85179955 0.2809301 3 -0.082156628 -0.35036007 -0.93300498
3 0.83567148 0.52349681 -0.1661455 3 0.54908276 -0.78930628 0.27478015 3 0.012707713 -0.32085302 -0.9470439
3 0.99227899 -0.014603486 0.12316323 3 -0.047619 -0.96179199 0.2696082 3 0.11451872 -0.27339146 -0.95506155
3 0.84377319 0.5344193 0.049424861 3 0.49510431 -0.81061822 0.31268191 3 0.20716912 -0.23936142 -0.94857115
3 0.91658145 0.30211335 0.26192719 3 0.22933275 -0.93381917 0.27456897 3 0.32754111 -0.19159719 -0.9252066
3 0.81296337 0.50149143 0.29596788 3 0.40670261 -0.85273945 0.32776254 3 0.41675249 -0.14608867 -0.8972041
3 -0.24488941 0.90014941 -0.36022225 3 0.96162337 0.17808662 -0.20872341 3 -0.12373152 -0.39751232 -0.9092164
3 0.061165094 0.90811962 -0.4142195 3 0.98851341 -0.11257534 -0.10083871 3 -0.13820449 -0.40329364 -0.90457392
3 0.30802941 0.84015423 -0.44638404 3 0.93749702 -0.34790403 -0.0078774393 3 -0.16191675 -0.41605639 -0.89480722
3 0.78775752 0.48656377 -0.37774825 3 0.59265351 -0.7658568 0.24944952 3 -0.16792713 -0.4203791 -0.89167362
3 0.64389503 0.63934422 -0.42028338 3 0.74701017 -0.64410681 0.16462752 3 -0.16545257 -0.41995767 -0.89233458
3 0.89002931 0.34702507 -0.29567119 3 0.43305591 -0.84625465 0.31034768 3 -0.14251681 -0.4042615 -0.90347201
3 0.90357494 0.38929304 0.17889464 3 0.33305869 -0.90091634 0.27824759 3 0.26948738 -0.19183582 -0.94370311
3 0.41832983 0.90829515 0.00048130751 3 0.84009081 -0.38711858 0.37998271 3 0.34532273 -0.1585537 -0.92499352
3 0.38547233 0.91214311 0.13930535 3 0.78331023 -0.40327591 0.4730683 3 0.48768452 -0.073235437 -0.86994278
3 -0.99761772 0.067555234 0.01396957 3 0.057135507 0.9226234 -0.38144666 3 -0.038657412 -0.37973979 -0.92428529
3 -0.98753035 0.14934802 -0.049787939 3 0.15719353 0.91818202 -0.36363658 3 -0.0085939802 -0.36692855 -0.93020928
3 -0.9929682 -0.10230704 0.059561074 3 -0.11708754 0.92294848 -0.36668363 3 -0.017457472 -0.371079 -0.92843723
3 0.99956024 -0.015192052 -0.025467856 3 -0.0045336103 -0.92699867 0.37503731 3 -0.029304396 -0.37475693 -0.92665988
3 0.91404772 0.3541677 -0.19769198 3 0.40188015 -0.85671371 0.32331762 3 -0.054856788 -0.37497616 -0.92541003
3 0.31140864 0.86688924 -0.38926545 3 0.94652295 -0.31933105 0.04606311 3 -0.08437296 -0.38279325 -0.91997313
3 -0.82720637 0.54744226 -0.12663561 3 0.54910254 0.73975003 -0.38891679 3 -0.11923046 -0.39125061 -0.91252786
3 0.28722805 0.85756987 -0.42670128 3 0.94726443 -0.32039151 -0.0062741414 3 -0.14209147 -0.40239531 -0.90437162
3 0.31303155 0.84278631 -0.43786135 3 0.93516672 -0.35397783 -0.012768805 3 -0.16575535 -0.40547839 -0.89895082
3 -0.8067894 -0.47186482 -0.35557616 3 -0.3809779 0.87546378 -0.29735303 3 0.45160455 -0.10443461 -0.88608503
3 0.85216093 0.026447773 0.5226109 3 -0.014542518 -0.99713922 0.07417503 3 0.52307761 -0.070809148 -0.84933859
3 -0.92082882 -0.34270182 0.18609077 3 -0.38704717 0.86144847 -0.32878691 3 -0.047631744 -0.37478235 -0.92588836
3 -0.86742961 -0.44368884 0.22517969 3 -0.49559987 0.81059504 -0.31195539 3 -0.044118416 -0.38219845 -0.92302644
3 -0.96098018 -0.24762765 0.12327889 3 -0.27588302 0.89043683 -0.36195448 3 -0.020142147 -0.38184163 -0.92400831
3 -0.92176431 -0.3483831 0.17023447 3 -0.38695943 0.85452217 -0.34648851 3 -0.024758365 -0.38525456 -0.9224782
3 0.50067258 0.79472119 -0.34314004 3 0.86516285 -0.47251749 0.16798866 3 -0.028636336 -0.38098064 -0.92413932
3 -0.083957672 0.92404181 -0.37295812 3 0.99438715 0.053509813 -0.09127333 3 -0.064383231 -0.37853041 -0.92334694
3 0.43855479 0.81368035 -0.38156769 3 0.89517999 -0.43307167 0.10536417 3 -0.079514191 -0.3877812 -0.91831541
3 0.39586142 0.82429874 -0.40475357 3 0.90975481 -0.41204932 0.05061125 3 -0.12505892 -0.38826004 -0.91302478
3 0.87056875 0.070392072 0.48698556 3 0.0096548572 -0.9919672 0.12612572 3 0.491952 -0.10509934 -0.86425531
