ply
format ascii 1.0
comment PCL generated
element vertex 835
property list uint float x_axis
property list uint float y_axis
property list uint float z_axis
element camera 1
property float view_px
property float view_py
property float view_pz
property float x_axisx
property float x_axisy
property float x_axisz
property float y_axisx
property float y_axisy
property float y_axisz
property float z_axisx
property float z_axisy
property float z_axisz
property float focal
property float scalex
property float scaley
property float centerx
property float centery
property int viewportx
property int viewporty
property float k1
property float k2
end_header
3 0.30941013 0.94015986 0.14270516 3 -0.94424194 0.3215206 -0.070934586 3 -0.11257385 -0.11280443 0.98721951
3 0.059247151 0.99100518 0.11999405 3 -0.99187553 0.071998134 -0.10487793 3 -0.11257385 -0.11280443 0.98721951
3 0.90424186 0.40023822 0.1488488 3 -0.41191378 0.90944171 0.056946129 3 -0.11257385 -0.11280443 0.98721951
3 0.55978644 0.81366485 0.1568078 3 -0.82095444 0.57028455 -0.028450996 3 -0.11257385 -0.11280443 0.98721951
3 0.0041589472 0.99347299 0.11399208 3 -0.99363476 0.016938321 -0.11136994 3 -0.11257385 -0.11280443 0.98721951
3 -0.55080807 0.8339994 0.032487527 3 -0.82700521 -0.54011124 -0.1560201 3 -0.11257385 -0.11280443 0.98721951
3 0.99042803 -0.09259975 0.1023607 3 0.079869539 0.98929298 0.12214898 3 -0.11257385 -0.11280443 0.98721951
3 0.97315836 -0.21321857 0.086606726 3 0.20072392 0.97047055 0.13377941 3 -0.11257385 -0.11280443 0.98721951
3 -nan -nan -nan 3 -nan -nan -nan 3 -0.11257385 -0.11280443 0.98721951
3 -0.91574478 0.39740333 -0.0590095 3 -0.3856678 -0.91068405 -0.14803728 3 -0.11257385 -0.11280443 0.98721951
3 0.93552971 -0.34682706 0.067045629 3 0.33483139 0.93112075 0.14457555 3 -0.11257385 -0.11280443 0.98721951
3 0.65748096 0.28633124 -0.69694567 3 -0.68839556 -0.14776877 -0.7101239 3 -0.30631745 0.94666725 0.099954002
3 -0.98884892 0.12875047 0.074840724 3 0.053019464 -0.16525576 0.98482466 3 0.13916451 0.9778108 0.15658669
3 0.95763767 -0.022667754 -0.28708231 3 -0.28013802 0.15767115 -0.94692272 3 0.06672921 0.98723155 0.14464174
3 -0.55309057 0.1618865 -0.81724143 3 -0.83146656 -0.1690487 0.52923119 3 -0.052478213 0.97222173 0.22810248
3 0.89327842 -0.42850798 -0.13577533 3 -0.065122321 0.17549951 -0.98232359 3 0.44476181 0.88633013 0.12886445
3 0.58930117 -0.3098498 -0.74613506 3 -0.58038443 0.48010385 -0.65776467 3 0.56203043 0.82066643 0.1030937
3 -0.90687239 0.08077959 -0.41359049 3 -0.42140344 -0.17676084 0.88947999 3 -0.0012547625 0.98093337 0.19434032
3 -0.90814805 0.29488516 -0.29716948 3 -0.34412605 -0.12156055 0.93102092 3 0.23842023 0.94776875 0.21187268
3 -0.92447287 0.34375054 -0.16488108 3 -0.21102309 -0.10118613 0.97223008 3 0.31752083 0.93359375 0.16608308
3 0.52530032 -0.087905526 -0.84636414 3 -0.74653679 0.4297058 -0.5079723 3 0.40834114 0.89867991 0.16009986
3 -0.050879404 0.11059547 -0.99256229 3 -0.95298642 -0.3026351 0.015129838 3 -0.29871091 0.94666821 0.12079388
3 -0.96715206 0.055192165 -0.24813415 3 -0.2525003 -0.095952556 0.96282732 3 0.029331423 0.99385452 0.10673677
3 -0.98678964 0.14098051 -0.079817325 3 -0.10094095 -0.14967775 0.98356891 3 0.12671714 0.97863233 0.16193114
3 -0.97818738 0.13142097 -0.16086636 3 -0.17831586 -0.13402162 0.97480339 3 0.10655004 0.98222536 0.1545327
3 0.65402991 0.047789209 -0.75495762 3 -0.75022227 0.16896389 -0.63923216 3 0.097012192 0.98446304 0.14635998
3 0.65905762 0.034005158 -0.75132322 3 -0.74518871 0.16456908 -0.64622796 3 0.10166949 0.98577917 0.13380077
3 0.57227242 0.1126274 -0.8122927 3 -0.81917691 0.12456221 -0.55985141 3 0.038126357 0.9857989 0.16354528
3 0.33863157 0.15563264 -0.92795867 3 -0.94056338 0.083107099 -0.32929298 3 0.025871214 0.98431283 0.17452502
3 -0.82224876 0.11613004 -0.55715418 3 -0.56910717 -0.15934287 0.80667645 3 0.0049008238 0.98036915 0.19710992
3 -0.95856011 0.033416711 -0.28292385 3 -0.28276378 -0.23271318 0.93053162 3 -0.034744818 0.97197104 0.2325186
3 0.74482441 0.18134838 -0.64214444 3 -0.66501397 0.12283918 -0.73665971 3 -0.054711539 0.97571701 0.21209279
3 0.98963833 0.080015004 -0.11922061 3 -0.13361365 0.20921595 -0.96869802 3 -0.052567516 0.97459024 0.21773922
3 0.88611054 -0.077038884 0.45702669 3 0.4625828 0.20813763 -0.86179823 3 -0.028732453 0.97506094 0.22006975
3 0.97055984 0.014090011 -0.24044742 3 -0.2381665 0.20501573 -0.94933921 3 0.035919297 0.97865713 0.20233583
3 0.96674693 -0.020614795 -0.25490347 3 -0.24428487 0.22048138 -0.94430584 3 0.075668119 0.97517347 0.20811374
3 0.72087002 0.020042121 -0.69278038 3 -0.6739167 0.25364155 -0.69390357 3 0.16181061 0.96709061 0.19634934
3 -0.011543989 0.24156973 -0.97031468 3 -0.97137773 0.2275373 0.068204373 3 0.23725896 0.94332963 0.23202881
3 0.046798855 0.17229114 -0.98393369 3 -0.94850802 0.31658456 0.010321449 3 0.31327653 0.93278611 0.17823537
3 0.78347629 0.17531541 -0.59617919 3 -0.60631645 0.0054171532 -0.7952053 3 -0.13618214 0.98449755 0.11054082
3 0.34912083 0.12193087 -0.92911118 3 -0.93448812 -0.028358463 -0.35486284 3 -0.069616891 0.99213332 0.10404241
3 -0.9723587 0.015403558 -0.23298369 3 -0.23305136 -0.12532309 0.96435547 3 -0.014343726 0.99199647 0.12544879
3 0.91141123 0.015641019 -0.41119924 3 -0.40278661 0.23842032 -0.88369596 3 0.084216371 0.97103608 0.22359899
3 -0.18550529 -0.53781992 -0.82239717 3 0.72047251 -0.6435622 0.25835338 3 -0.66821158 -0.54458886 0.50686884
3 -0.52769268 -0.32543623 -0.78462225 3 0.56067407 -0.82734191 -0.033922791 3 -0.63811094 -0.457818 0.61904567
3 -0.62885118 -0.053934664 -0.77565289 3 -0.71578187 -0.34943417 0.60460919 3 -0.30364898 0.93540734 0.18113661
3 -0.92679793 -0.31475341 0.20487949 3 0.24386117 -0.089477569 0.96567333 3 -0.28561696 0.94494647 0.15968381
3 -0.402161 0.20094061 -0.89324659 3 -0.91556823 -0.089537971 0.39206865 3 -0.0011969702 0.97550285 0.21998349
3 -0.48163539 0.32702503 -0.8130694 3 -0.80895919 0.19093058 0.55599487 3 0.33706409 0.92552692 0.17259097
3 -0.82878315 0.11533893 -0.54755402 3 -0.55956322 -0.16605684 0.81198156 3 0.0027279807 0.97934771 0.20216455
3 -0.92502218 0.1976859 -0.32442906 3 -0.35669661 -0.15797049 0.92076749 3 0.13077253 0.96745312 0.2166401
3 -0.98102516 0.16015133 -0.10927529 3 -0.13863175 -0.18541686 0.97283179 3 0.13553883 0.96952158 0.20410068
3 -0.81634814 0.17739736 -0.54964161 3 -0.57039899 -0.098235473 0.81547219 3 0.090668306 0.97922421 0.18138161
3 0.99273968 -0.091215916 -0.078406438 3 -0.065510944 0.13665922 -0.98844951 3 0.10087729 0.9864096 0.12969139
3 0.87051928 0.0030694138 -0.49212486 3 -0.48606682 0.16190502 -0.85879338 3 0.077041477 0.98680162 0.14243338
3 -0.75974166 0.1439779 -0.63408446 3 -0.65004039 -0.19143018 0.73539263 3 -0.015502629 0.97088879 0.23902887
3 -0.74064881 0.14132258 -0.65686178 3 -0.67017198 -0.22530141 0.70718366 3 -0.048050817 0.96398497 0.26157966
3 -0.21553952 0.22737783 -0.94965363 3 -0.97494203 -0.10493705 0.1961538 3 -0.055052821 0.96813619 0.24429828
3 0.96377784 0.10651702 -0.24451272 3 -0.2631053 0.22956838 -0.93705606 3 -0.04368002 0.96744639 0.24927808
3 0.99474829 -0.039203525 0.094546139 3 0.10106336 0.23011133 -0.96790242 3 0.016189072 0.97237438 0.23286489
3 0.66085482 0.19011034 -0.72603655 3 -0.7454977 0.054621682 -0.66426623 3 -0.086626537 0.98024201 0.1778238
3 -0.13611808 -0.7819317 -0.60832131 3 0.75212729 -0.48121908 0.4502593 3 -0.64480776 -0.39624658 0.6536147
3 -0.34604383 -0.63470006 -0.69094837 3 0.67251813 -0.68130797 0.28903097 3 -0.6541965 -0.36465782 0.6626097
3 -0.75140554 0.099899143 -0.65223455 3 0.1669454 -0.9275291 -0.33439359 3 -0.63837218 -0.36015275 0.68027276
3 -0.62573606 0.1260481 0.76978332 3 0.68942022 -0.37228715 0.62137121 3 0.36490306 0.91951841 0.14605337
3 0.82803869 0.053726465 -0.55809098 3 -0.55843776 0.16778819 -0.81240058 3 0.049993657 0.98435801 0.16893798
3 0.079165973 0.19428767 -0.97774488 3 -0.99649543 0.042002693 -0.072337806 3 0.027013572 0.98004496 0.19693199
3 -0.26933187 0.24137986 -0.93230677 3 -0.9622429 -0.1070075 0.25027516 3 -0.039352458 0.96451283 0.26108658
3 0.19436714 0.27166536 -0.94256002 3 -0.97947979 0.0015378855 -0.20153719 3 -0.053301122 0.96239066 0.26638964
3 0.6167233 0.24864408 -0.74687934 3 -0.78468573 0.1187112 -0.60842115 3 -0.062617362 0.9612928 0.26831937
3 0.25216228 0.29573271 -0.92138845 3 -0.96671981 0.034465466 -0.25350621 3 -0.043213971 0.95464885 0.29458141
3 0.52446282 0.10853183 -0.84448779 3 -0.8362729 0.25199819 -0.48697478 3 0.15995711 0.96162242 0.22292592
3 0.43381429 0.095734455 -0.89590192 3 -0.87469316 0.28328094 -0.39327368 3 0.21614206 0.95424682 0.20662954
3 0.86155301 -0.29777381 0.41116548 3 0.45061857 0.075540788 -0.88951468 3 0.23381445 0.95164293 0.19926484
3 0.80497795 -0.3860507 0.45052806 3 0.48056853 -0.021066695 -0.87670428 3 0.3479434 0.92223704 0.16856557
3 -0.56783646 0.093414642 -0.81782359 3 -0.81020939 -0.23885062 0.53526735 3 -0.14533587 0.96655267 0.21131352
3 0.44726986 0.22924669 -0.86452037 3 -0.89033312 0.022058882 -0.45477498 3 -0.085185319 0.97311842 0.21397223
3 -0.77631086 0.21833614 -0.59132981 3 -0.62227046 -0.1157262 0.77420092 3 0.10060365 0.96898752 0.22570358
3 -0.73757321 0.22023457 -0.63834363 3 -0.66719931 -0.091988862 0.73917747 3 0.1040719 0.97109985 0.21478885
3 -0.18461128 0.21352981 -0.95933503 3 -0.97964746 0.038283568 0.19704133 3 0.078800969 0.97618616 0.20211636
3 -0.23676112 0.18321742 -0.95413589 3 -0.96811074 0.038281355 0.24757983 3 0.08188656 0.98232675 0.16831122
3 0.4994424 0.088371217 -0.86182821 3 -0.86252433 0.14406827 -0.48507318 3 0.08129558 0.98561388 0.14817615
3 0.035956174 0.24265182 -0.9694469 3 -0.99912637 -0.011943482 -0.040046412 3 -0.021295905 0.97003984 0.2420104
3 0.053804502 0.26499009 -0.96274889 3 -0.99673033 -0.04395055 -0.067800693 3 -0.06027985 0.96324891 0.26175892
3 0.86440718 0.16090906 -0.47634917 3 -0.50167048 0.21276061 -0.83848667 3 -0.03357175 0.96376419 0.26463512
3 0.6603806 0.17836921 -0.72943962 3 -0.75077873 0.17641242 -0.63656145 3 0.015139221 0.96802032 0.25041509
3 0.42130214 0.17813912 -0.88925296 3 -0.90448546 0.15433197 -0.39760238 3 0.066411629 0.97182721 0.22614467
3 0.8964901 0.0058761463 -0.44302475 3 -0.43135068 0.23997125 -0.86968398 3 0.10120283 0.97076213 0.21766654
3 -0.26650175 0.17866297 -0.94713068 3 -0.9624306 -0.10234845 0.25150022 3 -0.052003574 0.97857261 0.19922672
3 -0.35220832 0.16854694 -0.92061996 3 -0.93541408 -0.095780693 0.34033272 3 -0.030815586 0.98102897 0.19139597
3 0.56957239 -0.82192647 0.0049261451 3 0.55439115 0.38858876 0.73596823 3 -0.60682601 -0.4164561 0.67699814
3 0.046522945 -0.90397942 -0.42503762 3 0.77795649 -0.23411497 0.58307296 3 -0.62659353 -0.35778701 0.69236487
3 0.7668795 -0.47264612 0.43416783 3 0.17211884 0.80317444 0.57033896 3 -0.61828089 -0.36265269 0.69728911
3 -0.66023058 -0.26904628 -0.70122021 3 0.43448755 -0.89837271 -0.064399362 3 -0.61263061 -0.34718984 0.71003032
3 0.90658969 -0.30091736 0.29587832 3 0.330742 0.071168087 -0.94103402 3 0.26211634 0.95099103 0.16404624
3 0.94704443 -0.31506744 -0.061964948 3 -0.020011619 0.13468838 -0.99068606 3 0.3204788 0.9394635 0.12125083
3 -0.56083179 -0.27157411 0.78212231 3 0.81571633 -0.019584961 0.57812041 3 -0.14168467 0.96221817 0.23251125
3 -0.069759242 -0.17086472 0.98282194 3 0.99606484 -0.065920308 0.059238881 3 0.054666061 0.98308671 0.17479125
3 0.80583853 0.022568393 -0.59170508 3 -0.58686626 0.16345105 -0.79301435 3 0.078817748 0.98629332 0.14495979
3 0.77694374 0.032596994 -0.62872565 3 -0.62383378 0.17436537 -0.76185846 3 0.084793687 0.98414141 0.15580718
3 0.91009867 -0.12348999 0.3955636 3 0.41279176 0.18636833 -0.89155477 3 0.036378272 0.97468817 0.22058955
3 -0.34584746 -0.24175914 0.90661019 3 0.93820429 -0.075981103 0.33763844 3 -0.0127421 0.96735686 0.25309777
3 -0.034563005 0.28586051 -0.9576478 3 -0.99841046 -0.052561134 0.020344552 3 -0.044519346 0.95682865 0.28722277
3 0.95494378 0.10725281 -0.27672973 3 -0.29597193 0.27509275 -0.91472667 3 -0.021980925 0.95541662 0.29444197
3 0.98336667 0.055728849 -0.1728707 3 -0.18157522 0.27795133 -0.94327796 3 -0.0045174747 0.95897716 0.28344694
3 -0.98577219 0.086517625 -0.14411025 3 -0.16171575 -0.25436354 0.95349199 3 0.045837454 0.96323091 0.26473579
3 0.98346609 -0.11890696 -0.13658534 3 -0.10181838 0.26065406 -0.9600482 3 0.14975837 0.95808172 0.24423745
3 0.74104214 0.018127695 -0.67121375 3 -0.64740956 0.28442705 -0.70707995 3 0.17809361 0.95852625 0.22250849
3 -0.95715606 0.007508643 -0.28947538 3 -0.28318703 -0.23305123 0.93031842 3 -0.060477126 0.97243553 0.22519273
3 -0.67561233 0.17997296 -0.71495289 3 -0.73725528 -0.16699871 0.65464944 3 -0.0015770148 0.96939212 0.24551243
3 -0.94772953 0.11840335 -0.29629284 3 -0.31622192 -0.22464103 0.92170501 3 0.042574149 0.9672212 0.25034088
3 -0.95575982 0.13271391 -0.26250735 3 -0.28600177 -0.210704 0.93477631 3 0.068746999 0.96849918 0.23933898
3 0.13446273 -0.24230203 0.96083796 3 0.98818076 -0.039244495 -0.14818576 3 0.073613316 0.9694069 0.23416136
3 0.44904616 0.14356539 -0.88189936 3 -0.89128083 0.14162552 -0.43076766 3 0.063056141 0.97945458 0.19155349
3 -0.43903425 -0.14045848 0.88742346 3 0.89707476 -0.12355654 0.42425293 3 0.050057128 0.98234671 0.18024713
3 0.32589453 0.10969663 -0.9390204 3 -0.94221342 0.11924517 -0.31307244 3 0.077630669 0.98678631 0.14221901
3 0.54189545 0.24993947 -0.80242109 3 -0.84018952 0.13752633 -0.5245645 3 -0.020755347 0.95844489 0.2845214
3 -0.032719664 -0.88641059 -0.46174204 3 0.79979682 -0.30027628 0.51976854 3 -0.59937853 -0.35229313 0.71877325
3 0.64265674 -0.73949462 0.20034993 3 0.51126635 0.60869122 0.60671413 3 -0.57061303 -0.28747672 0.76925814
3 -0.1741693 -0.8551178 -0.48830199 3 0.80031395 -0.41184032 0.43575874 3 -0.57372737 -0.31489912 0.75609243
3 -0.25377154 -0.81383049 -0.52276188 3 0.78544354 -0.48880169 0.37967283 3 -0.56451619 -0.31424981 0.76326185
3 -0.59464478 0.79586822 -0.1139812 3 -0.55878711 -0.51104605 -0.65313834 3 -0.57806146 -0.32469401 0.74861151
3 -0.75347525 -0.17305361 -0.63429284 3 0.33113766 -0.93333012 -0.1387181 3 -0.56799901 -0.31455895 0.76054573
3 -0.5155381 -0.61114144 -0.60060519 3 0.66267705 -0.72872329 0.17268872 3 -0.54321223 -0.30897966 0.78067404
3 -0.58334273 -0.53421134 -0.61182493 3 0.60562634 -0.7880224 0.11062448 3 -0.54122847 -0.30600521 0.78321946
3 -0.8400774 0.2775929 -0.46606022 3 -0.075638488 -0.91069859 -0.40608758 3 -0.53716743 -0.30589291 0.78605402
3 0.8067894 -0.28495649 0.5175814 3 0.5528059 0.05484084 -0.83150339 3 0.20855772 0.95697033 0.20177068
3 -0.19154386 -0.31603348 0.92921138 3 0.97292536 0.063616812 0.22219154 3 -0.12933344 0.94661272 0.29529157
3 -0.95747811 -0.035144493 0.28635734 3 0.28361681 -0.29661158 0.91191185 3 0.052888226 0.95435137 0.29396665
3 -0.51911598 -0.21648061 0.8268342 3 0.8528828 -0.19431964 0.48459372 3 0.055764757 0.9567529 0.28550735
3 -0.25391504 -0.2471703 0.9351117 3 0.96625078 -0.10823657 0.2337611 3 0.043434497 0.96290797 0.26631135
3 0.41476637 0.21194938 -0.88489908 3 -0.9091782 0.1360032 -0.39357114 3 0.036931962 0.96777093 0.24910925
3 -0.18632966 -0.24026643 0.95265591 3 0.98235208 -0.06164917 0.17658959 3 0.016301857 0.96874738 0.2475135
3 -0.072281212 -0.17268081 0.9823221 3 0.99567407 -0.070146732 0.060932696 3 0.058384791 0.98247701 0.17700402
3 -0.39480758 -0.1256786 0.91012728 3 0.91480225 -0.14566329 0.37672108 3 0.085226208 0.98131901 0.17248046
3 0.93413836 -0.023225276 -0.35615462 3 -0.34541988 0.19234309 -0.9185257 3 0.089836739 0.98105299 0.17165264
3 0.99393231 -0.094513789 0.056264091 3 0.074665129 0.2041306 -0.97609198 3 0.08076933 0.97437036 0.20994891
3 0.85192639 0.054325711 -0.520836 3 -0.51852632 0.22646175 -0.8245275 3 0.073156178 0.9725039 0.22109818
3 0.96181369 -0.11039396 0.25045472 3 0.27017501 0.23644087 -0.93332791 3 0.043815106 0.96535432 0.25723752
3 -0.97302228 -0.06598755 0.22107302 3 0.23070832 -0.27353719 0.93378329 3 -0.0011469703 0.95959526 0.28138179
3 -0.80654001 -0.21002473 0.55261457 3 0.59022474 -0.23296706 0.77289134 3 -0.033585101 0.94953465 0.31185889
3 0.93146032 0.14798987 -0.3323862 3 -0.3616488 0.27640563 -0.89039874 3 -0.039896544 0.94957829 0.31098124
3 0.87990326 0.1573257 -0.44835138 3 -0.47500867 0.2679984 -0.83817881 3 -0.011710204 0.9504869 0.31054398
3 0.91874874 0.10847946 -0.37964863 3 -0.39463806 0.28325555 -0.87408662 3 0.012717083 0.95288968 0.30305076
3 0.83633804 0.076405451 -0.54286373 3 -0.54113138 0.27371943 -0.79514444 3 0.087838955 0.95876998 0.27026731
3 0.97533643 -0.1069966 -0.19305637 3 -0.16118191 0.25229496 -0.95413214 3 0.15079603 0.96171683 0.22882651
3 0.80768824 -0.036595717 -0.58847302 3 -0.55877084 0.27105001 -0.78377753 3 0.18818848 0.96186942 0.19847529
3 -0.67474818 -0.23608859 0.69926882 3 0.73432034 -0.11964642 0.66817528 3 -0.074083552 0.96433753 0.25409588
3 -0.85589373 -0.13619757 0.49889472 3 0.51712751 -0.23468703 0.82310432 3 0.0049792933 0.96248221 0.27129874
3 -0.36451182 -0.2000149 0.90946424 3 0.93030965 -0.12088892 0.34627998 3 0.040683173 0.97230655 0.23014076
3 -0.52782774 -0.61737376 -0.58330727 3 0.64515758 -0.73810458 0.19741623 3 -0.55242145 -0.2721234 0.78789556
3 -0.075736836 -0.92427462 -0.37413955 3 0.84742522 -0.25740236 0.46434325 3 -0.52548504 -0.28188738 0.80274844
3 -0.30039042 -0.81066549 -0.5025804 3 0.7847991 -0.50952959 0.35280305 3 -0.54208481 -0.28844598 0.78926736
3 -0.10706896 -0.91543984 -0.38795131 3 0.84680301 -0.28843623 0.44691104 3 -0.52101934 -0.28066796 0.80607969
3 -0.83143246 0.31649476 -0.45667389 3 -0.10609473 -0.89721847 -0.42865238 3 -0.54540253 -0.30794483 0.77955508
3 -0.81740659 0.41758788 -0.39682102 3 -0.2099677 -0.85743845 -0.46980101 3 -0.53643274 -0.30069882 0.78855574
3 -0.14081827 -0.90171933 -0.40874475 3 0.84948862 -0.32208723 0.41788614 3 -0.50846756 -0.28837806 0.81135625
3 -0.8018353 -0.11232433 -0.58689302 3 0.26317993 -0.94816518 -0.1780988 3 -0.53646672 -0.29726437 0.78983378
3 -0.84894633 0.10589023 -0.51776201 3 0.06904494 -0.94910002 -0.30731469 3 -0.5239495 -0.29664248 0.79842365
3 -0.77852929 -0.30413866 -0.54899168 3 0.40389261 -0.91232449 -0.067339957 3 -0.48037782 -0.27415979 0.83311069
3 -0.55784655 -0.60790825 -0.56502652 3 0.66539955 -0.73449147 0.13329029 3 -0.49603531 -0.30161279 0.81423527
3 -0.69289339 -0.44724816 -0.56556875 3 0.53467447 -0.84495604 0.0131419 3 -0.48375833 -0.29328915 0.82459652
3 -0.74423856 -0.35921669 -0.56309181 3 0.47406608 -0.87797606 -0.066480458 3 -0.47050017 -0.31642002 0.82371604
3 -0.84565425 0.40445489 -0.34826016 3 -0.22369295 -0.86100626 -0.45675993 3 -0.48459291 -0.30835763 0.8185873
3 -0.80033737 -0.24416453 -0.54757977 3 0.38909689 -0.90638161 -0.16454689 3 -0.45613974 -0.34475464 0.8204149
3 0.21107014 -0.27372143 0.93836355 3 0.97504604 -0.0086196437 -0.22183563 3 0.068809524 0.96177036 0.26507163
3 -0.95745146 0.10848457 -0.26742786 3 -0.28755483 -0.28004482 0.91590774 3 0.024470069 0.95383751 0.2993246
3 -0.99955487 0.0028402957 -0.02969837 3 -0.029020634 -0.32340929 0.94581407 3 -0.0069191721 0.94625497 0.32334775
3 -0.18637782 -0.19665557 0.9625954 3 0.96031207 -0.24340956 0.13620782 3 0.20751889 0.94977808 0.23421685
3 -0.26636878 -0.3498933 0.89812165 3 0.95904762 -0.0031066984 0.28322813 3 -0.096309416 0.93678445 0.33639181
3 -0.40155989 -0.35109472 0.84586173 3 0.91184682 -0.067197181 0.40499353 3 -0.085351571 0.93392557 0.3471283
3 -0.66841102 -0.23686643 0.70506805 3 0.74322516 -0.24970226 0.62069726 3 0.029034747 0.93890524 0.34294885
3 -0.98118997 -0.034228321 0.18998611 3 0.19020155 -0.33969858 0.92110175 3 0.033010233 0.93991137 0.3398191
3 -0.5170117 -0.26444253 0.81410629 3 0.85509431 -0.20277068 0.47717673 3 0.038891099 0.94284362 0.33095807
3 -0.60813123 -0.20473073 0.76698226 3 0.79382813 -0.16126662 0.58637011 3 0.0036406964 0.96544206 0.26059225
3 -0.075836629 -0.21661386 0.97330737 3 0.9969725 -0.033276256 0.070274755 3 0.017165473 0.97568989 0.21848248
3 -0.55328035 -0.18985234 0.81107152 3 0.83297902 -0.13214141 0.53729367 3 0.0051699486 0.97287965 0.23125385
3 -0.23927146 -0.2072853 0.9485684 3 0.97008997 -0.092209056 0.22455025 3 0.040920645 0.97392517 0.22314832
3 -0.4672921 -0.11430015 0.87668324 3 0.87757075 -0.1802841 0.44426012 3 0.10727338 0.976951 0.18455121
3 -0.031821821 -0.1896528 0.9813354 3 0.99070233 -0.13592124 0.0058574378 3 0.13227344 0.97239769 0.19221482
3 0.98649108 -0.093272194 -0.13466784 3 -0.1097506 0.2339875 -0.96602505 3 0.12161388 0.9677552 0.22058995
3 0.96449256 0.11248001 -0.23896098 3 -0.26300466 0.32635111 -0.90792251 3 -0.024137722 0.93853241 0.34434593
3 0.87840855 0.180346 -0.44257644 3 -0.47742155 0.2892544 -0.82969922 3 -0.021614779 0.94011045 0.34018406
3 0.40253675 0.29262313 -0.86737287 3 -0.91509283 0.15332954 -0.37295461 3 0.023858735 0.94385475 0.32949817
3 0.84240568 0.14011957 -0.52030683 3 -0.53732938 0.2907865 -0.79165685 3 0.040371902 0.94647241 0.32025036
3 0.81949884 0.0580955 -0.57012868 3 -0.55956119 0.29593474 -0.77415371 3 0.12374605 0.95343983 0.27502611
3 0.94212234 -0.073866047 -0.32703051 3 -0.29271489 0.29438201 -0.9097563 3 0.16347209 0.95282882 0.25572225
3 -0.69169879 -0.24869023 0.67801613 3 0.72186041 -0.20988992 0.65944207 3 -0.021688027 0.94556832 0.32470024
3 -0.79423082 -0.31026036 -0.52243274 3 0.39021859 -0.91951406 -0.047154158 3 -0.46575415 -0.24131425 0.8513757
3 -0.83489466 -0.21980861 -0.50461382 3 0.31239536 -0.94406074 -0.10563433 3 -0.45316678 -0.24583255 0.85685843
3 -0.65145731 -0.53558618 -0.53735536 3 0.5863111 -0.80490774 0.091449365 3 -0.48150057 -0.25548208 0.83838314
3 -0.72658271 -0.43761021 -0.52969313 3 0.5007863 -0.86512446 0.027798429 3 -0.47041535 -0.2450652 0.84773374
3 -0.46868849 -0.73358452 -0.49212289 3 0.74803215 -0.62592 0.22061798 3 -0.46987146 -0.26472265 0.84210622
3 -0.25292695 -0.87805188 -0.40626699 3 0.85040778 -0.40200543 0.33940876 3 -0.46134001 -0.25964695 0.84838015
3 -0.16654262 -0.92109299 -0.3519251 3 0.87732482 -0.30133221 0.37349713 3 -0.45007193 -0.24654941 0.85828239
3 -0.79870832 -0.27955973 -0.53283334 3 0.37748688 -0.92238593 -0.081901729 3 -0.46858165 -0.26655322 0.84224737
3 0.062946022 -0.96388364 -0.25877815 3 0.88907808 -0.063641362 0.45331028 3 -0.45340735 -0.25860807 0.85296184
3 -0.75852776 -0.3607614 -0.54266655 3 0.45843083 -0.88726956 -0.050933421 3 -0.46311668 -0.28740945 0.83840263
3 -0.5724389 -0.64283895 -0.50899094 3 0.68494838 -0.7161389 0.13412991 3 -0.45073077 -0.27184978 0.85025853
3 -0.81563187 -0.19988866 -0.54294497 3 0.33448076 -0.92861879 -0.16059232 3 -0.47208831 -0.31258884 0.82426995
3 -0.66604501 -0.51244003 -0.5420233 3 0.59417129 -0.80378664 0.029791415 3 -0.45093739 -0.30221224 0.83983523
3 -0.51883399 -0.66404498 -0.53838241 3 0.73925942 -0.66478086 0.10752852 3 -0.42931005 -0.34221476 0.83581233
3 -0.64709014 -0.54602289 -0.53210276 3 0.63880414 -0.76926714 0.012541935 3 -0.41617736 -0.3317937 0.84658688
3 -0.36748013 -0.77847421 -0.50885785 3 0.83566493 -0.5165273 0.18671803 3 -0.40819412 -0.35661948 0.84035707
3 -0.43881905 -0.73495662 -0.5169881 3 0.80223089 -0.57961977 0.14306171 3 -0.40480065 -0.35196561 0.84395301
3 -0.52240306 -0.6763925 -0.51921892 3 0.74985719 -0.65431267 0.097924903 3 -0.40596715 -0.33818379 0.84901267
3 -0.98956406 0.14273918 0.019711211 3 -0.015161669 -0.239179 0.97085708 3 0.14329386 0.96042639 0.23884709
3 0.010333302 -0.27866256 0.96033347 3 0.99351853 -0.10585962 -0.04140795 3 0.11319938 0.95453703 0.27576256
3 0.17398351 -0.30298066 0.93698049 3 0.98418611 0.021343749 -0.17584722 3 0.033279661 0.95275766 0.30190298
3 0.17021589 -0.32625923 0.9298287 3 0.98470408 0.02068527 -0.17300338 3 0.037210159 0.94505411 0.32478955
3 -0.0058700717 -0.34409285 0.93891728 3 0.99998224 -0.0029010049 0.0051886919 3 0.00093841593 0.93893129 0.3441031
3 0.56629372 -0.2818796 0.77450329 3 0.82410949 0.20784715 -0.52691859 3 -0.01245094 0.93666631 0.35000187
3 0.75689381 0.23931804 -0.60814363 3 -0.65353066 0.27279255 -0.70603245 3 -0.0030697258 0.93183196 0.36287704
3 0.18879926 -0.36970371 0.9097659 3 0.9813624 0.037241593 -0.18852338 3 0.035816681 0.92840308 0.36984462
3 0.99579656 -0.090671755 0.012957454 3 0.041968938 0.32595387 -0.94445372 3 0.081411749 0.94102752 0.32838911
3 0.89117461 -0.24027607 0.38480508 3 0.43823579 0.23665237 -0.86714733 3 0.11728978 0.94141531 0.31619626
3 -0.27880281 -0.26100248 0.92420048 3 0.95057851 -0.21192321 0.22691125 3 0.13663514 0.94178879 0.30718821
3 -0.35473728 -0.44858953 0.82032239 3 0.93215418 -0.10169515 0.34748593 3 -0.072455727 0.88793325 0.45422968
3 -0.4530867 -0.4146291 0.78917378 3 0.89015901 -0.16249678 0.42568994 3 -0.048265204 0.89536452 0.44271088
3 0.089110106 -0.41500628 0.90544415 3 0.99598968 0.029826131 -0.084350556 3 0.0080001131 0.90932959 0.4159998
3 -0.88217914 -0.18819943 0.43167251 3 0.47084695 -0.36799952 0.80179781 3 0.0079573644 0.91058081 0.41325456
3 -0.10357685 -0.40353811 0.90908134 3 0.99460226 -0.047715411 0.092140019 3 0.0061951326 0.91371769 0.40630251
3 -0.51426423 -0.30371958 0.80205148 3 0.85763013 -0.18031533 0.48161897 3 -0.001655033 0.935543 0.35320902
3 -0.57338458 -0.2956292 0.76408994 3 0.81883425 -0.17580862 0.54644454 3 -0.027210834 0.93898624 0.34287658
3 -0.97037864 -0.094544768 0.22232071 3 0.23996669 -0.27073905 0.93226403 3 -0.027949806 0.95799875 0.28540701
3 -0.49652466 -0.24954993 0.83137721 3 0.86773026 -0.11784381 0.48286331 3 -0.022526411 0.96116441 0.27505532
3 -0.32762361 -0.18058759 0.92738926 3 0.94151533 -0.14428358 0.3045181 3 0.07881479 0.97291851 0.21729687
3 -0.24411309 -0.21931057 0.94462252 3 0.96504414 -0.15075162 0.21439093 3 0.095385082 0.963938 0.24844517
3 -0.028076781 -0.2627289 0.96446115 3 0.99171108 -0.12834294 -0.0060918406 3 0.1253823 0.95629597 0.26415369
3 0.81149107 0.22032893 -0.54123694 3 -0.58425665 0.28808317 -0.7587176 3 -0.011245608 0.93191397 0.36250517
3 0.79312861 0.15936202 -0.58783561 3 -0.6059829 0.30328363 -0.73539346 3 0.061087117 0.93948001 0.33711362
3 -0.41293889 -0.54792297 -0.72750401 3 0.87000799 -0.47357902 -0.13714744 3 -0.26938438 -0.68956769 0.67225635
3 -0.8904385 -0.030374765 -0.45408911 3 0.26650691 -0.84359807 -0.46617264 3 -0.36890873 -0.53611583 0.75926709
3 -0.20172013 -0.91201949 -0.35711253 3 0.87877202 -0.32953545 0.34520414 3 -0.43251419 -0.24418588 0.86793125
3 0.74282503 -0.65963632 0.11441582 3 0.54447836 0.69467896 0.47006866 3 -0.38955662 -0.28688177 0.87518251
3 0.86045593 -0.44410294 0.24977612 3 0.31131405 0.84629905 0.43227458 3 -0.40335974 -0.2941944 0.86645859
3 0.89233625 -0.32239065 0.31591192 3 0.18268022 0.89795989 0.40037006 3 -0.41275182 -0.29955381 0.8601765
3 -0.8274442 -0.18469989 -0.5303036 3 0.39001015 -0.86845577 -0.30606607 3 -0.40401497 -0.46007645 0.79063362
3 0.0005505383 -0.96052742 -0.27818486 3 0.89563012 -0.12326286 0.42737925 3 -0.44479933 -0.24938606 0.86020941
3 0.21010761 -0.95353168 -0.21594468 3 0.89268577 0.097029306 0.44011074 3 -0.39870656 -0.28524137 0.87159079
3 0.81148821 -0.55482394 0.18345875 3 0.42777118 0.77787828 0.46034452 3 -0.39811882 -0.29508582 0.86857688
3 0.15311854 -0.96750194 -0.20123261 3 0.88451076 0.043372154 0.46449903 3 -0.44067588 -0.24911582 0.86240709
3 0.63746071 -0.76743227 0.068498403 3 0.64669442 0.58125412 0.49389344 3 -0.41884458 -0.27053997 0.86682045
3 0.63480514 -0.77163285 0.040070292 3 0.6544438 0.56451756 0.50301486 3 -0.410763 -0.29309255 0.8633486
3 -0.74995142 -0.42262018 -0.50888604 3 0.49208915 -0.87054193 -0.0022291094 3 -0.44206411 -0.25208876 0.86083132
3 -0.2055127 -0.90710306 -0.36732638 3 0.8750658 -0.33838737 0.34605482 3 -0.43820596 -0.25031605 0.86331773
3 0.57734138 -0.81464481 0.055053324 3 0.68841392 0.52191919 0.50367343 3 -0.43904826 -0.25289202 0.86213833
3 0.57747221 -0.81579745 0.031627625 3 0.69784653 0.51334387 0.49948829 3 -0.42371714 -0.2663694 0.86574328
3 -0.60628641 -0.62677705 -0.48945627 3 0.66325849 -0.7381103 0.12361875 3 -0.43875355 -0.24968714 0.8632217
3 -0.38581589 0.91998249 0.069125667 3 -0.81094396 -0.30245203 -0.50089186 3 -0.43990499 -0.24930798 0.86274511
3 -0.73140049 -0.45992053 -0.50351411 3 0.52016044 -0.85372478 0.024229631 3 -0.44100547 -0.2441861 0.8636477
3 -0.76550961 -0.36513442 -0.5297848 3 0.47408259 -0.87677044 -0.080741674 3 -0.43501806 -0.31297025 0.84428006
3 -0.7439912 -0.42025697 -0.5194816 3 0.50587827 -0.86218196 -0.027009621 3 -0.4365381 -0.28289017 0.85405374
3 -0.6477012 -0.57257026 -0.50263941 3 0.63579005 -0.76971543 0.057524681 3 -0.41982666 -0.28231472 0.86257982
3 -0.71421587 -0.45803151 -0.52924746 3 0.56125748 -0.82657158 -0.042065695 3 -0.41819346 -0.32708806 0.84742409
3 -0.88446838 0.36218813 -0.29416901 3 -0.2180855 -0.87823915 -0.42559922 3 -0.41249776 -0.31227505 0.85576278
3 -0.58315015 -0.64681756 -0.49149051 3 0.70713282 -0.70197552 0.084814459 3 -0.39987221 -0.29808775 0.8667444
3 -0.41619575 -0.75856084 -0.50136483 3 0.82528895 -0.54659283 0.14189702 3 -0.38167989 -0.35471386 0.85352141
3 -0.60291374 -0.6082114 -0.51630801 3 0.69252223 -0.72029644 0.039823815 3 -0.39611608 -0.3335444 0.8554765
3 -0.91365957 0.098192394 -0.39444196 3 0.043029897 -0.94156718 -0.33406538 3 -0.40419632 -0.32219481 0.85604662
3 0.8847385 -0.38368136 0.26462492 3 0.25225908 0.87159675 0.42033869 3 -0.39192435 -0.30513492 0.86792171
3 -0.67569745 0.73705786 0.013368696 3 -0.63106227 -0.56896198 -0.52729756 3 -0.38104251 -0.36473006 0.84957552
3 -0.9165585 -0.0028837323 -0.3998903 3 0.14603555 -0.93332648 -0.3279866 3 -0.3722823 -0.3590171 0.85586941
3 -0.80275202 -0.3376869 -0.49148425 3 0.4612835 -0.87397206 -0.1529395 3 -0.3778978 -0.34948605 0.85735226
3 0.89060581 -0.38329098 0.24476373 3 0.25093901 0.86303526 0.43840608 3 -0.37927648 -0.3290264 0.86480701
3 -0.35864067 0.9052316 0.22788739 3 -0.85273647 -0.21839108 -0.47449532 3 -0.37975955 -0.36450124 0.85024792
3 0.11833671 0.88928205 0.44178486 3 -0.91891134 0.26667753 -0.29066318 3 -0.37629566 -0.37156492 0.84872913
3 0.054380924 -0.39778408 0.91586608 3 0.99843884 0.0099512925 -0.054961704 3 0.012748775 0.91742545 0.39770314
3 0.782749 -0.26347256 0.56381375 3 0.62112463 0.27421042 -0.73417461 3 0.038831245 0.92487329 0.37828732
3 -0.69487381 -0.55074239 0.46242115 3 0.69137293 -0.33468977 0.64030182 3 -0.19787365 0.76463437 0.61333543
3 -0.86444926 -0.36011967 0.35077253 3 0.49360037 -0.47570637 0.72805381 3 -0.095321774 0.80250692 0.58897918
3 -0.7008152 -0.40233645 0.58905309 3 0.71217334 -0.34735456 0.61004424 3 -0.040832724 0.84703612 0.52996457
3 -0.6150369 -0.40329921 0.67755389 3 0.78797668 -0.28311592 0.54675251 3 -0.028677845 0.87017018 0.49191636
3 -0.31449848 -0.43203303 0.84524453 3 0.94756472 -0.089721315 0.30671021 3 -0.056672141 0.89738417 0.43759552
3 -0.47945699 -0.41078651 0.77548397 3 0.87537414 -0.16146295 0.45568633 3 -0.061977621 0.89732087 0.43700603
3 -0.37664393 -0.37914193 0.84521645 3 0.92386818 -0.086886331 0.37271768 3 -0.067874797 0.9212507 0.3830016
3 0.90543395 0.21432985 -0.36640412 3 -0.4208456 0.34042621 -0.84083223 3 -0.055481866 0.91551769 0.39843324
3 -0.1092867 -0.3026492 0.94681561 3 0.98726428 -0.1438342 0.067978963 3 0.11561081 0.94218677 0.31451297
3 -0.35665214 -0.24760954 0.90082669 3 0.9252038 -0.22737738 0.3038044 3 0.12960261 0.94180071 0.31018433
3 0.38744557 -0.32046875 0.86439908 3 0.91109651 -0.0099696368 -0.41207272 3 0.14067413 0.94720674 0.28811517
3 -0.022543626 -0.33437729 0.94216967 3 0.99666208 -0.081482112 -0.0050706286 3 0.078465492 0.9389106 0.3350974
3 -0.17689213 -0.32192329 0.93009388 3 0.98329622 -0.098964624 0.15275699 3 0.042870343 0.94157922 0.33405206
3 0.30515179 -0.34592763 0.88725221 3 0.95183086 0.081435829 -0.29561153 3 0.030005733 0.93472075 0.35411388
3 -0.74885565 0.24321635 -0.61649072 3 -0.66273212 -0.27333751 0.69718897 3 0.0010577389 0.93066233 0.36587769
3 0.0019906349 -0.39727953 0.91769546 3 0.99997437 -0.0055114808 -0.0045550866 3 0.0068675037 0.9176811 0.39725828
3 0.75323087 -0.27669889 0.59672517 3 0.65645182 0.25913054 -0.70846462 3 0.041401666 0.92535883 0.37682462
3 0.71197265 -0.3178775 0.62613809 3 0.69767278 0.21904744 -0.68210787 3 0.079672769 0.9224816 0.37773025
3 0.62417293 -0.3497895 0.69860965 3 0.77737403 0.18867718 -0.60007542 3 0.07808841 0.91763186 0.38968447
3 0.19436041 -0.37014908 0.90841269 3 0.95964634 -0.12011585 -0.25426555 3 0.20323093 0.92117417 0.3318665
3 -0.45401338 -0.52235186 0.72181761 3 0.88384128 -0.16157782 0.43899632 3 -0.1126808 0.83728212 0.53503448
3 -0.71614873 -0.49747151 0.48954391 3 0.68305832 -0.35544813 0.6380347 3 -0.14339663 0.79131466 0.5943557
3 -0.99632806 -0.047171861 -0.071453005 3 -0.033715878 -0.55095202 0.83385587 3 -0.078701682 0.83320284 0.54733837
3 -0.91201025 -0.25315511 0.32272255 3 0.4069947 -0.4608629 0.78864509 3 -0.050918687 0.85059869 0.52334446
3 -0.22979771 -0.28763282 0.92976356 3 0.97187787 -0.11831426 0.2036047 3 0.051440943 0.95040464 0.30673215
3 0.85987395 -0.28930354 0.42061904 3 -0.16408621 0.62358141 0.76434427 3 -0.48341769 -0.72625744 0.48873061
3 -0.79912251 -0.25573042 -0.54406357 3 0.4822948 -0.81298494 -0.32626271 3 -0.35888019 -0.52312291 0.77301198
3 -0.20034721 -0.68712652 -0.69836831 3 0.9247303 -0.36808825 0.096877322 3 -0.32362807 -0.62639308 0.7091521
3 -0.10123149 -0.68273699 -0.72361767 3 0.93890166 -0.30607095 0.15743059 3 -0.328962 -0.66346884 0.67200685
3 0.46903506 -0.75145328 -0.46403056 3 0.80502927 0.14767854 0.57456005 3 -0.36322755 -0.64304686 0.6742081
3 0.6455825 -0.76231396 -0.045833528 3 0.65658021 0.52338535 0.54311168 3 -0.39003301 -0.3807168 0.83840859
3 -0.3172473 -0.76929045 -0.55456853 3 0.85966146 -0.48019528 0.17434157 3 -0.40042055 -0.42143184 0.81367004
3 -0.053863585 -0.84325987 -0.53480053 3 0.92974555 -0.23771632 0.28118372 3 -0.36424172 -0.48208281 0.7968213
3 0.81634545 -0.53553474 0.21629313 3 0.38771161 0.78569698 0.48203754 3 -0.42808864 -0.3096498 0.84903312
3 0.42332244 -0.88976496 -0.17063485 3 0.79802638 0.27704501 0.53516352 3 -0.42889631 -0.36271793 0.82733542
3 0.53082407 -0.84725463 -0.019633651 3 0.7343685 0.44828817 0.50964761 3 -0.42299974 -0.28495154 0.86015922
3 0.74311829 -0.64882183 0.16372341 3 0.49540538 0.69791359 0.51719415 3 -0.44983169 -0.30322707 0.84006226
3 0.60754704 -0.7938633 0.025838494 3 0.65518677 0.51927656 0.54870969 3 -0.44901785 -0.31643793 0.83561367
3 0.5585258 -0.82890487 0.031079352 3 0.70229179 0.49248633 0.51404679 3 -0.44140193 -0.26528156 0.85719913
3 -0.50254434 0.8645094 -0.0085305776 3 -0.74339259 -0.43713379 -0.50624263 3 -0.44138023 -0.24806824 0.86234891
3 0.81359547 -0.51089185 0.27758226 3 0.3691639 0.82273656 0.43222979 3 -0.44919822 -0.24918781 0.85797811
3 0.81045121 -0.51896113 0.27175009 3 0.37207314 0.81432343 0.44546473 3 -0.45247102 -0.25991675 0.85306108
3 -0.34553719 0.93170524 0.11193498 3 -0.83132488 -0.24858873 -0.49709421 3 -0.43532041 -0.26481646 0.86044663
3 0.23594762 -0.95740366 -0.16645388 3 0.8603633 0.1261778 0.49381593 3 -0.45177841 -0.25972551 0.85348636
3 0.30006853 -0.94535351 -0.12753753 3 0.83683741 0.19669931 0.51089418 3 -0.45788896 -0.26003134 0.85013026
3 -0.37981579 0.91704154 0.12155131 3 -0.83047199 -0.28013995 -0.48149544 3 -0.40750065 -0.28382292 0.86797917
3 -0.48875847 0.87136298 0.042916618 3 -0.76142216 -0.40204534 -0.50852346 3 -0.42585281 -0.28122497 0.8599779
3 -0.75146943 0.63006854 -0.19572279 3 -0.48267424 -0.7272588 -0.48797566 3 -0.44980103 -0.2722269 0.8506301
3 -0.51968068 0.85341084 0.040274043 3 -0.74518716 -0.42971316 -0.5099439 3 -0.41788661 -0.2950176 0.85926449
3 -0.46140438 0.88423705 0.072324239 3 -0.77270383 -0.36046964 -0.52248514 3 -0.43593001 -0.29696214 0.84957564
3 -0.84513819 0.51203662 -0.15349364 3 -0.38603902 -0.7832582 -0.4873203 3 -0.36975095 -0.35259828 0.85962719
3 -0.27509472 0.92535126 0.26086041 3 -0.88603514 -0.13869604 -0.44238615 3 -0.37318218 -0.35282955 0.85804808
3 0.82926077 -0.53488296 0.16194716 3 0.40917495 0.77847821 0.47597012 3 -0.38066134 -0.32843813 0.86442196
3 0.42837948 0.76252967 0.48480883 3 -0.81154472 0.56060767 -0.1646646 3 -0.39734945 -0.32290563 0.85897934
3 -0.13618597 0.93179214 0.33647686 3 -0.91823637 0.0087705478 -0.3959358 3 -0.37188101 -0.36288619 0.85441113
3 -0.44438419 0.8783201 0.17628539 3 -0.81550026 -0.315175 -0.48541129 3 -0.37078574 -0.3594698 0.85632902
3 -0.89001083 0.40510994 -0.20920514 3 -0.27334523 -0.84133488 -0.46630263 3 -0.36491534 -0.35782915 0.85953194
3 0.043275598 0.92147535 0.38601863 3 -0.92794889 0.1802406 -0.32622707 3 -0.37018651 -0.34408945 0.86288136
3 0.49023643 0.71444452 0.4992367 3 -0.80001032 0.59616882 -0.067573801 3 -0.34590709 -0.36626738 0.86382663
3 0.2268423 0.8642872 0.4489435 3 -0.90878052 0.35360125 -0.22154941 3 -0.35022926 -0.35773426 0.86565906
3 -0.83761519 0.53142822 -0.12643135 3 -0.41908786 -0.77361912 -0.47526723 3 -0.35038012 -0.3451052 0.87071019
3 0.29397929 0.86250329 0.41190338 3 -0.88999093 0.40416619 -0.21110725 3 -0.34855807 -0.30452904 0.88643646
3 -0.25490037 0.9386254 0.23239657 3 -0.90470558 -0.14665151 -0.40000141 3 -0.34137017 -0.31221104 0.88656116
3 -0.1252555 0.97207743 0.19843504 3 -0.91113204 -0.03355474 -0.41074643 3 -0.39261892 -0.23224872 0.88989383
3 -0.91083509 0.18162701 -0.37066326 3 -0.31415376 -0.88751334 0.33708727 3 -0.26774439 0.4234761 0.86543697
3 -0.96347153 -0.095810652 -0.25008664 3 -0.068731874 -0.81407833 0.57667446 3 -0.2588416 0.57279813 0.77775568
3 -0.90601933 -0.40510726 0.12254503 3 0.37766421 -0.64313442 0.66614407 3 -0.19104685 0.64982009 0.7356866
3 0.098400451 -0.68000746 0.72657222 3 0.98695695 0.16016392 0.016234659 3 -0.12741044 0.71549869 0.68689764
3 0.072447307 -0.40558931 0.91117984 3 0.99603039 -0.017954569 -0.087185755 3 0.05172148 0.91387898 0.40267891
3 -0.083852962 -0.40878659 0.90876967 3 0.99531555 -0.078401193 0.056571871 3 0.048122875 0.90925658 0.41344497
3 0.98332882 -0.09968935 0.15207455 3 0.18018535 0.42173877 -0.88863379 3 0.024451638 0.90122062 0.43267035
3 0.22573686 -0.44425294 0.86699605 3 0.97404647 0.087736338 -0.20865269 3 0.016627446 0.89159524 0.45252809
3 -0.058221839 -0.45186657 0.89018363 3 0.99805397 -0.046290495 0.041779481 3 0.022328379 0.8908844 0.45368096
3 0.65308356 -0.37052509 0.66044915 3 0.75631642 0.2750147 -0.59359294 3 0.03830786 0.88717431 0.45984173
3 0.52372521 -0.472379 0.70892161 3 0.84408772 0.17540079 -0.50670534 3 0.11501155 0.86376655 0.4905912
3 0.35947213 -0.49197119 0.79293394 3 0.92515916 0.076888137 -0.3717109 3 0.12190384 0.86720973 0.4827908
3 0.062461078 -0.41618589 0.90713173 3 0.99021614 -0.087796092 -0.10846215 3 0.12478302 0.90503109 0.4066301
3 -0.76482409 -0.58241057 0.27539429 3 0.58897662 -0.45889378 0.66522408 3 -0.26105684 0.67098022 0.69399929
3 -0.66097361 -0.61514741 0.42977619 3 0.72521603 -0.37648723 0.57647103 3 -0.19280943 0.69271272 0.69496292
3 -0.87475789 -0.40109643 0.27188325 3 0.46548921 -0.53971982 0.70144325 3 -0.1346056 0.74015158 0.65883011
3 -0.2027421 -0.68836689 0.69645292 3 0.97148979 -0.052133933 0.23127851 3 -0.12289563 0.72348684 0.6793111
3 -0.59285873 -0.51638055 0.61795598 3 0.80120826 -0.30090255 0.51722628 3 -0.081142053 0.80175275 0.59212214
3 -0.79192924 -0.39370343 0.46673971 3 0.60312194 -0.38497964 0.69859511 3 -0.095353954 0.83473867 0.54232764
3 -0.4143737 -0.53218842 0.73828846 3 0.90406704 -0.14739694 0.40116927 3 -0.10467546 0.83369726 0.54221016
3 0.63348395 0.42203331 -0.64852595 3 -0.76980406 0.25915736 -0.58330047 3 -0.078102022 0.86874938 0.4890551
3 0.97814423 -0.035757855 0.20483017 3 0.19595005 0.48804513 -0.85053855 3 -0.069552906 0.87208575 0.48438522
3 0.56601417 0.31930619 -0.76004714 3 -0.82354635 0.26084003 -0.50372016 3 0.03740976 0.91104668 0.41060254
3 -0.9855929 0.13188666 -0.10588948 3 -0.15254517 -0.42274565 0.89331746 3 0.073052332 0.89660025 0.43677375
3 -0.21870223 -0.40805149 0.8863765 3 0.97256124 -0.16500515 0.16400562 3 0.079334185 0.8979243 0.43294111
3 -0.027628625 -0.41748503 0.90826374 3 0.9918642 -0.12440298 -0.027010366 3 0.12426709 0.90012735 0.41752672
