ply
format ascii 1.0
comment PCL generated
element vertex 1784
property list uint float x_axis
property list uint float y_axis
property list uint float z_axis
element camera 1
property float view_px
property float view_py
property float view_pz
property float x_axisx
property float x_axisy
property float x_axisz
property float y_axisx
property float y_axisy
property float y_axisz
property float z_axisx
property float z_axisy
property float z_axisz
property float focal
property float scalex
property float scaley
property float centerx
property float centery
property int viewportx
property int viewporty
property float k1
property float k2
end_header
3 0.55459911 0.13379385 -0.82129103 3 0.58335787 -0.7663464 0.26908526 3 -0.59339148 -0.62834108 -0.50306481
3 0.56270647 0.12305915 -0.81744593 3 0.57554162 -0.7681433 0.28054935 3 -0.59339148 -0.62834108 -0.50306481
3 0.57869238 0.10137691 -0.80922055 3 0.55946571 -0.77130437 0.30346 3 -0.59339148 -0.62834108 -0.50306481
3 0.53998178 0.15273227 -0.82770318 3 0.59691423 -0.76279753 0.24866284 3 -0.59339118 -0.62834126 -0.50306469
3 0.54830593 0.14201152 -0.82413191 3 0.58927691 -0.76486629 0.26025471 3 -0.59339148 -0.62834108 -0.50306481
3 0.55656487 0.13120654 -0.82037824 3 0.58148277 -0.76679367 0.27185574 3 -0.59339148 -0.62834108 -0.50306481
3 0.57286185 0.10936653 -0.81232274 3 0.56543416 -0.77021205 0.29505545 3 -0.59339148 -0.62834108 -0.50306481
3 0.58088785 0.098343134 -0.80802101 3 0.55718577 -0.77169704 0.3066397 3 -0.59339148 -0.62834108 -0.50306481
3 0.4989627 0.2032734 -0.84244657 3 0.63160366 -0.75091088 0.19289821 3 -0.59339118 -0.62834126 -0.50306469
3 0.58250868 0.15579389 -0.79775429 3 0.60547101 -0.73797643 0.29798639 3 -0.54229933 -0.65659678 -0.5242064
3 0.52481663 0.17184541 -0.83368856 3 0.61029029 -0.75872016 0.2277924 3 -0.59339118 -0.62834126 -0.50306469
3 0.53334582 0.16116054 -0.83040321 3 0.60285079 -0.76106143 0.23949194 3 -0.59339118 -0.62834126 -0.50306469
3 -0.53556091 -0.1583584 0.82951623 3 -0.60088366 0.76164973 -0.24254639 3 -0.59339148 -0.62834108 -0.50306481
3 0.55023116 0.13950807 -0.82327592 3 0.58747971 -0.76532686 0.26294994 3 -0.59339148 -0.62834108 -0.50306481
3 0.47502831 0.23117317 -0.8490625 3 0.64979607 -0.74279618 0.16130376 3 -0.59339118 -0.62834126 -0.50306469
3 0.48396987 0.22087836 -0.84675026 3 0.64316422 -0.74592233 0.17303097 3 -0.59339118 -0.62834126 -0.50306469
3 0.56682992 0.17116004 -0.80585861 3 0.61913896 -0.73380506 0.27963763 3 -0.54348028 -0.65744543 -0.5219146
3 0.51064771 0.1892426 -0.83870506 3 0.62219423 -0.75456905 0.20856616 3 -0.59339118 -0.62834126 -0.50306469
3 0.5194695 0.17846227 -0.83564508 3 0.61484838 -0.75719118 0.22050619 3 -0.59339118 -0.62834126 -0.50306469
3 0.5282436 0.16757186 -0.83239311 3 0.60732627 -0.75967574 0.23248145 3 -0.59339148 -0.62834108 -0.50306481
3 0.53696436 0.15657724 -0.82894683 3 0.59962982 -0.76201785 0.24448517 3 -0.59339148 -0.62834108 -0.50306481
3 0.55421501 0.13429789 -0.82146806 3 0.58372265 -0.76625824 0.26854482 3 -0.59339148 -0.62834108 -0.50306481
3 0.53214145 0.21013758 -0.82016319 3 0.64967155 -0.72252429 0.23640133 3 -0.54291093 -0.65863562 -0.52100563
3 0.47616282 0.22987507 -0.84877938 3 0.64896512 -0.74319893 0.1627869 3 -0.59339124 -0.62834126 -0.50306469
3 0.48521578 0.21943189 -0.84641325 3 0.64222485 -0.7463491 0.17467213 3 -0.59339124 -0.62834126 -0.50306469
3 0.55932742 0.17999114 -0.80917001 3 0.62592512 -0.7316891 0.26990563 3 -0.54348028 -0.65744543 -0.5219146
3 0.50325018 0.19815747 -0.84111404 3 0.62819266 -0.75227714 0.19862795 3 -0.59339124 -0.62834126 -0.50306469
3 0.5122183 0.18733555 -0.83817524 3 0.62090194 -0.75504482 0.21068458 3 -0.59339124 -0.6283412 -0.50306475
3 -0.51429415 -0.18480651 0.83746517 3 -0.61918342 0.75566792 -0.21348953 3 -0.59339142 -0.62834108 -0.50306481
3 0.53001952 0.16534723 -0.83170885 3 0.6057772 -0.76016307 0.2349174 3 -0.59339142 -0.62834108 -0.50306481
3 -0.54119056 -0.1511856 0.82719761 3 -0.5958184 0.76310587 -0.25034004 3 -0.59339142 -0.62834108 -0.50306481
3 0.53332943 0.20968805 -0.81950641 3 0.64822 -0.72373796 0.23667367 3 -0.54348028 -0.65744543 -0.5219146
3 0.47732633 0.22854136 -0.84848601 3 0.64810985 -0.7436102 0.1643094 3 -0.59339124 -0.62834126 -0.50306469
3 0.49563694 0.2072161 -0.84344864 3 0.63421667 -0.74983245 0.18846893 3 -0.59339124 -0.62834126 -0.50306469
3 0.50475103 0.19635786 -0.84063661 3 0.62698734 -0.75274885 0.20063883 3 -0.59339124 -0.6283412 -0.50306475
3 0.51382768 0.18537569 -0.83762574 3 0.61957067 -0.75552857 0.21285871 3 -0.59339142 -0.62834108 -0.50306481
3 0.52285928 0.17427477 -0.83441383 3 0.61196798 -0.75816607 0.22512078 3 -0.59339142 -0.62834108 -0.50306481
3 0.45990834 0.24825104 -0.85255831 3 0.66058391 -0.73726428 0.14166939 3 -0.59339124 -0.62834126 -0.50306469
3 -0.46142721 -0.2465539 0.85223007 3 -0.65952384 0.73783356 -0.14363082 3 -0.59339124 -0.62834126 -0.50306469
3 0.48780388 0.21641743 -0.8457014 3 0.64026105 -0.74722874 0.17808709 3 -0.59339124 -0.62834126 -0.50306469
3 0.49706325 0.20552857 -0.84302205 3 0.63309968 -0.75029683 0.19036648 3 -0.59339124 -0.6283412 -0.50306475
3 0.50628996 0.19450779 -0.84014118 3 0.62574524 -0.75322926 0.20270352 3 -0.59339142 -0.62834108 -0.50306481
3 0.49513155 0.25717843 -0.82988197 3 0.68088269 -0.70817733 0.18677181 3 -0.53966999 -0.65752888 -0.52574909
3 0.44277334 0.26712349 -0.85591865 3 0.67218941 -0.73063827 0.11970402 3 -0.59339124 -0.62834126 -0.50306469
3 0.45233402 0.25665498 -0.85412067 3 0.6657933 -0.73438096 0.13192332 3 -0.59339124 -0.62834126 -0.50306469
3 0.43839175 0.27266711 -0.85642594 3 0.67432648 -0.72976136 0.11283782 3 -0.59421939 -0.6269778 -0.50378805
3 0.42420194 0.28702921 -0.85887539 3 0.68406111 -0.72305018 0.096222952 3 -0.59339124 -0.62834126 -0.50306469
3 0.47560671 0.25422859 -0.84212005 3 0.67807698 -0.71579838 0.16686642 3 -0.56036592 -0.65038496 -0.51282507
3 0.42914611 0.28260323 -0.85788637 3 0.68024784 -0.7259714 0.10113676 3 -0.59421939 -0.6269778 -0.50378805
3 -0.54600745 -0.16289386 0.82179159 3 -0.14931557 0.98413134 0.095865607 3 -0.82436687 -0.070362955 -0.56166559
3 -0.54597801 -0.16308869 0.82177246 3 -0.14942364 0.98409909 0.096028298 3 -0.82436687 -0.070362955 -0.56166559
3 0.54404855 0.20100743 -0.81462091 3 0.093029037 -0.97934532 -0.17952321 3 -0.83388066 0.021885933 -0.55151087
3 0.53713202 0.21588469 -0.81540364 3 0.17862922 -0.97388029 -0.140174 3 -0.82436687 -0.070362955 -0.56166559
3 0.53359312 0.23459584 -0.81255341 3 0.18893807 -0.96954298 -0.15584785 3 -0.82436687 -0.070362955 -0.56166559
3 0.54434252 0.19788289 -0.81518942 3 0.09129338 -0.97998154 -0.17692417 3 -0.83388066 0.021885933 -0.55151087
3 -0.41086939 0.20208474 0.8890152 3 0.62103438 0.77593523 0.11063853 3 -0.66745985 0.59756696 -0.4443098
3 -0.56106162 -0.24607891 0.79035121 3 0.32255483 0.81432837 0.4825224 3 -0.76234406 0.52565634 -0.37751436
3 0.55690372 0.2356772 -0.79643863 3 -0.32968149 -0.81739944 -0.4724071 3 -0.76234406 0.52565634 -0.37751436
3 -0.56120139 -0.23423482 0.79384327 3 0.33527941 0.81256747 0.47678286 3 -0.75673032 0.53373045 -0.37747982
3 -0.42434451 0.18507738 0.88638479 3 0.61190599 0.78016663 0.13004252 3 -0.66745985 0.59756696 -0.4443098
3 -0.57355481 -0.24216887 0.78255296 3 0.33212113 0.80451894 0.49238724 3 -0.74881947 0.54231346 -0.38100633
3 -0.4948923 0.089854613 0.8642962 3 0.55639815 0.79676855 0.23575693 3 -0.66745985 0.59756696 -0.4443098
3 -0.57540995 -0.24668102 0.77977669 3 0.32889634 0.80314678 0.49677211 3 -0.74881947 0.54231346 -0.38100633
3 -0.64907771 -0.17444664 0.74045008 3 0.36496013 0.78261232 0.50430351 3 -0.66745985 0.59756696 -0.4443098
3 -0.58037901 -0.31545359 0.75076574 3 0.29023373 0.78125781 0.5526306 3 -0.76087099 0.53863275 -0.36187029
3 -0.59881145 -0.32934785 0.73003751 3 0.26163298 0.7810787 0.56697828 3 -0.75694978 0.53051507 -0.38155076
3 -0.67736721 -0.23938987 0.69560492 3 0.30930725 0.76524925 0.56455541 3 -0.66745985 0.59756696 -0.4443098
3 -0.70411372 -0.31230199 0.63772357 3 0.24232359 0.73849952 0.62920409 3 -0.66745991 0.59756684 -0.44430983
3 -0.7197181 -0.36460298 0.59082192 3 0.1910589 0.71412778 0.67343754 3 -0.66745991 0.59756684 -0.44430983
3 -0.68094164 -0.24833137 0.68894851 3 0.30135679 0.76239449 0.57265943 3 -0.66745985 0.59756696 -0.4443098
3 -0.68731701 -0.26480755 0.67636687 3 0.28651792 0.75682938 0.58746636 3 -0.66745985 0.59756696 -0.4443098
3 0.015371278 -0.99967086 0.020534744 3 -0.99949956 -0.014794451 0.027952828 3 -0.027639832 -0.020954143 -0.99939823
3 0.070399404 -0.99744493 -0.012142389 3 -0.9970088 -0.070747413 0.031116022 3 -0.031895563 0.0099155176 -0.99944204
3 -0.78505319 -0.60799146 0.11848155 3 -0.61842722 0.78018343 -0.094135992 3 -0.035203479 -0.14717399 -0.98848397
3 -0.44933051 -0.88769776 0.10047258 3 -0.89288479 0.44992861 -0.017912848 3 -0.0293043 -0.097759239 -0.99477851
3 -0.29194224 -0.95353198 0.074475288 3 -0.95607555 0.29308394 0.0046466161 3 -0.026258208 -0.069847465 -0.99721211
3 -0.19549459 -0.97909677 0.056135535 3 -0.98038977 0.19656184 0.014111361 3 -0.024850497 -0.052276019 -0.99832344
3 -0.22034457 -0.97500628 0.028479734 3 -0.97500926 0.22100693 0.022652827 3 -0.028380867 -0.022776578 -0.99933773
3 -0.18175071 -0.98333496 0.0043571168 3 -0.98295379 0.1818016 0.027385011 3 -0.027720772 0.00069439854 -0.99961543
3 -0.34792832 0.89886904 -0.26642147 3 0.93609083 0.31738377 -0.15166223 3 -0.051766627 -0.30216226 -0.95184982
3 -0.74373263 0.65305108 -0.14278123 3 0.6672557 0.71233279 -0.21760654 3 -0.040400438 -0.25711256 -0.96553677
3 -0.99579096 0.087866902 0.026076049 3 0.080095105 0.97255003 -0.21847551 3 -0.044556994 -0.21546733 -0.97549403
3 -0.91519761 -0.38847119 0.10725537 3 -0.40085307 0.90494949 -0.1427711 3 -0.041598238 -0.17365737 -0.98392725
3 -0.89519531 -0.43475619 0.098043092 3 -0.44439602 0.88740921 -0.12254364 3 -0.03372775 -0.15327045 -0.98760849
3 -0.78092963 -0.61866957 0.086005241 3 -0.62420923 0.77797067 -0.071584828 3 -0.02262219 -0.10958797 -0.99371958
3 -0.75006348 -0.65634423 0.081346214 3 -0.66083241 0.74870783 -0.052321218 3 -0.026563803 -0.093000419 -0.99531174
3 -0.64480245 -0.76174301 0.06306579 3 -0.76409596 0.64451468 -0.027532803 3 -0.019673912 -0.065941542 -0.99762946
3 -0.48641604 -0.87321848 0.02981573 3 -0.8735528 0.4867177 0.0033811955 3 -0.017464366 -0.024400946 -0.99954969
3 -0.79221022 -0.60994977 0.019087661 3 -0.60985988 0.79243445 0.010894881 3 -0.021771047 -0.0030097621 -0.99975848
3 -0.18763441 -0.98209405 -0.016871192 3 -0.98204309 0.18722618 0.023197044 3 -0.01962295 0.020920793 -0.99958867
3 -0.67298603 0.71617198 -0.18489844 3 0.73741442 0.63020229 -0.24303287 3 -0.05752993 -0.29990453 -0.95223296
3 -0.83897972 0.53473836 -0.10083573 3 0.54240781 0.80692124 -0.23381998 3 -0.043666031 -0.25086433 -0.9670369
3 -0.99873924 -0.012472063 0.048625708 3 -0.022535216 0.97694921 -0.21227929 3 -0.044857301 -0.21310744 -0.97599846
3 -0.88339835 -0.4532046 0.11921747 3 -0.46648988 0.8746891 -0.13155174 3 -0.044658385 -0.17182636 -0.98411441
3 -0.89320838 -0.43859115 0.099078156 3 -0.4482848 0.88573557 -0.12047024 3 -0.034919865 -0.15202028 -0.98776031
3 -0.89126354 -0.44797117 0.070506044 3 -0.45297229 0.88682473 -0.091421753 3 -0.021572193 -0.11341817 -0.99331307
3 -0.77065289 -0.63269389 0.076109588 3 -0.63685614 0.76888394 -0.056850452 3 -0.022550495 -0.092282809 -0.9954775
3 -0.61731011 -0.78469062 0.056470774 3 -0.78651887 0.61718309 -0.02175105 3 -0.017784962 -0.057842474 -0.99816728
3 -0.55320156 -0.83261526 0.026827605 3 -0.83296341 0.55331618 -0.0036211023 3 -0.011829165 -0.024349617 -0.99963355
3 -0.8142485 -0.58033127 0.014666642 3 -0.58029515 0.81437588 0.0070468653 3 -0.016033676 -0.0027730814 -0.99986768
3 -0.76568061 -0.64318472 -0.00682321 3 -0.64303404 0.76515937 0.03222432 3 -0.015505348 0.029061096 -0.99945742
3 -0.77604979 -0.63043058 -0.017438369 3 -0.63045496 0.77476168 0.047653288 3 -0.016531508 0.047975425 -0.99871165
3 -0.67628741 0.70810366 -0.20303842 3 0.73429173 0.62603951 -0.26246941 3 -0.058745485 -0.32659417 -0.94333726
3 -0.81679463 0.56203973 -0.13022202 3 0.57447433 0.77153385 -0.27333963 3 -0.053157073 -0.29807156 -0.95306224
3 -0.89368713 0.44229174 -0.075506695 3 0.44696546 0.86281282 -0.2361684 3 -0.039307192 -0.24480957 -0.9687739
3 -0.99922132 -0.0052065253 0.039109796 3 -0.013668556 0.97555065 -0.21934871 3 -0.037011538 -0.2197125 -0.97486228
3 -0.82408357 -0.54961598 0.13714316 3 -0.56484288 0.81559902 -0.12550001 3 -0.042877026 -0.18088689 -0.98256874
3 -0.50074792 -0.85319811 0.14595963 3 -0.8648867 0.4999845 -0.044563029 3 -0.034956474 -0.14855345 -0.9882862
3 -0.99562532 -0.088239819 0.030724011 3 -0.091181919 0.98936617 -0.11331663 3 -0.020398254 -0.11562239 -0.99308383
3 -0.88498414 -0.46114558 0.064402856 3 -0.46518761 0.88162816 -0.079573169 3 -0.020084556 -0.10038041 -0.99474627
3 -0.78588676 -0.61628503 0.050741594 3 -0.61817414 0.78505504 -0.039360333 3 -0.015577761 -0.062299911 -0.99793589
3 -0.59236968 -0.80532318 0.023511812 3 -0.80558699 0.59246856 -0.0032605603 3 -0.011304202 -0.020872263 -0.99971825
3 -0.83302033 -0.55317926 0.0083656823 3 -0.55313224 0.83306104 0.0073774778 3 -0.011050191 0.0015182602 -0.99993789
3 -0.99734718 -0.072170645 0.0094856787 3 -0.071800582 0.99681079 0.034828316 3 -0.011969009 0.034054846 -0.99934834
3 -0.86571181 -0.50033861 -0.01428785 3 -0.50038445 0.86436814 0.049828473 3 -0.012581147 0.050286524 -0.99865556
3 -0.66336495 0.71054429 -0.23467824 3 0.74570757 0.60165542 -0.28623632 3 -0.062188145 -0.36488044 -0.92897522
3 -0.8118881 0.56547642 -0.1451692 3 0.58118671 0.75929058 -0.29274562 3 -0.055315148 -0.32204711 -0.94510639
3 -0.9887358 0.14961737 0.0040443577 3 0.14144818 0.94290143 -0.30154526 3 -0.048929796 -0.29757646 -0.95344335
3 -0.99939704 0.011406153 0.032794498 3 0.0030543348 0.96972102 -0.24419624 3 -0.034586862 -0.24394882 -0.96917111
3 -0.98577017 -0.1541189 0.067115813 3 -0.16483688 0.96452379 -0.20620999 3 -0.03295394 -0.21433881 -0.97620326
3 -0.81451327 -0.5648275 0.13243127 3 -0.57909095 0.80532092 -0.12693277 3 -0.034954555 -0.18007818 -0.98303103
3 -0.52519804 -0.83965361 0.13837931 3 -0.85050231 0.52336502 -0.052296992 3 -0.028511535 -0.1451582 -0.98899764
3 -0.9968887 -0.073972583 0.02722095 3 -0.076602802 0.9905861 -0.1134514 3 -0.018572422 -0.11518362 -0.99317062
3 -0.99850541 0.053408176 0.01159847 3 0.052078214 0.9941622 -0.094496153 3 -0.016577639 -0.093750887 -0.99545771
3 -0.81325334 -0.58017331 0.044920869 3 -0.58179754 0.81218588 -0.043192204 3 -0.01142512 -0.06126105 -0.99805629
3 -0.97515684 -0.22124356 0.010971176 3 -0.22139177 0.97507107 -0.014902443 3 -0.0074006058 -0.016961146 -0.99982882
3 -0.94392246 0.33009303 0.0070199561 3 0.33013111 0.94392109 0.0051856181 3 -0.0049145459 0.007212325 -0.99996197
3 -0.99483836 -0.10146189 0.0014152434 3 -0.10132407 0.99404603 0.040072508 3 -0.0054726549 0.039722275 -0.99919575
3 -0.98623908 0.16460645 0.015405978 3 0.16520248 0.98481399 0.053382587 3 -0.0063849092 0.055193093 -0.99845529
3 -0.98028278 0.19747543 0.007009849 3 0.1820924 0.91655856 -0.35603771 3 -0.076733664 -0.34774119 -0.93444538
3 -0.92209095 0.37983108 -0.074005291 3 0.38159448 0.86071599 -0.33697793 3 -0.064297132 -0.33896425 -0.93859971
3 -0.99763507 -0.025758773 0.063724801 3 -0.044715829 0.94733322 -0.31711259 3 -0.052200209 -0.31921214 -0.94624454
3 -0.94316608 -0.30113077 0.1405637 3 -0.32879922 0.9070065 -0.26311705 3 -0.048259508 -0.29438025 -0.9544692
3 -0.86431891 -0.48028845 0.14925089 3 -0.50189435 0.84282494 -0.19428851 3 -0.032477848 -0.2428354 -0.96952361
3 -0.8572849 -0.49581838 0.13866012 3 -0.51379508 0.84109634 -0.16903055 3 -0.032818038 -0.21615024 -0.97580832
3 -0.73425305 -0.66322917 0.14491174 3 -0.67822337 0.72599649 -0.11376245 3 -0.02975484 -0.18181297 -0.9828828
3 -0.59266984 -0.79272807 0.14256422 3 -0.80495071 0.58915669 -0.070347197 3 -0.028226474 -0.15644987 -0.98728251
3 -0.81270677 -0.5766958 0.083245575 3 -0.58234811 0.80869204 -0.082994841 3 -0.019457255 -0.11592835 -0.99306703
3 -0.72271198 -0.68736321 0.072243467 3 -0.6909647 0.72097629 -0.052543014 3 -0.015969688 -0.087891154 -0.99600202
3 -0.17091259 0.98398304 -0.050658062 3 0.98527884 0.17048743 -0.012630234 3 -0.0037913737 -0.052070983 -0.99863619
3 -0.84359556 0.53696531 -0.0038461324 3 0.53697747 0.8435536 -0.0085131861 3 -0.0013268669 -0.0092469715 -0.99995637
3 -0.74088001 0.67154795 0.010966475 3 0.67162591 0.74086446 0.0062209088 3 -0.0039470345 0.011974317 -0.99992061
3 -0.7709806 0.63608038 0.031476054 3 0.63684118 0.7703836 0.030699296 3 -0.0047214171 0.043713804 -0.99903291
3 -0.78444552 0.61888868 0.040276144 3 0.62017429 0.78332627 0.042238407 3 -0.0054084938 0.058111954 -0.99829549
3 -0.90346718 -0.36157352 0.23024288 3 -0.41684908 0.86628765 -0.27528659 3 -0.099920176 -0.34468886 -0.93338394
3 -0.99290091 -0.046387851 0.1095257 3 -0.08082851 0.93867856 -0.33518544 3 -0.087260909 -0.34165874 -0.93576431
3 -0.97658795 -0.15986271 0.14394444 3 -0.19907406 0.92518365 -0.32311746 3 -0.081520632 -0.34420818 -0.93534762
3 -0.99505877 0.092232138 0.036758944 3 0.074241467 0.93700385 -0.34133849 3 -0.065925628 -0.33692285 -0.93922138
3 -0.99655032 -0.039016873 0.073247373 3 -0.05995778 0.94871807 -0.3103857 3 -0.057380818 -0.3137067 -0.9477846
3 -0.93462622 -0.32398874 0.14664602 3 -0.35226133 0.90003181 -0.25662139 3 -0.048843637 -0.29150283 -0.95532209
3 -0.71834922 -0.66779894 0.19498497 3 -0.69472599 0.70330399 -0.15073046 3 -0.036476094 -0.2437382 -0.96915501
3 -0.79001462 -0.59293735 0.1558917 3 -0.61223364 0.77640325 -0.14955929 3 -0.032355543 -0.21359618 -0.97638607
3 -0.68901789 -0.70853263 0.15243359 3 -0.72405297 0.68214816 -0.10208547 3 -0.031651407 -0.18070869 -0.98302734
3 -0.53080595 -0.83479583 0.14615427 3 -0.8470093 0.52838278 -0.058197595 3 -0.028642286 -0.15468565 -0.98754841
3 -0.84444284 -0.53005439 0.077192657 3 -0.5353449 0.83998811 -0.088464513 3 -0.017949909 -0.11602791 -0.99308378
3 -0.31399152 -0.94627541 0.077280059 3 -0.94933695 0.31403399 -0.011919081 3 -0.012989655 -0.077106774 -0.99693823
3 -0.28259322 0.95849359 -0.037829194 3 0.95922685 0.28216419 -0.016347764 3 -0.0049951868 -0.040906537 -0.99915051
3 -0.24285263 0.97002327 -0.0087882355 3 0.97006297 0.24283834 -0.0026746104 3 -0.0004603141 -0.0091746794 -0.9999578
3 -0.0013084775 -0.99984318 -0.017660057 3 -0.99999797 0.0012808027 0.0015783149 3 -0.0015554475 0.017662825 -0.99984288
3 -0.0016882562 -0.99897581 -0.04521469 3 -0.99999124 0.001513815 0.003892024 3 -0.0038195958 0.045218386 -0.99896979
3 0.09943001 -0.9932068 -0.060447473 3 -0.99503553 -0.099503614 -0.0017986912 3 -0.0042281603 0.060325135 -0.99816978
3 -0.00081484584 -0.9967072 -0.081081457 3 -0.99994957 2.7357601e-08 0.010048876 3 -0.010015782 0.081087537 -0.99665666
3 -0.24312305 -0.8987388 0.36491063 3 -0.96006405 0.27665228 0.041720927 3 -0.13844956 -0.34019426 -0.93010736
3 -0.5749197 -0.73785424 0.35360765 3 -0.80652487 0.58383077 -0.093055189 3 -0.13778587 -0.33869264 -0.93075365
3 -0.86960882 -0.40589175 0.28112647 3 -0.47473389 0.84382343 -0.25017852 3 -0.1356757 -0.3510178 -0.92648715
3 -0.91934192 -0.32055023 0.22816192 3 -0.37724823 0.8828643 -0.27970371 3 -0.11177692 -0.34321705 -0.93258131
3 -0.088257521 0.93933213 -0.33146006 3 0.99101937 0.049244914 -0.12432142 3 -0.10045636 -0.33945569 -0.93524253
3 -0.96924937 -0.18644795 0.16060175 3 -0.22921786 0.92148244 -0.31357539 3 -0.089526191 -0.34074551 -0.9358834
3 -0.96767008 -0.20453283 0.14758237 3 -0.24141943 0.92050493 -0.30722412 3 -0.073012903 -0.33292097 -0.94012368
3 -0.97295088 -0.19186085 0.12867036 3 -0.22198518 0.93066227 -0.29084402 3 -0.063947074 -0.31153983 -0.94807893
3 -0.94459456 -0.294687 0.14456984 3 -0.32336748 0.9110536 -0.25576219 3 -0.056341093 -0.28834084 -0.95586872
3 -0.7392959 -0.6461457 0.18957135 3 -0.67225176 0.72450036 -0.15223928 3 -0.038975738 -0.23998955 -0.9699927
3 -0.69196177 -0.699754 0.17757642 3 -0.72113377 0.68153816 -0.12438545 3 -0.033985898 -0.21412632 -0.97621447
3 -0.1065385 0.97813588 -0.17860529 3 0.99386388 0.09938658 -0.048549425 3 -0.029736655 -0.18268453 -0.98272181
3 -0.46892619 -0.871122 0.14579 3 -0.88289785 0.46689245 -0.050028495 3 -0.024487525 -0.15217772 -0.98804975
3 -0.21576191 -0.9700827 0.11129414 3 -0.97628587 0.21638437 -0.0066003725 3 -0.017679416 -0.11007906 -0.99376553
3 -0.21628843 -0.97388113 0.069101393 3 -0.97629714 0.21631677 -0.0071627139 3 -0.0079718661 -0.069011383 -0.9975841
3 -0.27124685 0.96192622 -0.033512611 3 0.96250361 0.27095667 -0.013003089 3 -0.0034275481 -0.035783056 -0.99935359
3 -0.11091645 -0.99382091 0.0042018429 3 -0.99382478 0.11090133 -0.0036791083 3 0.0031905824 -0.0045821951 -0.9999845
3 -0.00085500599 -0.99979854 -0.020051317 3 -0.99999928 0.00087236339 -0.0008569159 3 0.00087423576 0.020050989 -0.99979866
3 -0.0011009462 -0.99895209 -0.045755178 3 -0.99999899 0.0010572568 0.00097904215 3 -0.00092964218 0.045755308 -0.99895227
3 -0.00018892548 -0.99833024 -0.057763189 3 -0.99999452 2.0299922e-08 0.0032703211 3 -0.0032648593 0.057764415 -0.99832481
3 -0.58096451 0.81102669 0.068672866 3 0.81389779 0.57960844 0.040304601 3 -0.0071152658 0.079308242 -0.99682474
3 -0.73572189 0.67349935 0.071497753 3 0.67719698 0.73320681 0.061740726 3 -0.010840314 0.093842074 -0.99552804
3 0.2491838 -0.92233956 0.29529163 3 -0.96172684 -0.19978695 0.18752766 3 -0.11396876 -0.33071876 -0.93682241
3 0.050967515 -0.94344455 0.32758951 3 -0.99173772 -0.0091463439 0.1279569 3 -0.11772398 -0.33140445 -0.93611556
3 -0.18088599 -0.91639709 0.3570666 3 -0.97413731 0.21692565 0.063243806 3 -0.13541336 -0.33639205 -0.93193543
3 -0.54462534 -0.75916702 0.35643888 3 -0.82743013 0.55575436 -0.080600247 3 -0.13690343 -0.33882526 -0.93083555
3 -0.60661507 -0.71257693 0.35249415 3 -0.78353143 0.61091292 -0.11341894 3 -0.13452356 -0.34499195 -0.92891556
3 -0.89746439 -0.36169267 0.25246018 3 -0.42312899 0.8676151 -0.2611627 3 -0.12457765 -0.34120741 -0.9316963
3 0.29427531 0.88897288 -0.35089767 3 0.94884253 -0.31572273 -0.0041265935 3 -0.11445447 -0.33173126 -0.93640512
3 0.29649875 0.88931447 -0.34814981 3 0.94961655 -0.31330004 0.0084385127 3 -0.10157138 -0.33311242 -0.93740022
3 0.30002508 0.894373 -0.33178598 3 0.95021343 -0.31087428 0.021249495 3 -0.084138021 -0.32164067 -0.94311613
3 0.30269971 0.90210158 -0.30754796 3 0.95040286 -0.30989677 0.026429392 3 -0.071465716 -0.30029342 -0.95116585
3 -0.7080335 -0.66695982 0.23206256 3 -0.70371187 0.69381917 -0.15298475 3 -0.05897478 -0.27162352 -0.96059489
3 -0.0056960797 0.97247463 -0.23293902 3 0.99889666 -0.0053254995 -0.04665903 3 -0.046615232 -0.23294941 -0.971371
3 -0.0039428766 0.97718149 -0.21236941 3 0.99919051 -0.0046523353 -0.039958015 3 -0.040034253 -0.21235414 -0.97637236
3 -0.0059068957 0.9852863 -0.17081006 3 0.99940252 -6.2864274e-08 -0.034561362 3 -0.034052856 -0.17091052 -0.98469788
3 0.29785845 -0.94594115 0.12835766 3 -0.95426047 -0.29140699 0.066849649 3 -0.025832038 -0.14239669 -0.98947251
3 -0.31130442 -0.94534165 0.097049609 3 -0.95019019 0.31126058 -0.0159797 3 -0.01510133 -0.097189806 -0.99515128
3 -0.31429806 -0.94744211 0.059750989 3 -0.94927472 0.31430176 -0.009580927 3 -0.0097016338 -0.059728857 -0.9981674
3 -0.31587505 -0.948493 0.024162844 3 -0.94878381 0.31591853 -0.0020951666 3 -0.0056466581 -0.023588385 -0.99970573
3 -0.32203722 0.94671935 0.0038058693 3 0.94672471 0.32204282 -0.00094152021 3 -0.002117008 0.003299905 -0.99999237
3 -0.00083792309 -0.9997679 -0.02152778 3 -0.99999833 0.00080171454 0.0016905214 3 -0.00167287 0.021528933 -0.99976689
3 -0.0012645377 -0.99886096 -0.047699299 3 -0.99999022 0.0010618574 0.0042742225 3 -0.0042187045 0.047703728 -0.99885255
3 -0.00037860722 -0.99825954 -0.058972258 3 -0.99997932 -1.0913936e-08 0.0064201425 3 -0.0064089694 0.058972903 -0.99823898
3 -0.31774092 -0.94567466 -0.068849064 3 -0.94811362 0.31603798 0.034646571 3 -0.011005176 0.076286227 -0.99702513
3 -0.50280321 0.86017454 0.085372359 3 0.86428648 0.50188488 0.033469699 3 -0.014057318 0.09061487 -0.99578679
3 -0.18195817 -0.93457949 0.30570024 3 -0.98025924 0.19686173 0.018373407 3 -0.077352069 -0.29632223 -0.95195055
3 -0.030297577 -0.94995111 0.31092614 3 -0.99612778 0.054381073 0.069081038 3 -0.082532093 -0.30762914 -0.9479202
3 0.055294264 -0.94683421 0.3169347 3 -0.9940443 -0.02234865 0.10666073 3 -0.093906954 -0.32094485 -0.94243085
3 0.0016392171 -0.94189703 0.33589774 3 -0.99393177 0.035409819 0.10414382 3 -0.10998683 -0.33403012 -0.93612337
3 -0.17868996 -0.91899151 0.35146055 3 -0.97698438 0.20802116 0.047209769 3 -0.11649659 -0.33493552 -0.93501168
3 -0.40812457 -0.83804554 0.36209676 3 -0.90342748 0.42781815 -0.028113633 3 -0.13135108 -0.33860207 -0.93171644
3 -0.61955702 -0.70290208 0.34939617 3 -0.77368534 0.62197715 -0.12064578 3 -0.13251425 -0.34506965 -0.92917538
3 -0.90966433 -0.33479297 0.24581344 3 -0.39460665 0.88130563 -0.25997216 3 -0.12959996 -0.33348709 -0.93380404
3 0.10087004 0.93337858 -0.34442645 3 0.987055 -0.13727435 -0.082934007 3 -0.12468975 -0.33160225 -0.93514299
3 0.20038223 0.91573572 -0.34824577 3 0.97245187 -0.22911707 -0.04292547 3 -0.11909741 -0.33005065 -0.9364199
3 0.19973244 0.92084157 -0.33489972 3 0.97430831 -0.22294316 -0.031933025 3 -0.10406871 -0.31991684 -0.94171274
3 0.20333147 0.92877609 -0.30988914 3 0.97492117 -0.22129855 -0.023571778 3 -0.090471275 -0.29732624 -0.95047987
3 0.39673465 0.8759672 -0.27437747 3 0.91509485 -0.40091443 0.043232225 3 -0.072131768 -0.26823291 -0.96064985
3 -0.00747609 0.9733144 -0.22935393 3 0.99816251 -0.0065285987 -0.060241967 3 -0.060131729 -0.22938322 -0.97147703
3 -0.0052570957 0.97847086 -0.2063182 3 0.99858218 -0.0057924804 -0.052915424 3 -0.052971281 -0.20630594 -0.97705257
3 -0.10733997 0.98248774 -0.15230231 3 0.99328661 0.099328697 -0.059290823 3 -0.043124467 -0.15764455 -0.98655373
3 0.20062608 -0.97152191 0.12607318 3 -0.97908008 -0.19438079 0.060153775 3 -0.033934072 -0.13550623 -0.99019521
3 -0.31231588 -0.94547713 0.092367649 3 -0.94976592 0.31282285 -0.0093121156 3 -0.020090247 -0.090635747 -0.99568152
3 -0.31557781 -0.94737238 0.053816624 3 -0.94873458 0.31607285 0.00072645769 3 -0.017698511 -0.050829377 -0.99855047
3 -0.31705612 -0.94819343 0.020114578 3 -0.94832981 0.31722927 0.006012639 3 -0.012082181 -0.017169219 -0.99977958
3 -0.38541844 0.92271268 0.0073452136 3 0.92273194 0.38543925 -0.001602391 3 -0.0043096803 0.0061600725 -0.99997187
3 -0.00078313728 -0.99973553 -0.022986745 3 -0.99999648 0.00072471774 0.0025496623 3 -0.002532328 0.022989448 -0.99973243
3 -0.0013867947 -0.99891549 -0.046538763 3 -0.99997985 0.0010971216 0.0062493077 3 -0.0061914739 0.046545189 -0.99889702
3 -0.10002507 -0.99345708 -0.055118367 3 -0.99496239 0.099496223 0.012263799 3 -0.0066996026 0.056066252 -0.99840462
3 -0.40761659 -0.91113895 -0.06061751 3 -0.91307443 0.40581092 0.040155839 3 -0.011988911 0.071715131 -0.99735308
3 0.00069665606 -0.99644005 -0.0843013 3 -0.99989969 -0.0018865275 0.014035673 3 -0.014144744 0.084282391 -0.99634147
3 -0.48214698 0.87029934 0.10056283 3 0.87583554 0.48158717 0.031388015 3 -0.021112809 0.10321019 -0.99443531
3 -0.33156389 -0.91502112 0.22978623 3 -0.94268769 0.31164712 -0.11923039 3 0.037486099 -0.25614917 -0.96591014
3 -0.46676162 -0.85427737 0.22878802 3 -0.8841756 0.44516003 -0.14165555 3 0.019165827 -0.26840812 -0.96311462
3 -0.61560553 -0.75599837 0.2224776 3 -0.78792179 0.59564376 -0.1561653 3 -0.014456689 -0.27143118 -0.96234918
3 -0.6628859 -0.7140165 0.22530591 3 -0.74831486 0.64172173 -0.16798262 3 -0.024641357 -0.27995309 -0.95969743
3 -0.67733884 -0.69628793 0.23747675 3 -0.73446679 0.65849239 -0.16415325 3 -0.042078704 -0.28560618 -0.95742285
3 -0.34492174 -0.89000028 0.29820859 3 -0.93701154 0.34514388 -0.05371245 3 -0.055120785 -0.29795155 -0.95298827
3 -0.24602586 -0.91771543 0.31188071 3 -0.9663201 0.25729027 -0.0051958114 3 -0.075475596 -0.30265489 -0.95010698
3 -0.14063334 -0.93697393 0.31984687 3 -0.98623747 0.16094564 0.037843101 3 -0.086935967 -0.310123 -0.94671321
3 -0.049987465 -0.94382066 0.32665575 3 -0.99455118 0.076998338 0.070280492 3 -0.091484115 -0.32136264 -0.94252676
3 -0.077386171 -0.93554765 0.34461832 3 -0.99125481 0.10925536 0.074007049 3 -0.10688854 -0.33587751 -0.93582112
3 -0.46323976 -0.81398267 0.35048717 3 -0.87876904 0.47311026 -0.062704764 3 -0.11477847 -0.33704457 -0.93446618
3 -0.34340644 -0.86569089 0.36421359 3 -0.93143576 0.36364064 -0.01389467 3 -0.12041435 -0.34401301 -0.93121177
3 -0.71883887 -0.61290044 0.32806009 3 -0.68327856 0.70985043 -0.17100395 3 -0.12806524 -0.34708083 -0.92905009
3 -0.8916266 -0.36812615 0.26360089 3 -0.43157303 0.86705303 -0.24892592 3 -0.13691974 -0.33571193 -0.93196064
3 0.29162005 0.88845193 -0.35441637 3 0.94697517 -0.32040814 -0.024012066 3 -0.13489214 -0.32862321 -0.93477845
3 0.29273561 0.89008069 -0.34937415 3 0.94750714 -0.31915772 -0.019197278 3 -0.12859175 -0.32541227 -0.93678755
3 0.29522482 0.89524627 -0.33373111 3 0.9484843 -0.31665364 -0.010388233 3 -0.11497652 -0.3134698 -0.94261181
3 0.29907772 0.90395027 -0.30565733 3 0.94880825 -0.31580389 -0.0055735856 3 -0.10156679 -0.28834561 -0.9521246
3 0.39295757 0.87652194 -0.27801752 3 0.91493237 -0.40296617 0.022735707 3 -0.092102788 -0.26330024 -0.96030718
3 -0.0093716057 0.97480714 -0.22285247 3 0.99697852 -0.0080767553 -0.07725545 3 -0.077109069 -0.22290538 -0.9717856
3 -0.0060819783 0.9806636 -0.19560666 3 0.99781585 -0.0069149928 -0.065692931 3 -0.06577529 -0.19557835 -0.97847974
3 0.092414699 0.98354363 -0.15524688 3 0.99431705 -0.099431708 -0.038042083 3 -0.05285247 -0.15084863 -0.98714304
3 0.095998943 -0.98790145 0.12179923 3 -0.99432576 -0.089542024 0.057434916 3 -0.045834105 -0.1266195 -0.99089193
3 -0.11317233 -0.99009621 0.083075166 3 -0.99309099 0.11533161 0.021654677 3 -0.031021753 -0.080053531 -0.99630773
3 -0.11346596 -0.99256843 0.043969106 3 -0.99330759 0.11428914 0.016674971 3 -0.021576371 -0.041783925 -0.99889374
3 -0.11199327 -0.99363858 0.011825379 3 -0.99358183 0.11216134 0.014659414 3 -0.015892304 -0.010105904 -0.99982262
3 -0.40749744 -0.91319901 -0.0036420925 3 -0.91310054 0.40738636 0.016838774 3 -0.013893753 0.0101866 -0.99985158
3 -0.0014944973 -0.99959952 -0.028260764 3 -0.99995661 0.0012339252 0.0092354678 3 -0.0091968998 0.028271537 -0.99955791
3 -0.0015577682 -0.99887007 -0.047498759 3 -0.99996352 0.00115683 0.0084673483 3 -0.0084028384 0.047507208 -0.99883562
3 -0.10011245 -0.99359775 -0.052353464 3 -0.99493527 0.099493548 0.014303741 3 -0.0090032173 0.053521454 -0.9985261
3 -0.40760535 -0.91130364 -0.058167905 3 -0.91306102 0.40580484 0.040522911 3 -0.013324834 0.069626026 -0.99748421
3 0.00069034495 -0.9969573 -0.077946447 3 -0.99985379 -0.0020205302 0.016987793 3 -0.017093599 0.077923894 -0.99681288
3 -0.44277769 0.89168847 0.094018996 3 0.89634907 0.44282919 0.021460384 3 -0.022498382 0.093776025 -0.99533904
3 -0.18390545 -0.94818175 0.25909483 3 -0.98088562 0.15998128 -0.110766 3 0.063575983 -0.27451289 -0.95947933
3 0.086315691 -0.95854759 0.27154386 3 -0.99548388 -0.093792751 -0.014653021 3 0.03951446 -0.26905268 -0.96231449
3 -0.2061033 -0.9391098 0.27494425 3 -0.97852397 0.19677944 -0.061392482 3 0.0035508946 -0.28169274 -0.95949823
3 -0.56005186 -0.79159236 0.24438396 3 -0.82829958 0.54078901 -0.14651637 3 -0.01617893 -0.28447989 -0.95854545
3 -0.38523933 -0.88160789 0.27268654 3 -0.92248201 0.37585863 -0.088073306 3 -0.024845479 -0.28547779 -0.95806319
3 -0.32169423 -0.90181053 0.28853172 3 -0.94567364 0.32115898 -0.050577514 3 -0.047053229 -0.28912738 -0.95613348
3 -0.32901973 -0.8939386 0.30433482 3 -0.94255221 0.33060792 -0.047891613 3 -0.057803337 -0.30260876 -0.95136046
3 -0.32062423 -0.89340121 0.31469718 3 -0.94385147 0.32927844 -0.026831798 3 -0.079651445 -0.30563036 -0.94881272
3 -0.26562309 -0.90700299 0.32678702 3 -0.96006161 0.2797614 -0.0038866848 3 -0.087897174 -0.31476814 -0.94509006
3 -0.12290551 -0.93349695 0.3368645 3 -0.98771751 0.1480598 0.049923498 3 -0.09647952 -0.32659107 -0.94022864
3 -0.42031139 -0.83473277 0.35575217 3 -0.90017998 0.43288448 -0.047822796 3 -0.11408033 -0.34034145 -0.93335599
3 -0.52537787 -0.77539974 0.35033303 3 -0.84239262 0.53198129 -0.085850507 3 -0.11980216 -0.34022194 -0.93268234
3 -0.56329405 -0.74446583 0.3584277 3 -0.81623149 0.56874579 -0.10146136 3 -0.12831973 -0.34971258 -0.92802763
3 -0.73916996 -0.58902383 0.32661703 3 -0.66050798 0.72880924 -0.18046096 3 -0.13174574 -0.34912449 -0.92776889
3 -0.89721209 -0.35334495 0.2648733 3 -0.41838792 0.87206984 -0.25386176 3 -0.14128727 -0.33858761 -0.93026686
3 0.29050675 0.88816947 -0.35603473 3 0.94615096 -0.32217157 -0.031681471 3 -0.1428434 -0.3276608 -0.93393475
3 0.2914702 0.88978857 -0.35117143 3 0.94628823 -0.32190818 -0.030228525 3 -0.13994125 -0.32349652 -0.93582398
3 0.29458025 0.89830524 -0.32599121 3 0.94770962 -0.31843615 -0.021093585 3 -0.12275646 -0.30273309 -0.94513679
3 0.29718608 0.90414858 -0.30691314 3 0.94775856 -0.31835264 -0.020127609 3 -0.1159045 -0.28489652 -0.95152515
3 0.3919017 0.8801589 -0.26783088 3 0.91467887 -0.40404195 0.010615185 3 -0.098872162 -0.24914002 -0.96340728
3 -0.0096458923 0.97693157 -0.21333483 3 0.99636555 -0.0086669652 -0.084739409 3 -0.084633574 -0.21337585 -0.97329754
3 0.39789459 0.89564443 -0.19874848 3 0.91451812 -0.40446186 0.0081902444 3 -0.073051155 -0.18501912 -0.98001599
3 0.40114799 0.90175033 -0.16101761 3 0.91380966 -0.40613768 0.0020999163 3 -0.063502654 -0.14798392 -0.98694903
3 -0.011670145 -0.9927839 0.11934756 3 -0.9984194 0.018131338 0.053195901 3 -0.054975957 -0.11853689 -0.99142653
3 -0.2180139 -0.9724586 0.08242733 3 -0.97526449 0.22023869 0.018826133 3 -0.036461871 -0.076286547 -0.99641913
3 -0.21994884 -0.97452027 0.043964446 3 -0.97499901 0.2210706 0.02246986 3 -0.031616338 -0.037922006 -0.99878049
3 -0.31784549 -0.94800377 0.016218547 3 -0.94772357 0.31816706 0.024285976 3 -0.028183855 -0.0076528518 -0.99957353
3 -0.31856072 -0.94787043 -0.0077996869 3 -0.94767517 0.31829327 0.024525169 3 -0.020763986 0.015204642 -0.99966884
3 -0.0027686649 -0.99939066 -0.034795158 3 -0.99980956 0.0020940909 0.019408524 3 -0.019323826 0.034844916 -0.99920601
3 -0.0027801406 -0.99878955 -0.049109776 3 -0.99984282 0.0019159575 0.017635291 3 -0.017519848 0.049151953 -0.99863774
3 -0.10072868 -0.99330521 -0.056555465 3 -0.99473625 0.099473596 0.024592215 3 -0.018801937 0.05873356 -0.99809659
3 -0.31423876 -0.94762528 -0.057100154 3 -0.94925481 0.31281582 0.032582317 3 -0.013014611 0.064439356 -0.99783671
3 0.00063314399 -0.9973976 -0.07209494 3 -0.99985033 -0.0018779573 0.017199833 3 -0.017290462 0.072073504 -0.99724942
3 0.00055809802 -0.99660033 -0.082386665 3 -0.99973482 -0.0024528771 0.022899194 3 -0.023023427 0.08235167 -0.99633735
3 -0.83839774 0.53778797 0.088731617 3 0.54389095 0.83609271 0.071635634 3 -0.035663083 0.10831949 -0.99347621
3 -0.10513252 -0.94502318 0.30964214 3 -0.9902122 0.070737697 -0.12031548 3 0.091797553 -0.31926054 -0.94321042
3 -0.025220089 -0.9540987 0.2984286 3 -0.99818742 0.0077168737 -0.059685018 3 0.054642461 -0.29939297 -0.95256394
3 -0.10542579 -0.95108616 0.29037991 3 -0.99401838 0.092417866 -0.058192104 3 0.028509416 -0.2947779 -0.95514035
3 0.052493572 -0.95445335 0.2937057 3 -0.99851942 -0.054364536 0.0017958032 3 0.014253168 -0.29336521 -0.95589417
3 -0.22875014 -0.9292748 0.29003754 3 -0.97333825 0.22350554 -0.051556043 3 -0.016915273 -0.29409808 -0.95562559
3 -0.53753549 -0.80329227 0.25647083 3 -0.842906 0.52044094 -0.13656794 3 -0.023773948 -0.28959087 -0.95685518
3 -0.30108896 -0.90563846 0.29860416 3 -0.95270288 0.29922807 -0.053099982 3 -0.04126136 -0.30046886 -0.95289862
3 -0.48440522 -0.82524216 0.29039091 3 -0.8733539 0.47552562 -0.10549024 3 -0.051033333 -0.30471408 -0.95107561
3 -0.39833826 -0.86300623 0.31072003 3 -0.91442931 0.40013111 -0.060944043 3 -0.071733654 -0.30840781 -0.94854569
3 -0.65080589 -0.6983068 0.29802558 3 -0.75427604 0.63948649 -0.1487439 3 -0.086714476 -0.32159698 -0.94289768
3 -0.28705189 -0.88916892 0.35634214 3 -0.95274967 0.30359343 -0.0099419653 3 -0.099343061 -0.34235877 -0.93430257
3 -0.38244468 -0.84965777 0.36306715 3 -0.91713607 0.39680958 -0.037462711 3 -0.11223805 -0.34730941 -0.93100953
3 -0.50498635 -0.78321892 0.36270785 3 -0.854976 0.51152354 -0.085788891 3 -0.11834212 -0.35342872 -0.92794573
3 -0.66767693 -0.6637249 0.33715963 3 -0.73407501 0.66233093 -0.14983827 3 -0.12385987 -0.34754404 -0.92944705
3 -0.8560136 -0.4312216 0.28511181 3 -0.50051147 0.82933164 -0.2483899 3 -0.12934114 -0.35532683 -0.92575043
3 0.19571668 0.9118464 -0.36087537 3 0.97092372 -0.2319034 -0.059395351 3 -0.13784762 -0.33875757 -0.93072087
3 0.19714618 0.91559362 -0.3504594 3 0.97027594 -0.23339887 -0.063951276 3 -0.14035046 -0.32743582 -0.93439162
3 0.19394507 0.92103374 -0.33776054 3 0.97169715 -0.22769284 -0.062934905 3 -0.1348712 -0.31599677 -0.93912512
3 0.19702941 0.92762882 -0.3173078 3 0.97171599 -0.22775039 -0.062435281 3 -0.13018417 -0.29603353 -0.94626451
3 -0.02100664 0.96424109 -0.26419285 3 0.99225831 -0.012244135 -0.12358516 3 -0.12240065 -0.26474565 -0.95651847
3 0.38867491 0.88173795 -0.26733857 3 0.91401124 -0.40559164 -0.0088736936 3 -0.11625513 -0.24090277 -0.96356142
3 -0.0097530223 0.98100555 -0.19373423 3 0.99491751 -0.0098978281 -0.10020571 3 -0.10021994 -0.19372439 -0.9759236
3 -0.014817681 0.9869141 -0.16056444 3 0.99576873 1.3038516e-07 -0.091893673 3 -0.090691119 -0.16124816 -0.98273802
3 -0.22122923 -0.96406448 0.1470959 3 -0.97153097 0.23098072 0.052681625 3 -0.084764488 -0.13125212 -0.98771852
3 -0.22309032 -0.96796024 0.11525512 3 -0.972036 0.2297917 0.048391871 3 -0.073326014 -0.1012361 -0.99215651
3 -0.31827462 -0.94473314 0.078616284 3 -0.94606888 0.32182124 0.03721191 3 -0.060456138 -0.062534079 -0.9962101
3 -0.32122236 -0.94592535 0.045181487 3 -0.94535965 0.3231096 0.04353302 3 -0.055776816 -0.028726788 -0.99802989
3 -0.0048082769 -0.99997985 0.0041464246 3 -0.99864894 0.0050163437 0.051722147 3 -0.051741891 -0.0038892487 -0.99865294
3 -0.41067496 -0.91176033 -0.0062580085 3 -0.91064525 0.40981081 0.052727289 3 -0.045510434 0.027351754 -0.99858928
3 -0.4119173 -0.91095871 -0.021870088 3 -0.91019535 0.41019654 0.05729758 3 -0.043224584 0.043508176 -0.99811751
3 -0.0023198244 -0.99829775 -0.058277145 3 -0.99920857 -1.2200326e-07 0.039777346 3 -0.03970965 0.058320384 -0.99750787
3 -0.002343422 -0.99788028 -0.065034002 3 -0.99935138 5.5180863e-08 0.03600958 3 -0.035933241 0.065077737 -0.99723297
3 -0.40835828 -0.91132951 -0.05217427 3 -0.91226804 0.40545267 0.058097824 3 -0.031791043 0.071323909 -0.99694645
3 0.00063854258 -0.99742162 -0.07176026 3 -0.99959052 -0.0026894442 0.028486919 3 -0.028606469 0.071712904 -0.99701506
3 0.00048957526 -0.99680656 -0.07985232 3 -0.99946648 -0.0030956087 0.032515135 3 -0.032658491 0.079793349 -0.99627632
3 -0.40309876 -0.91232038 -0.07199204 3 -0.91423637 0.39791885 0.076370455 3 -0.041026242 0.096605062 -0.99447691
3 0.30153811 -0.85091811 0.4301317 3 -0.94464779 -0.32779744 0.013759844 3 0.12928756 -0.41047204 -0.9026612
3 0.1285447 -0.91386777 0.38512585 3 -0.98596692 -0.15948135 -0.049345028 3 0.10651522 -0.37337831 -0.9215439
3 0.008120805 -0.93362093 0.35817054 3 -0.99562955 -0.040874578 -0.083971299 3 0.093037426 -0.35592318 -0.92987245
3 0.02141352 -0.93492323 0.35420358 3 -0.99732453 -0.04474432 -0.057809342 3 0.069895878 -0.35201794 -0.93337989
3 -0.44957465 -0.8475939 0.28189921 3 -0.89201993 0.40950736 -0.19132227 3 0.04672379 -0.33747336 -0.94017482
3 -0.14721614 -0.93758678 0.31505311 3 -0.9886077 0.12938581 -0.076903179 3 0.031339999 -0.32278532 -0.94595319
3 -0.23872584 -0.92270005 0.30271217 3 -0.97101146 0.22292279 -0.086268947 3 0.012118923 -0.31453159 -0.9491697
3 -0.30347455 -0.9037779 0.30180904 3 -0.95274878 0.29218999 -0.083033159 3 -0.013142042 -0.31274664 -0.94974554
3 -0.61820078 -0.74437141 0.25246599 3 -0.78569931 0.5943839 -0.17141922 3 -0.022462158 -0.30433384 -0.95230061
