ply
format ascii 1.0
comment PCL generated
element vertex 14752
property list uint float x_axis
property list uint float y_axis
property list uint float z_axis
element camera 1
property float view_px
property float view_py
property float view_pz
property float x_axisx
property float x_axisy
property float x_axisz
property float y_axisx
property float y_axisy
property float y_axisz
property float z_axisx
property float z_axisy
property float z_axisz
property float focal
property float scalex
property float scaley
property float centerx
property float centery
property int viewportx
property int viewporty
property float k1
property float k2
end_header
3 0.85782826 0.50766766 0.080027752 3 0.49484953 -0.77385134 -0.39532071 3 -0.13876189 0.37871888 -0.91505045
3 -0.9885416 -0.10841012 0.10503779 3 -0.059420928 0.9191407 0.38942257 3 -0.13876189 0.37871888 -0.91505045
3 -0.20416212 -0.92816645 -0.31116712 3 -0.95713854 0.12255801 0.26242229 3 -0.20543554 0.35140666 -0.91340548
3 0.51903665 0.8051272 0.28700384 3 0.79180717 -0.32643256 -0.51622039 3 -0.32193562 0.49518901 -0.80693591
3 0.12986949 -0.98729253 0.091581993 3 -0.81089622 -0.052603234 0.58282083 3 -0.57059723 -0.14995416 -0.80742341
3 -0.79357326 -0.44055158 0.41970882 3 -0.25204489 0.86581326 0.43225044 3 -0.55381823 0.23723701 -0.79812527
3 0.68855399 -0.4491955 -0.56931263 3 -0.63616872 -0.75100636 -0.17685863 3 -0.34811333 0.48395562 -0.80287248
3 -0.74836016 -0.64463943 -0.15619594 3 -0.62181175 0.59986037 0.50350535 3 -0.23088369 0.47392777 -0.84975588
3 -0.12218621 -0.91194844 -0.39168918 3 -0.93582344 -0.025603272 0.35153785 3 -0.33061299 0.40950504 -0.85029447
3 0.5265649 -0.69497544 -0.48963121 3 -0.81958181 -0.56800872 -0.075180918 3 -0.22586587 0.44088042 -0.8686825
3 -0.1693283 0.45155603 -0.876028 3 0.98358744 0.13363285 -0.12123638 3 0.062321104 -0.8821789 -0.46677268
3 0.19967644 0.91136992 -0.35990858 3 0.82693034 -0.353778 -0.43706697 3 -0.52565742 -0.21034735 -0.82428056
3 -0.68285656 -0.69964695 0.2102406 3 -0.50675929 0.66092503 0.55350989 3 -0.52621472 0.2714265 -0.80586958
3 0.64926219 -0.52596724 -0.54937887 3 -0.69472528 -0.70410782 -0.14693178 3 -0.30954063 0.47706461 -0.82255328
3 -0.047387004 0.86647815 0.49696085 3 0.97296548 0.15262386 -0.17333221 3 -0.22603667 0.47531199 -0.85028577
3 -0.77432936 0.45547497 0.43926814 3 0.61193705 0.71570987 0.3365891 3 -0.16108063 0.52943528 -0.83291727
3 -0.72592717 0.49672666 0.47570202 3 0.65514785 0.70990855 0.25847933 3 -0.20931135 0.49929231 -0.8407712
3 0.90076363 0.43308946 -0.032532461 3 0.26401976 -0.6055181 -0.75076067 3 -0.3448455 0.6676687 -0.65977287
3 -0.15731338 0.92831576 -0.33687219 3 0.64420992 -0.1620806 -0.74747884 3 -0.74849641 -0.33460468 -0.57253247
3 -0.73730618 -0.67243242 -0.064920306 3 -0.48723829 0.46274501 0.74058533 3 -0.46795189 0.57766956 -0.66881931
3 0.21895388 -0.72254896 -0.65573037 3 -0.85732412 -0.46334499 0.22429186 3 -0.46589115 0.51306385 -0.72090977
3 0.061444938 -0.95316684 0.29613775 3 -0.41754666 -0.29403597 -0.85976607 3 0.90657562 -0.070823014 -0.41605863
3 -0.7192626 -0.68909305 -0.088384613 3 -0.52327013 0.45365417 0.72137773 3 -0.45700049 0.56510913 -0.68687844
3 -0.72660881 -0.68561912 -0.04434064 3 -0.50390112 0.48793188 0.71274555 3 -0.46703672 0.54023045 -0.70001984
3 0.39128599 0.32928538 0.85934067 3 0.10782693 -0.9437654 0.31253844 3 0.91393036 -0.029631853 -0.40478802
3 -0.39903149 -0.84597343 -0.35369864 3 -0.81177998 0.14656492 0.56527144 3 -0.42636397 0.51268852 -0.74522758
3 -0.84392726 -0.53028131 -0.081170574 3 -0.47538674 0.66912955 0.57120359 3 -0.2485849 0.52064162 -0.81678522
3 -0.85941374 0.012604311 -0.51112545 3 -0.34743422 0.71902144 0.60191196 3 0.37509683 0.69487381 -0.61355764
3 0.62248594 -0.6529631 -0.43145153 3 -0.61228007 -0.062936097 -0.78813207 3 0.48746783 0.75476974 -0.43897352
3 -0.92203438 0.37210909 -0.10671088 3 0.30089441 0.86234957 0.40720445 3 0.24354662 0.34334788 -0.90708172
3 0.46302813 -0.62976283 0.62370157 3 -0.80524379 -0.0048315674 0.59292424 3 -0.37038821 -0.7767725 -0.50934976
3 -0.44240516 0.76350051 -0.47047269 3 0.658207 -0.07988888 -0.74858618 3 -0.60913152 -0.64084691 -0.46719816
3 -0.96627527 -0.20107946 0.16086984 3 -0.01073534 0.65562195 0.75501299 3 -0.25728738 0.72782344 -0.63567001
3 -0.14103448 -0.8016603 -0.58090448 3 -0.85071301 -0.20197907 0.48527509 3 -0.5063563 0.5626238 -0.65349668
3 0.5590868 0.68605638 0.46556315 3 0.73896265 -0.1576909 -0.65503335 3 -0.37597457 0.71025395 -0.59513265
3 0.61843848 0.78175235 0.079983175 3 0.56263864 -0.3694323 -0.73956609 3 -0.54860902 0.50237763 -0.66831511
3 -0.93398547 0.098891526 -0.34335351 3 -0.005539909 0.95681417 0.29064798 3 0.3572681 0.27336314 -0.89310265
3 -0.39802504 -0.83056575 -0.38953379 3 -0.88281786 0.46223196 -0.083511233 3 0.24941656 0.31064785 -0.91721821
3 -0.44875941 -0.72454584 -0.52311409 3 -0.81367999 0.57332134 -0.096061245 3 0.36951321 0.38253906 -0.8468318
3 -0.80916333 -0.56047499 0.1764154 3 -0.57925218 0.81126839 -0.079437666 3 -0.098597407 -0.16646707 -0.98110509
3 0.63473499 -0.56893682 -0.52289826 3 -0.74190879 -0.63790399 -0.20651898 3 -0.21606261 0.51902753 -0.82699907
3 -0.58061469 -0.77836949 -0.23880428 3 -0.80528641 0.50578535 0.30934623 3 -0.12000199 0.37191677 -0.92047679
3 -0.56988066 0.70620835 0.4201259 3 0.30830827 0.65767914 -0.68731678 3 -0.76169693 -0.2621603 -0.59252852
3 -0.55577838 -0.82432735 0.10767869 3 -0.54456347 0.45886379 0.70206428 3 -0.62814075 0.33155429 -0.70392519
3 0.1001198 -0.84681118 -0.52238584 3 -0.85335112 -0.34305793 0.3925603 3 -0.51163298 0.40647539 -0.7569741
3 0.30222562 -0.74379534 -0.596178 3 -0.84195852 -0.50154078 0.19890419 3 -0.44695252 0.44184548 -0.77782142
3 -0.69320786 -0.71663511 -0.076792084 3 -0.58656108 0.49903113 0.63789833 3 -0.41881862 0.48723939 -0.76628256
3 -0.93729216 -0.20326418 0.28313798 3 0.012040183 0.79297614 0.60913348 3 -0.34833667 0.57434505 -0.74080294
3 0.85379624 0.0098751485 -0.52051365 3 -0.32210863 -0.77545232 -0.54306513 3 -0.40899634 0.63132894 -0.6588974
3 -0.20430645 -0.14844328 -0.96758646 3 -0.46604499 0.88397825 -0.037210763 3 0.86084896 0.4433364 -0.24978369
3 0.11703807 0.7806949 0.61385465 3 0.84205806 0.24969733 -0.4781104 3 -0.52653623 0.57285845 -0.62816638
3 -0.35755509 -0.87646449 -0.32243499 3 -0.90385062 0.41163975 -0.11664739 3 0.23496437 0.24972525 -0.93937689
3 0.61356968 -0.75664246 0.22588614 3 -0.73794162 -0.44763047 0.5050438 3 -0.28102404 -0.47657031 -0.83301032
3 -0.1742238 -0.93974054 0.29416603 3 -0.98249763 0.1858912 0.011949133 3 -0.065911971 -0.28693566 -0.95567966
3 -0.51797289 -0.69640744 -0.49671006 3 -0.75029182 0.64875919 -0.1271766 3 0.4108119 0.30680344 -0.85854834
3 -0.96962297 -0.091682702 -0.2267722 3 -0.12064429 0.98573917 0.11731705 3 0.21278229 0.14111207 -0.9668563
3 -0.78100467 0.61335397 -0.11759544 3 0.53831637 0.7566148 0.37114611 3 0.31661835 0.22656329 -0.92109811
3 -0.66669834 -0.66834748 0.32988638 3 -0.71189851 0.70209312 -0.016306892 3 -0.22071227 -0.24571741 -0.94387984
3 -0.90181482 -0.41984361 0.10228054 3 -0.4303728 0.89392042 -0.12524171 3 -0.03884875 -0.1569636 -0.98684001
3 -0.98784351 0.12455434 -0.09301351 3 0.10685545 0.97863775 0.17564233 3 0.11290353 0.16356811 -0.98005015
3 0.96233511 0.12331775 0.24228899 3 0.18599257 -0.94864094 -0.25590479 3 0.19828761 0.2913301 -0.93584663
3 0.9191165 0.22537702 0.3231566 3 0.31148684 -0.91792512 -0.24574292 3 0.24124871 0.32652536 -0.91388202
3 -0.15012947 -0.8579573 -0.49129489 3 -0.89773643 0.32646689 -0.29578561 3 0.41416284 0.39664713 -0.81923157
3 -0.655249 -0.46818057 -0.59283698 3 -0.62473357 0.7770474 0.076846674 3 0.42468432 0.42071888 -0.80164766
3 0.037697554 -0.8905642 -0.45329258 3 -0.90814608 -0.21980225 0.35631099 3 -0.41695258 0.39822391 -0.81704849
3 -0.96421015 0.075308442 0.25421941 3 0.11009759 0.98596507 0.12550467 3 -0.24119987 0.14900181 -0.95896876
3 -0.61237073 -0.78899801 0.0498408 3 -0.77274054 0.61068279 0.17302723 3 -0.16695508 0.067442805 -0.98365515
3 -0.22391555 -0.95653719 -0.18681192 3 -0.9745813 0.22119543 0.035555866 3 0.0073114331 0.19002488 -0.9817521
3 -0.90694273 -0.37871397 -0.1844738 3 -0.41914833 0.85501051 0.30540416 3 0.042066213 0.35430598 -0.93418294
3 -0.1770587 -0.86802709 -0.46387416 3 -0.95194304 0.27071953 -0.14323305 3 0.24990994 0.41622105 -0.87424552
3 -0.78001434 0.60958058 0.14138278 3 0.56805444 0.59500426 0.56858081 3 0.26247248 0.52381432 -0.81038684
3 0.19520462 0.78384703 0.58947349 3 0.91474891 -0.3622897 0.17883164 3 0.35373682 0.5043115 -0.78774381
3 0.57402456 0.02258228 -0.81852669 3 0.66011834 -0.60422856 0.44626433 3 -0.48449948 -0.79649109 -0.36174902
3 -0.76851058 -0.61190832 0.18697523 3 -0.39910048 0.23002905 -0.88758409 3 0.50011033 -0.75673968 -0.42099264
3 0.60924751 -0.20857316 -0.76505864 3 0.3313624 -0.80955523 0.48458141 3 -0.72042787 -0.5487417 -0.42410621
3 0.1272137 0.65069866 -0.748604 3 0.62419581 0.53402758 0.57025778 3 0.77084118 -0.53982008 -0.33822778
3 -0.2707184 -0.96234763 0.024468452 3 -0.65491909 0.20274539 0.72799414 3 -0.70554423 0.18105656 -0.68514669
3 0.78339165 0.58590168 0.20740508 3 0.57728189 -0.5622586 -0.5921241 3 -0.23031123 0.58359623 -0.77869904
3 0.04859975 0.95068574 -0.30632472 3 0.98776728 -0.00025043264 0.15593636 3 0.14816974 -0.31015593 -0.93906832
3 -0.49811468 -0.8670758 0.0078259781 3 -0.86711103 0.49809968 -0.003900684 3 -0.00051592849 -0.0087289801 -0.99996185
3 0.75630611 0.55809712 -0.34136292 3 0.64270616 -0.7312873 0.22835883 3 -0.12218795 -0.39210525 -0.91176951
3 -0.086863875 -0.99508452 -0.047555372 3 -0.96878016 0.095501594 -0.22878928 3 0.23220627 0.026197171 -0.97231376
3 -0.023826212 -0.96581006 -0.25815344 3 -0.94735616 0.10428625 -0.30272228 3 0.3192941 0.23735058 -0.9174509
3 -0.023720771 -0.96258807 -0.26992899 3 -0.96925539 0.088289648 -0.22967179 3 0.24491124 0.2561821 -0.93508786
3 -0.13345942 -0.92211771 -0.3631635 3 -0.96346384 0.20658231 -0.17047384 3 0.23222004 0.32714349 -0.91599721
3 0.56461352 0.81405866 0.13608861 3 0.8097173 -0.57827908 0.0997568 3 0.15990569 0.053870142 -0.98566139
3 -0.54974782 -0.80061805 -0.23830301 3 -0.80978549 0.58080065 -0.083178438 3 0.20500064 0.14724711 -0.96762252
3 0.70069122 -0.71327484 -0.01645036 3 -0.61397207 -0.5910753 -0.5231328 3 0.36341414 0.37665471 -0.85209233
3 0.34453124 -0.88881725 -0.30216205 3 -0.89695203 -0.21666379 -0.38540077 3 0.27708334 0.40380755 -0.87187409
3 -0.85661471 -0.20242086 -0.47459149 3 -0.39401847 0.85049576 0.34843427 3 0.33310768 0.4854717 -0.80830473
3 -0.6442464 0.7599622 -0.086048588 3 0.72793221 0.64380068 0.23587273 3 0.23465241 0.089322597 -0.96796691
3 -0.92761314 -0.037682697 -0.37163687 3 -0.18283066 0.91338384 0.36373508 3 0.32574052 0.40535203 -0.85415632
3 -0.57616866 0.8105101 0.10537068 3 0.64956808 0.37583709 0.6609143 3 0.49607408 0.44924569 -0.74302679
3 -0.90461087 0.013901949 -0.42601168 3 -0.18056038 0.8928628 0.41254601 3 0.38610524 0.45011443 -0.80518317
3 0.55626976 -0.82731521 -0.078188851 3 -0.6368221 -0.36394769 -0.67970574 3 0.53387457 0.42789167 -0.72930574
3 -0.90857059 0.33425283 0.25054854 3 0.13610271 0.80392385 -0.57894945 3 -0.39493749 -0.49191603 -0.77591425
3 0.37264499 -0.90878987 -0.18771508 3 -0.92181343 -0.33924782 -0.18754046 3 0.10675291 0.24292423 -0.96415347
3 -0.53007889 -0.76417077 -0.36750442 3 -0.80854183 0.58609426 -0.052475929 3 0.25549278 0.2693263 -0.92854017
3 -0.48394933 -0.70592988 -0.51716179 3 -0.79222786 0.60445374 -0.083733603 3 0.37171033 0.36918706 -0.85178202
3 -0.8388828 -0.039288878 -0.5428921 3 -0.3032133 0.86203784 0.40614316 3 0.45203674 0.5053187 -0.73506176
3 -0.052762687 -0.94465029 -0.32380861 3 -0.98486835 0.10282778 -0.13950212 3 0.16507722 0.31154829 -0.9357816
3 0.51613104 -0.34857282 -0.78237188 3 -0.63659054 -0.76723421 -0.078130543 3 -0.57302827 0.53837609 -0.61789161
3 -0.3117975 -0.83172929 -0.4593567 3 -0.8273046 -0.00011257827 0.56175333 3 -0.46727848 0.55518126 -0.6880585
3 -0.48587579 -0.71924245 -0.49660352 3 -0.81807041 0.57426459 -0.031322479 3 0.30771196 0.39104033 -0.86741048
3 0.79733104 0.34646922 0.4941887 3 0.50141943 -0.83600265 -0.22288668 3 0.33591962 0.4255102 -0.8402971
3 -0.82825959 -0.54631144 -0.12461843 3 -0.50115597 0.62273651 0.60086751 3 -0.25065637 0.56012762 -0.7895748
3 0.88236409 0.24687636 -0.40060645 3 0.46357355 -0.30981141 0.83013022 3 0.080827296 -0.91818774 -0.38781196
3 0.19070783 -0.87342888 -0.44805411 3 -0.95319581 -0.27385786 0.12813957 3 -0.23462442 0.40264824 -0.88477451
3 -0.073131815 -0.88163978 -0.46622214 3 -0.93866754 -0.097105093 0.33086839 3 -0.33697918 0.46182552 -0.82046461
3 -0.31995881 -0.8623051 -0.39250004 3 -0.76868552 -0.0059088022 0.63959962 3 -0.55384892 0.50635546 -0.66095048
3 -0.27674556 -0.87054944 -0.40688539 3 -0.85706949 0.032129616 0.5141983 3 -0.43456188 0.49103105 -0.75501299
3 -0.2493246 -0.8928982 -0.37492666 3 -0.90795267 0.080867454 0.41119653 3 -0.33683801 0.44293445 -0.83087265
3 -0.88534892 -0.45611733 -0.090079859 3 -0.42052811 0.70299786 0.57354224 3 -0.19827659 0.54566604 -0.81420845
3 -0.30517834 -0.82499516 -0.47565651 3 -0.91718078 0.12024857 0.37989438 3 -0.25621435 0.55219769 -0.79336756
3 0.47070158 0.6466558 0.60023022 3 0.80219996 -0.030452728 -0.59627843 3 -0.36730829 0.76217383 -0.53308141
3 -0.21443513 -0.32773095 -0.92011404 3 -0.55312794 0.81716311 -0.16215335 3 0.80502605 0.47416949 -0.35650566
3 -0.95761085 -0.14570659 0.24849749 3 0.014788881 0.83663946 0.54755437 3 -0.2876851 0.52801901 -0.79902023
3 -0.82842034 -0.53218162 -0.17464973 3 -0.53754109 0.66778988 0.51488459 3 -0.1573838 0.52042162 -0.83928037
3 0.94913602 0.31473672 -0.0090388944 3 0.24960983 -0.76961404 -0.58769846 3 -0.19192852 0.55554891 -0.8090297
3 0.88984329 -0.19829105 -0.41092497 3 -0.37445271 -0.8319729 -0.40939701 3 -0.26069877 0.51817131 -0.81457633
3 0.88380891 -0.13286883 -0.44858399 3 -0.45495436 -0.46763447 -0.7578485 3 -0.10907895 0.87387854 -0.4737488
3 -0.66305959 -0.73422801 -0.14581148 3 -0.74419844 0.66757607 0.022596601 3 0.080749214 0.12349559 -0.98905426
3 0.82556999 -0.56362516 0.027587116 3 -0.54353684 -0.80738217 -0.22956957 3 0.1516645 0.1745311 -0.97290134
3 -0.98644763 0.03665968 -0.15992844 3 0.046807639 0.997091 -0.060153455 3 0.157258 -0.066824108 -0.98529404
3 -0.73666292 0.61620712 -0.27859756 3 0.6339215 0.48574361 -0.60182792 3 -0.2355237 -0.61995322 -0.74845624
3 0.6370222 -0.66261965 0.39387548 3 -0.7455017 -0.39963698 0.53340167 3 -0.19603522 -0.63342357 -0.74856174
3 -0.21331674 -0.97036207 0.11354944 3 -0.95346969 0.18142657 -0.2407902 3 0.21305278 -0.15963052 -0.96391213
3 -0.8839801 -0.45983225 -0.084460162 3 -0.44262549 0.88130093 -0.16550347 3 0.15053976 -0.10891698 -0.98258579
3 -0.087819427 0.99607897 -0.010685366 3 0.9872967 0.088460974 0.13198233 3 0.13241009 0.0010409718 -0.99119437
3 -0.31459838 -0.81627429 -0.48448336 3 -0.8991338 0.41987026 -0.12356105 3 0.30427989 0.3967433 -0.86603034
3 0.70225763 -0.7074967 -0.079263568 3 -0.63256419 -0.56901294 -0.5254398 3 0.3266449 0.41913334 -0.84713072
3 -0.34651822 -0.71195757 0.61077136 3 -0.89526004 0.44540191 0.011269942 3 -0.28006241 -0.54289389 -0.79172695
3 0.29567683 -0.9514944 -0.085049875 3 -0.92900503 -0.2656596 -0.25763285 3 0.22254194 0.15518785 -0.96249259
3 -0.10850543 0.98229748 0.15270305 3 0.98816168 0.089818463 0.12437511 3 0.10845781 0.16439067 -0.98041451
3 -0.63443238 -0.6827842 -0.36235514 3 -0.72057754 0.69207406 -0.042443186 3 0.27976003 0.23418185 -0.93107098
3 -0.82868284 -0.23428214 -0.50832719 3 -0.4532105 0.81380677 0.36375663 3 0.32845849 0.53181815 -0.78056693
3 -0.63123173 -0.58043355 -0.51443505 3 -0.71121442 0.69776845 0.085400254 3 0.30938739 0.41978097 -0.85326624
3 0.071787 -0.86509323 -0.4964481 3 -0.92993981 0.12191446 -0.34691435 3 0.36063731 0.48657063 -0.79573244
3 -0.92237067 0.052239697 -0.38275748 3 -0.15903674 0.85160464 0.49947655 3 0.35205123 0.52157503 -0.77718687
3 -0.65691555 -0.34343776 -0.67120212 3 -0.57903951 0.79996288 0.15739317 3 0.48288214 0.49204668 -0.72437215
3 -0.33757642 -0.65338218 -0.6775943 3 -0.83820963 0.5362038 -0.099449143 3 0.42830685 0.53439432 -0.72868091
3 -0.5822466 -0.40503877 -0.70493442 3 -0.62359142 0.77882516 0.067565978 3 0.52165377 0.47893104 -0.70604706
3 -0.13191152 -0.77086711 -0.62318802 3 -0.83304995 0.42694065 -0.35178086 3 0.53724104 0.47274554 -0.69848692
3 -0.43620923 -0.65741158 0.61443597 3 -0.28794804 0.74889904 0.59685516 3 -0.85253 0.083428092 -0.51597703
3 -0.96279126 -0.093800977 -0.25344628 3 -0.16930729 0.94033253 0.29514533 3 0.21063875 0.32707343 -0.92122453
3 -0.81108385 -0.32380116 -0.48713019 3 -0.45617998 0.87143087 0.18030065 3 0.36611712 0.36845732 -0.85451603
3 0.6462456 0.35370913 0.6762073 3 0.56554562 -0.8169142 -0.11317739 3 0.51237154 0.45556653 -0.72796601
3 -0.7226972 -0.044169668 -0.68975192 3 -0.37536111 0.86304373 0.33802307 3 0.58035588 0.50319445 -0.64029878
3 -0.71497023 -0.55959749 -0.419128 3 -0.69844282 0.59872288 0.39205691 3 0.031547766 0.57304621 -0.81891561
3 -0.74458653 -0.48149624 -0.4623335 3 -0.64465588 0.69842291 0.31084502 3 0.17323232 0.52949619 -0.83043647
3 0.24460962 0.74364477 0.62222087 3 0.94302642 -0.03318958 -0.3310594 3 -0.2255393 0.66775084 -0.70939499
3 0.48321366 0.55760187 0.67497021 3 0.78691375 -0.61454695 -0.055669025 3 0.38375971 0.5580433 -0.73574197
3 -0.59912747 0.49275631 0.6310606 3 0.79924327 0.41484231 0.43487492 3 -0.047503278 0.76491648 -0.64237559
3 0.93613577 -0.047892831 -0.34836218 3 0.31111601 -0.34889695 0.88401246 3 -0.16388027 -0.93593663 -0.31171468
3 -0.55352288 0.62750679 -0.54758328 3 0.67320633 -0.049963325 -0.73776436 3 -0.49031129 -0.77700621 -0.39478573
3 -0.68813407 0.70159197 -0.18504062 3 0.4136036 0.16975307 -0.89449179 3 -0.59615713 -0.69206393 -0.4069939
3 0.36446369 -0.92496556 0.10772495 3 -0.48447496 -0.089549586 0.87020934 3 -0.79526716 -0.36934978 -0.48076037
3 -0.47756368 -0.55969298 -0.67725682 3 -0.057697341 0.78915322 -0.61148053 3 0.87670064 -0.25294495 -0.40916368
3 0.15151596 0.94892085 0.27675301 3 0.27873102 -0.30963987 0.90908331 3 0.94834179 -0.06060097 -0.31140903
3 -0.51278156 -0.85313225 0.096023887 3 -0.57043177 0.42216229 0.70454723 3 -0.64160961 0.30650365 -0.70313072
3 0.13227445 -0.83195835 -0.53884017 3 -0.86669469 -0.36086333 0.34440953 3 -0.48098204 0.42145333 -0.76878697
3 -0.8203398 -0.39388314 0.41460675 3 -0.11163427 0.82134086 0.55940789 3 -0.56087476 0.41262019 -0.71774942
3 0.79089683 0.58770043 0.17055933 3 0.54079336 -0.54079521 -0.64426953 3 -0.28639811 0.6017893 -0.74553728
3 0.94270545 0.25637314 -0.21349297 3 0.13221329 -0.87460369 -0.46646357 3 -0.3063103 0.41151118 -0.85838962
3 -0.82545298 -0.55217957 0.11715408 3 -0.37046513 0.68654561 0.62562823 3 -0.42589074 0.4730252 -0.77127439
3 -0.41431147 -0.82813162 -0.3775498 3 -0.85626256 0.21406589 0.47009605 3 -0.30848104 0.51804781 -0.79778832
3 -0.79492927 -0.56288314 -0.22638512 3 -0.58868861 0.62536651 0.51221365 3 -0.14674272 0.54044384 -0.82848483
3 -0.77926797 -0.62056744 0.087393016 3 -0.44739971 0.64853925 0.61581683 3 -0.43883371 0.44078672 -0.78302753
3 0.41155764 -0.68465948 -0.60154945 3 -0.53512019 0.35275471 -0.76760054 3 0.73774433 0.63781309 -0.22119619
3 0.51799744 0.77360892 0.36497658 3 0.83278143 -0.35866493 -0.42170441 3 -0.19532888 0.52238911 -0.83003384
3 0.98390198 0.098578751 -0.14906123 3 0.0022781268 -0.84094977 -0.54110867 3 -0.17869481 0.53205824 -0.8276366
3 0.99827063 0.021628082 -0.054660767 3 -0.024363004 -0.69401443 -0.71954846 3 -0.05349778 0.71963596 -0.69228745
3 0.95275825 -0.1791065 -0.24530132 3 -0.29701847 -0.38057491 -0.87575287 3 0.063497521 0.90723968 -0.41579378
3 0.68971586 0.44684255 0.5697577 3 0.72403419 -0.41673532 -0.54964203 3 -0.0081653101 0.79162085 -0.61095822
3 -0.37789655 -0.73122907 0.56788951 3 -0.9255507 0.31390989 -0.21170026 3 -0.023464758 -0.60561121 -0.79541481
3 -0.61314571 -0.7044121 0.35756996 3 -0.78179431 0.47612736 -0.40261757 3 0.1133598 -0.52640921 -0.84264052
3 0.13596289 0.82611787 -0.54684854 3 0.96262872 -0.24065687 -0.12421934 3 -0.23422298 -0.5095247 -0.82796395
3 0.44007489 -0.84654611 0.29948974 3 -0.88338119 -0.34828293 0.31358778 3 -0.16115931 -0.4025656 -0.90109318
3 -0.32258806 -0.93961072 -0.11431734 3 -0.9399727 0.33220661 -0.078036517 3 0.11130095 0.08228156 -0.99037451
3 0.35692453 0.92900705 0.097728461 3 0.93006718 -0.36317149 0.055512011 3 0.087062486 0.071078479 -0.99366391
3 0.1430949 0.77241749 -0.61878532 3 0.96224785 -0.25483787 -0.095588051 3 -0.23152378 -0.58174664 -0.77972281
3 0.42864373 0.65765327 -0.61948109 3 0.88580346 -0.44085974 0.14489746 3 -0.17781197 -0.61084783 -0.77152324
3 -0.11513433 0.83489221 -0.53823692 3 0.98438758 0.023273833 -0.17446899 3 -0.13313621 -0.54991943 -0.82453829
3 -0.34114689 0.91250122 -0.2257438 3 0.92942446 0.29149556 -0.22627522 3 -0.14067379 -0.28700313 -0.94754428
3 -0.46127552 -0.88236248 -0.09306667 3 -0.88109767 0.46788445 -0.068928093 3 0.104364 0.050205972 -0.99327111
3 -0.36999437 -0.91157413 -0.17926764 3 -0.91073489 0.39399976 -0.12379927 3 0.1834836 0.11746025 -0.97597992
3 -0.096100017 -0.97560447 -0.19738473 3 -0.96352178 0.14094013 -0.22751182 3 0.24978103 0.16832113 -0.95356035
3 -0.3820256 -0.86336869 -0.32962233 3 -0.88309395 0.44617534 -0.14516406 3 0.27239949 0.23563114 -0.93288612
3 -0.93450654 0.35349935 -0.041664787 3 0.33889365 0.84782362 -0.40785617 3 -0.10885248 -0.39526412 -0.91209519
3 -0.3751865 -0.89477527 -0.24210006 3 -0.9181574 0.39461586 -0.035573132 3 0.12736647 0.20893937 -0.96959895
3 0.11007061 0.96257246 0.2476662 3 0.98205769 -0.14371485 0.12210093 3 0.15312432 0.22978279 -0.96112061
3 -0.25368094 0.91378081 0.31725499 3 0.94032055 0.15606065 0.30239454 3 0.22681126 0.37503314 -0.89883637
3 -0.71042466 -0.57874537 -0.40043801 3 -0.6815064 0.70772457 0.18621264 3 0.17562915 0.40519032 -0.89720416
3 -0.3190946 -0.9056474 -0.27925155 3 -0.92541152 0.36130884 -0.11432197 3 0.20443144 0.22194305 -0.95338827
3 -0.87052715 -0.2717219 -0.41030431 3 -0.40030652 0.87593973 0.26922864 3 0.28624663 0.39861837 -0.87130141
3 0.94211185 -0.22492617 0.24866343 3 -0.071978308 -0.85999686 -0.50519764 3 0.32748193 0.4580543 -0.82640302
3 -0.43777728 -0.68941057 -0.57711715 3 -0.83403945 0.55110723 -0.02567178 3 0.33575279 0.47010148 -0.81625652
3 -0.62671775 0.69898069 -0.34445709 3 0.66930842 0.25647789 -0.69731289 3 -0.39906269 -0.66756654 -0.628573
3 -0.62546527 -0.53996074 -0.56323689 3 -0.69643688 0.71182907 0.090969414 3 0.35180837 0.44915703 -0.82127279
3 0.29535094 -0.83824176 -0.45838705 3 -0.85967118 -0.023852274 -0.51029086 3 0.41681346 0.54477698 -0.72765696
3 0.63765115 -0.76053679 0.1224128 3 -0.51421118 -0.3019163 0.8027662 3 -0.57357472 -0.57483083 -0.58359373
3 0.85883176 -0.50168604 -0.10353337 3 -0.26552069 -0.60881639 0.7475571 3 -0.43807176 -0.61453551 -0.65607888
3 -0.41941744 -0.63979423 -0.64401269 3 -0.82564801 0.56374317 -0.022341877 3 0.37735301 0.52235883 -0.76468694
3 -0.39255843 -0.61935592 -0.67992365 3 -0.83023202 0.55672479 -0.027791664 3 0.39574197 0.55358249 -0.73275834
3 -0.005096484 -0.78276229 -0.62229991 3 -0.91385484 0.25631195 -0.31491873 3 0.40600941 0.5670864 -0.71663773
3 -0.47709647 -0.427371 -0.76794082 3 -0.70073283 0.71236259 0.038901478 3 0.53042626 0.55668044 -0.63933951
3 0.85732371 -0.23627965 -0.45734861 3 0.1804757 -0.69409007 0.69689822 3 -0.48210415 -0.68000782 -0.55241722
3 0.44707024 0.55530715 0.70125765 3 0.68812943 -0.71438664 0.127003 3 0.5714947 0.42577672 -0.70150411
3 0.010407925 0.73757261 0.67518771 3 0.73605859 -0.46269327 0.49409822 3 0.67683804 0.49183515 -0.54771221
3 -0.062192619 -0.75837779 -0.6488415 3 -0.83783114 -0.31361207 0.44686314 3 -0.54237556 0.57141119 -0.61588812
3 -0.32027495 0.59010684 0.74107885 3 0.83124638 0.55027246 -0.078928411 3 -0.45437151 0.59074032 -0.66676265
3 0.69897556 0.40861201 0.58691537 3 0.63908583 -0.72520518 -0.25621721 3 0.32094055 0.55417871 -0.76803863
3 -0.80050051 0.57521683 -0.16829944 3 0.28476599 0.61213386 0.73769951 3 0.52735889 0.54260278 -0.65381557
3 -0.83516896 0.38464156 0.39312035 3 0.54985523 0.56791413 0.61248076 3 0.012326919 0.72768426 -0.68580145
3 -0.74495924 0.17834318 0.64282936 3 0.60100555 0.59763217 0.53068674 3 -0.28953108 0.78168392 -0.55239677
3 0.84886312 0.25762141 0.46158704 3 0.50606322 -0.64836746 -0.56878781 3 0.15274613 0.71641529 -0.68074799
3 0.78490615 0.43762279 0.43864402 3 0.60734773 -0.40322095 -0.68450099 3 -0.1226828 0.80367857 -0.58227986
3 -0.64711744 -0.75473285 -0.10778388 3 -0.74187076 0.65595514 -0.13910612 3 0.17568937 -0.010056282 -0.98439425
3 0.31978083 -0.3766371 0.86941624 3 -0.91574985 -0.3583765 0.18157166 3 0.24319178 -0.85423106 -0.45950735
3 0.44127798 -0.72566867 -0.52790028 3 -0.20498118 -0.65423363 0.72798437 3 -0.8736456 -0.21303387 -0.43744734
3 -0.4014914 -0.90329474 -0.15120649 3 -0.75568879 0.23345399 0.61191022 3 -0.51743543 0.35994172 -0.77633935
3 0.81651992 -0.43541065 -0.37909484 3 -0.56144869 -0.75178945 -0.34581557 3 -0.13442768 0.49520755 -0.85831171
3 0.29959399 -0.83740437 -0.45716211 3 -0.94773936 -0.31631052 -0.041685835 3 -0.10969731 0.44575945 -0.88840592
3 -0.9113031 0.11681171 0.3948184 3 0.29687271 0.85085201 0.4334943 3 -0.28529701 0.51225585 -0.81006145
3 -0.95703852 -0.26278201 0.12256823 3 -0.14156091 0.79234481 0.59342235 3 -0.25305739 0.55057704 -0.79550409
3 -0.16127543 0.59612238 0.78652942 3 0.9715668 -0.044081911 0.23262709 3 0.17334591 0.80168271 -0.57206327
3 0.6218816 0.77858204 -0.084102727 3 0.7830162 -0.61653686 0.082267106 3 0.012200224 -0.11701299 -0.99305546
3 0.030822786 0.994075 -0.10423515 3 0.99815238 -0.025149394 0.055311978 3 0.052362721 -0.10574989 -0.99301308
3 0.3082847 0.67872196 -0.66655588 3 0.94442505 -0.302414 0.12886655 3 -0.1141113 -0.66923982 -0.73423189
3 0.72660512 0.54203933 -0.4221828 3 0.66627192 -0.70589608 0.24040094 3 -0.16770837 -0.45596358 -0.87405455
3 -0.934192 0.33994165 -0.10828208 3 0.35130405 0.82355976 -0.44534776 3 -0.062215485 -0.45408022 -0.88878578
3 -0.33621493 -0.87908143 0.33789849 3 -0.9367885 0.27525431 -0.21601558 3 0.096887253 -0.3891671 -0.91605794
3 -0.59519094 -0.7483477 0.29278564 3 -0.78807354 0.47233954 -0.39475995 3 0.15712346 -0.46569419 -0.87088531
3 0.71516836 -0.68997431 0.11166804 3 -0.6750077 -0.72325623 -0.14582565 3 0.18138054 0.028913112 -0.98298782
3 0.08211112 -0.99291831 0.085855037 3 -0.98930377 -0.091626436 -0.11350207 3 0.12056486 -0.075616911 -0.98982131
3 0.013780411 0.99449652 -0.10385957 3 0.99940598 -0.010417805 0.032849699 3 0.031586878 -0.10425366 -0.99404901
3 0.55159926 0.82620519 -0.11455628 3 0.83055639 -0.55670774 -0.01589188 3 -0.076904014 -0.086379051 -0.99328971
3 0.31451225 0.94041967 -0.12920083 3 0.9480077 -0.31814718 -0.007986363 3 -0.048614599 -0.11996914 -0.99158663
3 0.40992662 0.91190678 -0.019650208 3 0.90942073 -0.40696365 0.085642323 3 0.070102356 -0.052974142 -0.99613231
3 -0.055585485 0.99423236 -0.091719121 3 0.98856813 0.06769719 0.13472328 3 0.14015536 -0.083181925 -0.98662925
3 0.28882986 0.95732915 -0.009896053 3 0.94778717 -0.28446084 0.14415644 3 0.13519016 -0.051016044 -0.98950535
3 0.74811912 0.63821971 0.18164077 3 0.63307869 -0.7685045 0.092801064 3 0.19881923 0.045566663 -0.97897619
3 0.10276454 0.8115983 -0.57510668 3 0.96991038 -0.21004477 -0.12310689 3 -0.2207115 -0.545151 -0.80876267
3 -0.19191583 0.88547182 -0.42321146 3 0.95538294 0.069907151 -0.28697777 3 -0.22452542 -0.45940375 -0.85938138
3 -0.99467635 0.059703737 0.083991736 3 0.02948169 0.9458676 -0.32321146 3 -0.098741964 -0.31901452 -0.94259214
3 -0.036294159 0.96059591 -0.27556893 3 0.99785882 0.0198215 -0.06232921 3 -0.054411087 -0.2772387 -0.95925921
3 0.19324952 0.9781388 -0.076805107 3 0.97858661 -0.18649884 0.087098964 3 0.070870817 -0.091992289 -0.99323446
3 -0.77358341 -0.60554028 -0.18678753 3 -0.60944122 0.7916891 -0.04254058 3 0.17363769 0.08092732 -0.98147887
3 -0.02305758 0.98905778 0.14571543 3 0.98226178 -0.004718205 0.18745549 3 0.18609184 0.14745295 -0.97140497
3 -0.7408132 -0.62036228 -0.25757775 3 -0.65756601 0.74805486 0.089559726 3 0.13712281 0.23572144 -0.96209824
3 0.031685978 -0.66559601 0.74563938 3 -0.95962703 0.18834618 0.20890686 3 -0.27948585 -0.72215503 -0.63275594
3 -0.17312939 -0.90948403 -0.3779749 3 -0.96087521 0.24021882 -0.13789128 3 0.21620664 0.33931389 -0.91548949
3 -0.28115553 -0.886325 -0.36793953 3 -0.95964503 0.25736979 0.11332363 3 -0.0057450538 0.38495293 -0.92291838
3 0.1784059 -0.93696678 -0.30044028 3 -0.98372424 -0.17648457 -0.033757187 3 -0.021393707 0.30157289 -0.95320302
3 0.006266892 0.94257206 0.3339442 3 0.99960619 -0.015041906 0.02369754 3 0.027359795 0.33366412 -0.94229501
3 0.34618306 0.82714748 -0.44270116 3 0.93701047 -0.32826364 0.11939138 3 -0.046568412 -0.45614693 -0.88868517
3 0.29423422 0.94763702 -0.12413812 3 0.95480478 -0.29718277 -0.0055195428 3 -0.042122439 -0.11690429 -0.99224961
3 0.16502449 -0.98206526 -0.0911863 3 -0.98535609 -0.16014053 -0.058555081 3 0.04290228 0.099513985 -0.99411088
3 -0.30640033 -0.88768786 -0.34369919 3 -0.9340803 0.34992296 -0.07105016 3 0.18333861 0.29927284 -0.93638819
3 -0.76608324 -0.49953806 -0.40444797 3 -0.59386903 0.79080582 0.14814134 3 0.24583757 0.35367769 -0.90248334
3 0.00029112844 0.81092906 -0.58514446 3 0.96386564 -0.15610376 -0.21585861 3 -0.26638925 -0.56393933 -0.78167093
3 -0.81461847 -0.48628172 0.31611216 3 -0.57573152 0.74395037 -0.33922154 3 -0.070214503 -0.45833185 -0.88600338
3 -0.052785635 0.99178004 -0.11655853 3 0.99712735 0.045998216 -0.060174827 3 -0.054318763 -0.11939921 -0.99135929
3 -0.12015918 0.93749642 0.32659179 3 0.97593492 0.051248074 0.21195467 3 0.18196954 0.34420067 -0.92109346
3 -0.65446436 -0.55442655 -0.51408905 3 -0.70050657 0.70050663 0.1363131 3 0.28454623 0.449334 -0.84683686
3 -0.59063649 -0.77476931 0.22556847 3 -0.80692834 0.56844103 -0.16044199 3 -0.0039168266 -0.27678046 -0.96092528
3 -0.15928905 -0.87659454 -0.45410246 3 -0.96023971 0.24439532 -0.13494737 3 0.22927471 0.41455194 -0.88067013
3 -0.82791317 0.55098897 -0.1047421 3 0.4052372 0.45856068 -0.79088867 3 -0.38774028 -0.6972326 -0.60292965
3 0.20095956 -0.82297164 -0.53135002 3 -0.91212797 0.040621281 -0.40788746 3 0.35726374 0.56662893 -0.74249172
3 -0.35410637 -0.67644149 -0.64578307 3 -0.85193771 0.51815647 -0.075607404 3 0.38576058 0.52339375 -0.75976843
3 -0.63553387 -0.43074971 -0.64074278 3 -0.6779294 0.70848042 0.19613078 3 0.36946934 0.55902541 -0.74228239
3 -0.7540229 -0.3226369 -0.5721494 3 -0.60844749 0.67124879 0.42333999 3 0.24746779 0.66733015 -0.70244586
3 -0.64541608 -0.38854915 -0.65762275 3 -0.66748893 0.70546436 0.23828326 3 0.37134561 0.59274828 -0.71466929
3 0.044883832 -0.8041026 -0.59279376 3 -0.91933155 0.19895324 -0.33948055 3 0.39091554 0.56020933 -0.73030853
3 -0.3390004 -0.56016493 -0.75583994 3 -0.83231264 0.55309606 -0.036609203 3 0.43855962 0.61668515 -0.65373135
3 0.1794716 -0.7520504 -0.63420027 3 -0.87770081 0.16876705 -0.44850767 3 0.44433257 0.63713253 -0.62978643
3 0.73639554 -0.04334351 -0.67516136 3 0.51987565 -0.60237896 0.60569715 3 -0.43295434 -0.79703277 -0.42105752
3 -0.7035675 0.68516278 0.18853307 3 0.55730504 0.36738527 0.74460685 3 0.44091269 0.62895161 -0.64032501
3 0.54043859 -0.661259 0.52025259 3 -0.75150776 -0.10130914 0.65189916 3 -0.37836781 -0.7432853 -0.55169261
3 -0.79696059 0.59450799 0.1068383 3 0.44107991 0.45194396 0.77536809 3 0.41267741 0.66506177 -0.62240684
3 -0.69481134 0.53901696 -0.47612828 3 0.65437591 0.19914873 -0.72947407 3 -0.2983785 -0.81841356 -0.49109039
3 0.052272327 -0.8338303 -0.54954046 3 -0.79147685 0.30097306 -0.5319587 3 0.60896003 0.46275595 -0.64422429
3 -0.65990627 0.72389787 0.20123512 3 0.15935117 0.3965835 -0.90406239 3 -0.73425537 -0.56452942 -0.3770619
3 0.51238489 0.83030665 -0.2192091 3 0.34145427 -0.43120027 -0.83514988 3 -0.78795356 0.35306829 -0.50445223
3 0.66915292 0.13736686 0.73031831 3 0.52192199 -0.78645384 -0.33028466 3 0.5289914 0.60218006 -0.59795266
3 -0.71539038 0.5553298 -0.42405814 3 0.0087487847 0.61397445 0.78927732 3 0.69867015 0.5609315 -0.44408989
3 0.533476 -0.75619972 -0.37890059 3 -0.66297066 -0.095665351 -0.74250829 3 0.52523673 0.64731014 -0.55237323
3 0.93687367 -0.14489375 0.31823498 3 0.17181596 -0.60190046 -0.7798686 3 0.30454388 0.78531623 -0.53900963
3 -0.70041692 -0.65472066 0.28417802 3 -0.70928597 0.68288314 -0.17488392 3 -0.079560287 -0.32405511 -0.94268692
3 0.9848972 0.1701175 0.032209333 3 0.15423998 -0.94658738 0.28316456 3 0.078660198 -0.27392003 -0.95853025
3 -0.7066499 -0.62267017 -0.33604753 3 -0.59558088 0.77986038 -0.19261765 3 0.38200739 0.064030223 -0.92193854
3 -0.43400308 -0.86599874 -0.24836965 3 -0.73687112 0.49983501 -0.45517701 3 0.5183261 -0.014532752 -0.85505968
3 -0.76291251 -0.64616311 0.020923344 3 -0.64192337 0.76095772 0.094221503 3 -0.07680425 0.058451559 -0.99533135
3 -0.7908724 -0.60245532 0.10755686 3 -0.5912326 0.79754186 0.11987892 3 -0.15800279 0.0312178 -0.98694503
3 -0.8843506 -0.42469564 -0.19379762 3 -0.46247125 0.85359764 0.23977353 3 0.063594446 0.30166972 -0.95128924
3 -0.56968313 -0.75322187 -0.32881311 3 -0.81748027 0.56058711 0.13216703 3 0.084777512 0.3440918 -0.93510079
3 0.69803131 -0.33372536 0.63354546 3 -0.67702073 -0.01940833 0.7357083 3 -0.23322842 -0.94247067 -0.23948659
3 -0.38351074 -0.73338038 0.56131345 3 -0.83864921 0.022020236 -0.54422671 3 0.38676494 -0.67946178 -0.62349385
3 0.79733723 -0.57394791 0.18664667 3 -0.29321206 -0.098070122 0.95100403 3 -0.52752239 -0.81299812 -0.24648343
3 -0.11782637 -0.93515056 0.33408135 3 -0.61406308 -0.19577846 -0.76458973 3 0.78041244 -0.29523584 -0.55117357
3 -0.4333505 -0.51947325 0.73644751 3 -0.39722988 0.84360039 0.36131302 3 -0.80895978 -0.13596377 -0.57192492
3 -0.16038026 -0.56672567 -0.80814606 3 -0.21879375 0.81878841 -0.53076822 3 0.96250069 0.091692612 -0.25531355
3 -0.67058015 -0.046799332 0.74035943 3 -0.043401174 0.99877363 0.023823529 3 -0.74056745 -0.016156955 -0.6717878
3 0.9710474 -0.23117495 -0.06020689 3 -0.23208681 -0.85324937 -0.46701306 3 0.056590233 0.46746516 -0.88219845
3 -0.69248313 -0.65086144 0.31120211 3 -0.4832167 0.7387597 0.46982574 3 -0.5356949 0.17496829 -0.82608557
3 0.57570696 0.81694353 -0.034129411 3 0.64209378 -0.4775435 -0.59972328 3 -0.50623828 0.32335064 -0.79947942
3 0.61488086 0.77936709 -0.12045139 3 0.69963706 -0.60958159 -0.37271777 3 -0.3639085 0.14490527 -0.92009413
3 0.22288847 0.94247717 0.2491136 3 0.90847999 -0.10814476 -0.4036943 3 -0.35353178 0.31629577 -0.8803252
3 0.18247852 -0.51149476 -0.83968735 3 -0.84508216 0.35491017 -0.39984408 3 0.50253165 0.78256768 -0.36749157
3 0.13388754 0.89480954 -0.42589912 3 0.95045573 -0.23761344 -0.20043379 3 -0.28054976 -0.37796506 -0.88228917
3 0.66297233 0.61652005 -0.42470077 3 0.70500147 -0.70500153 0.077110484 3 -0.25187486 -0.35053709 -0.90204382
3 0.72177112 0.60752451 -0.33160293 3 0.67312676 -0.72764659 0.13202634 3 -0.16108096 -0.31850398 -0.93413496
3 -0.89822316 0.42644545 -0.10648661 3 0.43852153 0.85296541 -0.28310579 3 -0.029899813 -0.30098885 -0.9531588
3 0.98176718 -0.18818958 -0.026791511 3 -0.17710875 -0.95679098 0.23061579 3 -0.069035783 -0.22166556 -0.97267604
3 0.80592912 0.56477177 -0.17751354 3 0.57658303 -0.81681806 0.018980399 3 -0.13427669 -0.11764816 -0.9839353
3 0.52342021 0.85152549 0.030589441 3 0.84197032 -0.51136744 -0.1720157 3 -0.13083163 0.11579461 -0.98461908
3 -0.97481227 -0.19118288 0.11484855 3 -0.14199877 0.92912549 0.34141254 3 -0.1719801 0.31650493 -0.93287069
3 -0.73167533 -0.62667519 -0.26819676 3 -0.66405547 0.56647247 0.48799518 3 -0.15388842 0.53515148 -0.830621
3 0.12579378 0.82062286 0.55745316 3 0.97981322 -0.014763638 -0.19936928 3 -0.15537696 0.57127941 -0.80591434
3 0.23139009 0.73610467 0.63608849 3 0.96845829 -0.11215208 -0.22250986 3 -0.092451885 0.6675117 -0.73883748
3 0.64201337 0.50047469 0.58081305 3 0.76571274 -0.38024831 -0.51874375 3 -0.038764946 0.77777648 -0.62734437
3 0.91716671 0.22689761 0.32760134 3 0.39844564 -0.53616428 -0.74415654 3 0.0068008318 0.81304699 -0.58215845
3 0.72219878 0.66665685 -0.1843842 3 0.68963045 -0.71453214 0.11770277 3 -0.053280462 -0.2121612 -0.97578126
3 0.50224543 -0.85571158 0.12452817 3 -0.86465555 -0.49514279 0.0848791 3 -0.010972803 -0.15030409 -0.98857892
3 0.18683136 0.5873009 0.7875098 3 0.97896314 -0.17822114 -0.099340431 3 0.082008183 0.78950298 -0.60824317
3 0.89042419 0.16547054 0.42398626 3 0.44718406 -0.49140587 -0.74735987 3 0.084683262 0.85506713 -0.51155543
3 0.15494853 0.8104108 -0.56500024 3 0.95860827 -0.26161975 -0.11236198 3 -0.23887441 -0.52420259 -0.81740481
3 0.21268956 -0.86184156 0.46042624 3 -0.9503231 -0.072855957 0.30261853 3 -0.22726443 -0.50191748 -0.83452362
3 -0.24336922 -0.83043724 0.50114411 3 -0.95994604 0.28017831 -0.0018973202 3 -0.1388341 -0.48153308 -0.86536169
3 -0.42630172 -0.7798239 0.45841223 3 -0.90201825 0.40458736 -0.15057418 3 -0.068046421 -0.47768611 -0.87589145
3 0.75744814 0.55918443 -0.33702394 3 0.6493513 -0.69892097 0.29975376 3 -0.067936599 -0.44589567 -0.89250296
3 0.74497199 0.56379718 -0.35658044 3 0.65236437 -0.72742313 0.21278247 3 -0.13942097 -0.39113903 -0.90970981
3 0.70284492 0.62388849 -0.34171957 3 0.69032568 -0.71413308 0.11603801 3 -0.17163952 -0.31745541 -0.93261045
3 0.23116536 0.9495554 -0.21191299 3 0.96974552 -0.24244583 -0.028521977 3 -0.07846012 -0.19890632 -0.97687262
3 0.86587286 0.49621361 0.063532211 3 0.4900223 -0.86684465 0.091971144 3 0.10070727 -0.048504606 -0.99373311
3 0.65361315 -0.75463438 0.057592481 3 -0.73399878 -0.65060836 -0.19481999 3 0.184488 0.085064091 -0.97914678
3 0.038615223 -0.98097342 -0.19026315 3 -0.98001993 -4.3585896e-07 -0.19889958 3 0.19511503 0.19414407 -0.96137309
3 0.60808784 -0.78590524 -0.1121709 3 -0.7820462 -0.56872582 -0.25486284 3 0.13650355 0.24270175 -0.96044928
3 0.65669256 0.61336434 0.43879291 3 0.74556077 -0.61561179 -0.25526831 3 0.11355365 0.49477956 -0.86156785
3 0.7111631 0.69908905 -0.074306719 3 0.70195329 -0.71193862 0.020116465 3 -0.038837638 -0.066464968 -0.99703252
3 0.71976864 0.6933949 0.03371555 3 0.69181192 -0.72046834 0.04818387 3 0.057703223 -0.011354692 -0.9982692
3 -0.45195645 -0.88870037 -0.077116646 3 -0.88919693 0.45572597 -0.040529992 3 0.071163073 0.050254088 -0.996198
3 -0.68626976 -0.6968503 -0.20840713 3 -0.70665163 0.70665163 -0.035875686 3 0.17227176 0.1226514 -0.97738379
3 0.51069444 0.47325811 -0.71778679 3 0.83441585 -0.47404808 0.2811203 3 -0.20722389 -0.74250013 -0.63698661
3 0.71745855 0.58317226 -0.38100332 3 0.68611979 -0.68611926 0.24182682 3 -0.12038609 -0.43491381 -0.89238846
3 -0.76057696 -0.59343964 0.26334798 3 -0.64713138 0.72565818 -0.23375478 3 -0.052381244 -0.3482092 -0.93595225
3 0.55928564 -0.78684986 0.26089641 3 -0.82874233 -0.53817391 0.15347719 3 0.019644134 -0.30205348 -0.95308864
3 0.23718247 -0.95186561 0.19415569 3 -0.96932566 -0.24514242 -0.017694902 3 0.064438954 -0.18400316 -0.98081118
3 0.26891631 0.96249431 -0.035898976 3 0.96207678 -0.26665613 0.057470936 3 0.045742709 -0.049992651 -0.99770159
3 0.25127861 0.96742046 0.030928895 3 0.96783942 -0.25152946 0.0044419048 3 0.012076127 0.028815776 -0.99951178
3 -0.54006571 -0.83609724 -0.096284091 3 -0.84105474 0.54036087 0.025243858 3 0.030921828 0.094613507 -0.99503374
3 -0.21958214 -0.96539456 -0.14070196 3 -0.97007495 0.23137625 -0.073618256 3 0.10362627 0.12032846 -0.98731083
3 0.37209302 0.91251785 0.16987658 3 0.91828674 -0.38857394 0.075893693 3 0.13526493 0.12775831 -0.98253816
3 -0.31980702 -0.90102929 -0.29303545 3 -0.911533 0.3769736 -0.1643132 3 0.25851759 0.21456292 -0.94187665
3 -0.16064252 -0.91508627 -0.36987996 3 -0.93197936 0.2640174 -0.2484135 3 0.32497454 0.30481482 -0.89525384
3 -0.10628253 -0.91305357 -0.3937476 3 -0.92908853 0.23227224 -0.28782684 3 0.35425791 0.33523503 -0.87299424
3 0.17231686 0.76235837 -0.62379217 3 0.969751 -0.24243787 -0.028407022 3 -0.17288764 -0.60003012 -0.78107214
