ply
format ascii 1.0
comment PCL generated
element vertex 10478
property list uint float x_axis
property list uint float y_axis
property list uint float z_axis
element camera 1
property float view_px
property float view_py
property float view_pz
property float x_axisx
property float x_axisy
property float x_axisz
property float y_axisx
property float y_axisy
property float y_axisz
property float z_axisx
property float z_axisy
property float z_axisz
property float focal
property float scalex
property float scaley
property float centerx
property float centery
property int viewportx
property int viewporty
property float k1
property float k2
end_header
3 0.0063322484 0.9787907 -0.20476468 3 -0.38026899 -0.18702808 -0.9057681 3 -0.92485422 0.083601169 0.37101948
3 0.30621433 0.91706264 0.25540009 3 -0.28103167 0.34341508 -0.8961516 3 -0.90953511 0.20263888 0.36288217
3 0.30342418 0.95280367 0.0099548548 3 -0.35838681 0.12379754 -0.92532879 3 -0.88288891 0.27719939 0.37903538
3 0.4245888 -0.23397565 -0.87463123 3 0.84810191 -0.2353811 0.4746778 3 -0.31693467 -0.94331926 0.098495014
3 0.69052583 -0.59761131 -0.40747374 3 0.41620016 -0.1324538 0.89957416 3 -0.59156704 -0.79076982 0.15726312
3 0.84871101 -0.50463259 -0.15822741 3 0.21529332 0.056403033 0.97491956 3 -0.48305154 -0.86148995 0.15651385
3 0.70593715 -0.69665438 0.12777117 3 0.0843243 0.2617819 0.96143633 3 -0.703237 -0.66793936 0.24354644
3 0.68985897 -0.71930486 -0.081825055 3 0.2345497 0.11514407 0.96526086 3 -0.68489504 -0.68508577 0.24814585
3 0.30452815 -0.6806711 -0.66629553 3 0.58076441 -0.42176157 0.69629771 3 -0.75496739 -0.59900278 0.26687121
3 0.57099009 -0.81962693 0.04671409 3 0.16245537 0.16858426 0.97220778 3 -0.80472279 -0.54753196 0.22941269
3 -0.5287053 0.735223 -0.42416707 3 0.05968003 -0.46628636 -0.88261825 3 -0.84670466 -0.49195933 0.20264997
3 -0.54780495 0.70189404 -0.45525205 3 0.077402711 -0.49930951 -0.86295921 3 -0.83301771 -0.50797105 0.21919569
3 -0.17026918 0.75693548 0.63091761 3 -0.46122435 0.5045836 -0.72984093 3 -0.87079322 -0.41526395 0.2632021
3 0.45579216 -0.87384605 0.16925214 3 0.14745101 0.26165372 0.95383167 3 -0.87778777 -0.40979272 0.24810928
3 0.19850379 -0.78770489 -0.58319581 3 0.44425309 -0.45808518 0.76993328 3 -0.8736335 -0.41192117 0.25900868
3 0.19322155 -0.7822172 -0.5922851 3 0.44657582 -0.46739402 0.76296324 3 -0.8736335 -0.41192117 0.25900868
3 -0.30417332 -0.018839426 -0.95243043 3 0.35127684 -0.93156534 -0.093758956 3 -0.88548476 -0.36308569 0.28997511
3 0.35388082 -0.92896324 -0.10860796 3 0.30439848 0.0045944154 0.95253372 3 -0.88436979 -0.37014347 0.28440085
3 -0.29758707 0.93538743 0.19102935 3 -0.31755817 0.09171696 -0.94379264 3 -0.90033251 -0.34152341 0.26974618
3 0.0082476139 0.60869879 0.79335856 3 -0.43387872 0.71699035 -0.54559529 3 -0.90093356 -0.3397215 0.27001488
3 -0.32005706 0.01022082 -0.94734323 3 -0.0073115081 -0.99993885 -0.0083180992 3 -0.94737011 0.0042642402 0.3201122
3 0.13879235 0.97113085 -0.1940141 3 -0.34828508 -0.13552903 -0.92753941 3 -0.92705673 0.19630764 0.31942001
3 0.11195451 0.83080012 -0.5451948 3 -0.47487491 -0.43721333 -0.76376599 3 -0.87290329 0.34440637 0.3455781
3 -0.096002996 0.5348863 -0.83945251 3 -0.52058816 -0.74579239 -0.41567105 3 -0.84839368 0.39710316 0.35005367
3 -0.503681 -0.25548178 -0.82524812 3 -0.37958398 -0.79266655 0.47706997 3 -0.77602929 0.55354208 0.30227429
3 -0.67983508 -0.72879982 -0.081702106 3 0.22789332 -0.3158353 0.9210391 3 -0.69705743 0.60753524 0.38080448
3 -0.67721355 -0.73232603 -0.071277648 3 0.23556934 -0.30757058 0.92190444 3 -0.69705743 0.60753524 0.38080448
3 -0.78122938 -0.61161458 0.12493324 3 0.26785651 -0.14766064 0.95207632 3 -0.56385601 0.77725416 0.27918175
3 -0.83502364 -0.48022532 -0.26855001 3 -0.079184055 -0.37811571 0.92236567 3 -0.54448634 0.791462 0.27770936
3 -0.73973429 -0.23838556 -0.62925822 3 -0.43303981 -0.54712033 0.71633548 3 -0.5150438 0.80239147 0.30149311
3 -0.84027767 -0.47476941 -0.26177725 3 -0.085393481 -0.36091828 0.92867959 3 -0.53538889 0.8027029 0.26272941
3 0.45719188 0.56805694 -0.68431485 3 -0.72181833 -0.21250452 -0.65865028 3 -0.51957089 0.7950806 0.31287861
3 0.74283534 0.5892787 -0.31772086 3 -0.46841222 0.11840901 -0.87553966 3 -0.47831574 0.79920596 0.36398363
3 0.62289834 0.6222192 -0.4741742 3 -0.61858571 0.020697206 -0.78544509 3 -0.47890481 0.78256959 0.39778805
3 -0.90448087 -0.23343748 -0.35696167 3 -0.1737119 -0.56274861 0.80816996 3 -0.38953665 0.79298252 0.46844435
3 -0.87558591 -0.13861883 -0.4627465 3 -0.30608144 -0.58189917 0.75346386 3 -0.37371603 0.80136031 0.46707392
3 -0.91011435 -0.25341249 -0.3278324 3 -0.14125571 -0.55404067 0.82041824 3 -0.38953665 0.79298252 0.46844435
3 -0.76220196 0.055004518 -0.64499807 3 -0.53974891 -0.60407627 0.58631295 3 -0.35737818 0.795026 0.4901168
3 -0.63589203 0.14931877 -0.75719571 3 -0.65897214 -0.61575258 0.43197778 3 -0.40174282 0.77366203 0.48994899
3 0.74529976 0.63244867 -0.21103793 3 -0.44308156 0.23330951 -0.8655898 3 -0.49820387 0.73863083 0.45411181
3 0.89008576 0.45160466 0.061650887 3 -0.15155591 0.42080694 -0.89440084 3 -0.42985865 0.78674966 0.44299749
3 -0.5246619 0.15070124 -0.83786583 3 -0.79903758 -0.42674112 0.42359307 3 -0.29371578 0.89172935 0.34431076
3 0.50581497 0.43066201 -0.74745005 3 -0.81380719 -0.049170405 -0.57905102 3 -0.28612763 0.90117282 0.32560465
3 -0.89834696 -0.41187683 0.15274371 3 0.27514166 -0.25650185 0.92655528 3 -0.34244743 0.87439394 0.34375197
3 -0.69776082 -0.46519214 0.54472554 3 0.64386964 -0.074019656 0.76154619 3 -0.31394497 0.88210952 0.3511712
3 -0.93967593 -0.22497877 -0.25766969 3 -0.15673918 -0.3863529 0.9089359 3 -0.30404276 0.89449215 0.32778352
3 0.053109467 0.34810564 -0.93594968 3 -0.95677102 -0.25065559 -0.14751671 3 -0.28595242 0.90332407 0.31974521
3 0.4256421 0.40450835 -0.80944532 3 -0.86001521 -0.097368538 -0.50089246 3 -0.28142974 0.90933627 0.30643922
3 0.11225035 0.36899662 -0.92262751 3 -0.95159382 -0.22743997 -0.2067371 3 -0.28612763 0.90117282 0.32560465
3 0.83145994 0.38129377 -0.40409082 3 -0.44954705 0.034331188 -0.89259666 3 -0.32646865 0.9238162 0.19995452
3 -0.86285549 -0.37481365 -0.33910918 3 -0.1957902 -0.37067789 0.90788984 3 -0.46598983 0.8497721 0.24645661
3 -0.81582624 -0.29096079 -0.4997693 3 -0.35378495 -0.43250653 0.82932162 3 -0.45745352 0.8533932 0.24991265
3 -0.55868888 0.060850654 -0.82714206 3 -0.62740862 -0.68326104 0.37351426 3 -0.54242533 0.72763431 0.41990849
3 -0.698255 -0.10107785 -0.70867705 3 -0.47623348 -0.6735307 0.5652948 3 -0.53445458 0.7322157 0.42215955
3 0.36778715 0.62422842 -0.68925434 3 -0.76068652 -0.22437289 -0.60910845 3 -0.53487277 0.74832875 0.3923206
3 0.79930907 0.59927893 -0.044384331 3 -0.26432037 0.28429142 -0.9215821 3 -0.53966659 0.74836046 0.38563827
3 -0.24508995 0.28361735 -0.92708796 3 -0.81220168 -0.58222765 0.03660126 3 -0.52939552 0.761953 0.37305266
3 -0.1861223 -0.51880276 0.83438742 3 0.82980323 0.37172529 0.4162299 3 -0.52610403 0.76984692 0.36131775
3 -0.761446 -0.15976867 -0.62823081 3 -0.45726952 -0.55454189 0.69526112 3 -0.45946127 0.81667459 0.34919634
3 0.22605197 -0.18675974 -0.95604461 3 0.94194031 -0.20825405 0.26339874 3 -0.24829245 -0.96007878 0.1288403
3 -0.97601128 0.086591244 -0.19976009 3 0.1740382 -0.24098423 -0.95479715 3 -0.13081609 -0.96665853 0.22013311
3 0.60248327 -0.39204046 -0.69521093 3 0.70098859 -0.15655878 0.69577628 3 -0.38161385 -0.90652841 0.18049188
3 0.83790076 -0.37667546 -0.3950164 3 0.43894994 0.03487657 0.89783442 3 -0.32441536 -0.92568856 0.19456476
3 -0.53001487 0.00089373812 -0.84798777 3 0.82064819 -0.25133744 -0.51319182 3 -0.21358977 -0.96789908 0.13247916
3 0.97182482 0.23568615 -0.0029154271 3 -0.017023969 0.082522348 0.99644381 3 0.23508859 -0.96831924 0.084209584
3 0.92455304 0.31228465 0.21835783 3 -0.24900928 0.061378531 0.96655428 3 0.28843755 -0.94800371 0.13450946
3 0.5292958 -0.72122204 -0.44686106 3 0.44690806 -0.21069843 0.86941326 3 -0.72119284 -0.65988255 0.21079813
3 0.58690786 -0.77267456 -0.24189517 3 0.33761662 -0.03799352 0.94051677 3 -0.7359038 -0.63366443 0.23856907
3 0.63065678 -0.75020099 -0.19867134 3 0.30848056 0.0074231774 0.9512015 3 -0.71211767 -0.6611681 0.23610395
3 -0.97573364 -0.19215943 0.10497014 3 -0.059515625 -0.22860187 -0.97169912 3 0.2107175 -0.9543668 0.21161802
3 -0.99581414 0.089418285 -0.018930092 3 -7.763505e-06 -0.2071951 -0.97829944 3 -0.091400079 -0.97420448 0.20632854
3 -0.9938696 0.10084898 -0.04530625 3 0.023118852 -0.21115892 -0.97717839 3 -0.10811426 -0.97223532 0.20753293
3 0.89441693 -0.23128322 -0.38278723 3 0.41514871 0.11101896 0.90295386 3 -0.16634148 -0.96653122 0.19531423
3 0.91077465 -0.11240709 -0.39730871 3 0.40754676 0.090231948 0.90871543 3 -0.066296138 -0.98955685 0.12799212
3 -0.98887128 -0.075833999 -0.12799554 3 0.13677375 -0.1248858 -0.98269868 3 0.058537137 -0.98926884 0.13386808
3 -0.86916566 -0.14947855 -0.4713887 3 0.48542506 -0.075903997 -0.87097716 3 0.094412133 -0.98584723 0.13853379
3 -0.69072074 -0.1466348 -0.70809841 3 0.72029626 -0.053035691 -0.69163644 3 0.063863456 -0.98776799 0.14225329
3 0.79392767 -0.10638461 -0.59863281 3 0.60786974 0.11756518 0.78528517 3 -0.013163888 -0.98735034 0.15800622
3 0.28924823 -0.13778561 -0.94728595 3 0.95040846 -0.076801717 0.30137271 3 -0.114278 -0.98747998 0.10873786
3 0.4373877 -0.83433437 -0.33552712 3 0.39756069 -0.15526608 0.90434414 3 -0.80662113 -0.52894127 0.26378697
3 0.50382674 -0.82984209 -0.23983531 3 0.32493287 -0.075187057 0.94274384 3 -0.8003608 -0.55290985 0.23176166
3 0.24487245 -0.68109769 -0.69003165 3 0.53727543 -0.49710861 0.68133605 3 -0.80707687 -0.53757733 0.24420878
3 0.50316501 -0.85444075 -0.12944581 3 0.27588311 0.016866811 0.96104336 3 -0.8189711 -0.51927519 0.24421251
3 0.37354431 -0.78430748 -0.49530455 3 0.44692719 -0.31572378 0.83700347 3 -0.81284738 -0.53402287 0.23259145
3 -0.60280174 0.67693943 -0.42235422 3 0.040590003 -0.5026359 -0.86354482 3 -0.79685789 -0.53768969 0.27551284
3 -0.30872488 0.17260602 -0.93535876 3 0.38152224 -0.87834531 -0.28801048 3 -0.87128043 -0.44577622 0.2053141
3 -0.36665016 0.64123422 -0.67408192 3 -7.8395009e-05 -0.72456092 -0.68921077 3 -0.93035883 -0.25264636 0.26571062
3 -0.25782987 0.04002839 -0.96536076 3 0.09269359 -0.99350798 -0.065952234 3 -0.9617337 -0.10648721 0.25244567
3 -0.25635016 0.024501357 -0.96627343 3 0.096710503 -0.99401224 -0.050861798 3 -0.9617337 -0.10648721 0.25244567
3 -0.25446352 0.34434056 -0.90370226 3 -0.00030082464 -0.93449068 -0.35598728 3 -0.96708232 -0.090313926 0.2378974
3 -0.21855769 -0.25747916 -0.94124228 3 0.16522977 -0.96039838 0.22435278 3 -0.9617337 -0.10648721 0.25244567
3 0.21149474 0.51818055 -0.82870924 3 -0.63356662 0.71830595 0.28745446 3 0.74422002 0.46424732 0.48021975
3 0.19372673 0.55119902 -0.81157243 3 -0.64749455 0.69331861 0.31632364 3 0.73703539 0.4642083 0.49121261
3 -0.27556637 -0.36123794 -0.89082569 3 0.068267837 -0.93172014 0.35670316 3 -0.95885485 0.037480656 0.28141165
3 -0.22274068 -0.63368285 -0.74083233 3 0.16270424 -0.77342892 0.6126458 3 -0.96120435 0.015924571 0.27537701
3 0.11827516 0.98994261 0.077618711 3 -0.28434393 0.10865895 -0.95254499 3 -0.95139879 0.090591989 0.29433578
3 -0.3141278 -0.21811026 -0.92398691 3 -0.0013209879 -0.97315091 0.23016469 3 -0.94937986 0.073521681 0.30540553
3 -0.0083412975 0.88991392 -0.45605227 3 -0.31204247 -0.43561068 -0.84431809 3 -0.95003164 0.13526496 0.28132451
3 -0.19100517 -0.94117212 -0.27876881 3 0.25113904 -0.32140151 0.91303355 3 -0.94891846 0.1043844 0.29775441
3 0.11861683 0.8756972 -0.46806458 3 -0.41315031 -0.38512141 -0.82522017 3 -0.90290469 0.29126602 0.31611267
3 0.088484615 0.83376414 -0.54498416 3 -0.43254295 -0.46068892 -0.77503037 3 -0.89726079 0.3043074 0.31987491
3 -0.41208911 5.7540834e-05 -0.9111436 3 -0.6067633 -0.74602622 0.27437785 3 -0.67972112 0.66591656 0.30746421
3 -0.74088401 -0.41530848 -0.52783495 3 -0.23892912 -0.57151049 0.78504068 3 -0.62769729 0.70773923 0.32419372
3 -0.7626183 -0.40184927 -0.50688308 3 -0.22559293 -0.56918764 0.79065359 3 -0.60623521 0.71731615 0.34341857
3 -0.32485393 0.16804548 -0.9307152 3 -0.77521574 -0.61103141 0.16025397 3 -0.54176617 0.7735641 0.32876739
3 -0.76504374 -0.58508575 0.26904058 3 0.40526837 -0.1127519 0.90721822 3 -0.50046551 0.80309516 0.32337686
3 0.84924865 0.52790898 -0.0094419271 3 -0.17617635 0.26646698 -0.94760633 3 -0.49773377 0.80641657 0.31930169
3 0.059516937 0.425237 -0.90312314 3 -0.86189103 -0.43452841 -0.26139811 3 -0.50358874 0.79395121 0.34064612
3 -0.33415794 0.27206984 -0.90239477 3 -0.84417409 -0.5122028 0.15817085 3 -0.41917568 0.81463248 0.40083101
3 -0.20575485 0.35784402 -0.91083074 3 -0.88469315 -0.46587047 0.016820833 3 -0.4183099 0.80926669 0.4124372
3 -0.88182396 -0.13953209 -0.45046344 3 -0.3043294 -0.5613097 0.76961994 3 -0.3602362 0.81575859 0.45251262
3 -0.93410307 -0.35666358 -0.015569085 3 0.15325157 -0.43999094 0.88482863 3 -0.32243645 0.8241353 0.46565619
3 0.08351469 0.47732988 -0.87474662 3 -0.94771457 -0.23326728 -0.21776995 3 -0.30799782 0.84719694 0.43289116
3 0.56438917 0.52554393 -0.63660699 3 -0.76684344 0.04825145 -0.64001793 3 -0.30564031 0.84939706 0.43024251
3 -0.81539851 -0.0099391043 -0.57881474 3 -0.47070834 -0.57064384 0.67290366 3 -0.33698511 0.82113755 0.46062368
3 -0.76976943 0.053862482 -0.63604546 3 -0.55171227 -0.55729556 0.62051207 3 -0.32104301 0.82856536 0.45870572
3 0.021645695 0.45733342 -0.88903189 3 -0.95269358 -0.26021037 -0.15705241 3 -0.30316061 0.85037446 0.43006614
3 0.63397026 0.52631587 -0.5666334 3 -0.70775592 0.099535331 -0.6994102 3 -0.31171069 0.84444332 0.43560562
3 -0.81978554 -0.13147035 -0.55737543 3 -0.38155681 -0.60039431 0.70280963 3 -0.42704359 0.78882343 0.44203112
3 -0.89139426 -0.43160635 -0.13831973 3 0.074662484 -0.44085586 0.89446735 3 -0.4470368 0.78699565 0.42520115
3 -0.55634022 -0.62055528 0.55262697 3 0.69060993 0.024543464 0.72281063 3 -0.46210742 0.78377843 0.41490722
3 -0.8855021 -0.33386654 -0.32313964 3 -0.12026618 -0.50707239 0.85347152 3 -0.44880077 0.79461354 0.40886077
3 -0.8584215 -0.30748108 -0.41057044 3 -0.1814402 -0.56665486 0.80373013 3 -0.47978345 0.76443309 0.43063924
3 0.42412928 0.65212715 -0.62836671 3 -0.76118135 -0.1192068 -0.63748968 3 -0.49062979 0.74867892 0.44582781
3 0.06490694 0.54496479 -0.83594286 3 -0.87112427 -0.37767667 -0.31385219 3 -0.48675448 0.74858129 0.4502182
3 0.56788886 0.66510946 -0.48490375 3 -0.66058886 0.016827255 -0.75055945 3 -0.49104461 0.74655634 0.44891992
3 0.78211403 0.60170072 -0.16203135 3 -0.39453262 0.27688515 -0.87617302 3 -0.4823297 0.74919367 0.4539462
3 0.80076206 0.56888562 -0.18748151 3 -0.38794506 0.25409231 -0.88596594 3 -0.45637563 0.78218037 0.42416382
3 0.38624474 0.52639639 -0.75744408 3 -0.83661884 -0.14588355 -0.52800226 3 -0.38843727 0.83763033 0.38404658
3 -0.86798334 -0.17249553 -0.46567196 3 -0.33602083 -0.48644489 0.80651206 3 -0.36564341 0.85651439 0.36426392
3 -0.94111693 -0.32256204 -0.1012556 3 0.030185707 -0.37847525 0.92511904 3 -0.33673099 0.8675887 0.36592624
3 -0.93220061 -0.20880508 -0.29563928 3 -0.19190568 -0.40740725 0.892856 3 -0.30687839 0.88905561 0.33971438
3 -0.076705299 0.24099495 -0.96749043 3 -0.90877712 -0.41608444 -0.031593315 3 -0.41017157 0.87680984 0.25092655
3 -0.86859179 -0.28287777 -0.40685195 3 -0.23286051 -0.49173445 0.83903122 3 -0.43740636 0.82351536 0.36124545
3 -0.87574697 -0.48273447 0.0059142411 3 0.17885043 -0.31303173 0.93275088 3 -0.44841951 0.81791127 0.36047375
3 -0.86279732 -0.41164774 -0.29347378 3 -0.095198557 -0.43782595 0.89400536 3 -0.49650577 0.79928374 0.33856681
3 0.41478872 0.54440475 -0.72909117 3 -0.76175404 -0.23049371 -0.60547823 3 -0.4976761 0.80653352 0.3190963
3 0.22423607 0.48354423 -0.84611058 3 -0.83678043 -0.34948879 -0.42149293 3 -0.49951667 0.80252272 0.32625237
3 -0.46246132 0.084113419 -0.8826406 3 -0.72618759 -0.60709083 0.32263327 3 -0.5087052 0.79016811 0.34183815
3 -0.83848882 -0.34832901 -0.41905051 3 -0.19632332 -0.52426511 0.82861525 3 -0.50832433 0.77705407 0.37120536
3 -0.82157642 -0.24259651 -0.51590621 3 -0.30087826 -0.58413762 0.75382733 3 -0.48423603 0.77455169 0.40692165
3 0.6398685 0.05614014 -0.76643091 3 -0.12201387 0.99209869 -0.029195417 3 0.75873631 0.11219646 0.64166272
3 -0.79465002 -0.59715569 0.10925391 3 0.32016158 -0.25934118 0.9111743 3 -0.5157789 0.75904357 0.39727178
3 -0.15604724 -0.53810054 0.82830966 3 0.82997274 0.38322589 0.40531823 3 -0.53553176 0.75072336 0.3868075
3 -0.8049733 -0.33381557 -0.49049482 3 -0.21892942 -0.60124826 0.7684859 3 -0.55144161 0.72599441 0.41090679
3 0.090494394 -0.85154611 -0.51641083 3 0.64070189 0.44676256 -0.62442338 3 0.76243818 -0.27435854 0.58601665
3 -0.018034365 -0.89818704 -0.43924347 3 0.65635741 0.32076517 -0.6828652 3 0.75423467 -0.30061576 0.58374691
3 -0.72547472 -0.16773421 -0.66749638 3 -0.4170208 -0.66441149 0.62020195 3 -0.54752147 0.72830093 0.41206521
3 0.80856693 0.58775866 -0.027559847 3 -0.23698436 0.28242764 -0.92955559 3 -0.53857052 0.75813895 0.36765116
3 0.73375636 0.64096653 -0.22530714 3 -0.41835937 0.16496184 -0.8931756 3 -0.53532869 0.74963278 0.38919622
3 -0.16469011 0.36116827 -0.91784239 3 -0.84427589 -0.53274524 -0.05814375 3 -0.50997585 0.76533645 0.39266354
3 -0.49407625 0.10076872 -0.86355919 3 -0.71074307 -0.61887199 0.33442795 3 -0.50073266 0.77900153 0.37739053
3 -0.27696252 0.32096562 -0.90568912 3 -0.83658707 -0.54420269 0.06297186 3 -0.47266665 0.77512872 0.41923946
3 -0.19124742 0.35364202 -0.91562104 3 -0.87109464 -0.4910548 -0.0077138841 3 -0.45234799 0.79611725 0.40196857
3 -0.68299431 -0.73015559 0.019791171 3 0.31533933 -0.31919503 -0.89368659 3 0.65884745 -0.60414183 0.44825512
3 -0.71574539 -0.69465929 0.071813293 3 0.26684809 -0.36706898 -0.89109641 3 0.64536875 -0.61863482 0.44809636
3 -0.67607236 -0.72817451 -0.11264026 3 0.38083428 -0.21445337 -0.89943027 3 0.6307863 -0.65097731 0.42229989
3 -0.75306439 -0.12366877 -0.64621979 3 -0.45478749 -0.61192155 0.64708608 3 -0.47546017 0.78119022 0.40457335
3 -0.59286714 0.04058519 -0.80427694 3 -0.64601523 -0.6202603 0.4449062 3 -0.48080444 0.7833454 0.39395064
3 -0.74584663 -0.66608179 -0.0069327205 3 0.25684354 -0.27796713 -0.9256165 3 0.61460912 -0.69214851 0.37839958
3 -0.25868896 -0.58655536 -0.76748455 3 0.76441431 0.36143741 -0.53388512 3 0.59055102 -0.72478652 0.35487163
3 0.61849976 0.65272975 -0.4374952 3 -0.58121908 0.0053329021 -0.81372982 3 -0.52881247 0.75757217 0.38267729
3 0.60757375 0.66978317 -0.42690128 3 -0.58843327 0.018570736 -0.80833256 3 -0.53347969 0.74232447 0.40540576
3 -0.0085142553 -0.45705071 -0.88939977 3 0.80747968 0.52149361 -0.27571866 3 0.5898338 -0.72051996 0.36461905
3 0.68897194 0.20635445 -0.69479185 3 0.4161562 0.67221856 0.61232042 3 0.59340692 -0.71101338 0.37726399
3 0.8492409 0.52742869 0.02467677 3 -0.17725554 0.3288087 -0.92761278 3 -0.49736354 0.78339255 0.37272742
3 0.82985073 0.55753601 -0.022389308 3 -0.25730473 0.34675786 -0.90197182 3 -0.49511811 0.75426286 0.43121395
3 0.55875355 -0.0028739036 -0.82932872 3 0.58459932 0.71066487 0.39140639 3 0.58824998 -0.70352477 0.39876667
3 0.48545155 -0.084977463 -0.87012398 3 0.635333 0.71798533 0.28433973 3 0.60057372 -0.69085157 0.40253606
3 -0.76627469 0.13081145 -0.62905598 3 -0.50281382 -0.73160708 0.46035793 3 -0.40000167 0.66905868 0.62638581
3 -0.85068786 -0.10843804 -0.5143649 3 -0.28447622 -0.72786176 0.62393129 3 -0.44204444 0.67709547 0.58833522
3 0.82196045 0.42061424 -0.38401133 3 0.065307796 0.60018992 0.79718703 3 0.56578791 -0.6803351 0.46586296
3 0.791623 0.19948569 -0.577528 3 0.21835406 0.79042315 0.57232237 3 0.57066154 -0.57916909 0.58215857
3 -0.69924003 -0.66693026 0.25742456 3 0.5253706 -0.23519462 0.81772184 3 -0.48481864 0.70702714 0.51484305
3 -0.42892441 -0.70588815 0.56368941 3 0.73637331 0.088220596 0.67079914 3 -0.52323818 0.70280802 0.48195723
3 -0.60470134 0.050542101 -0.79484695 3 -0.56965208 -0.7249198 0.38728261 3 -0.55662632 0.68697661 0.4671514
3 -0.60425866 0.039782472 -0.79579461 3 -0.55422091 -0.73854893 0.38390744 3 -0.57246035 0.67302525 0.46832272
3 0.78396565 0.0059154164 -0.62077588 3 0.30410373 0.86810517 0.39231884 3 0.54121953 -0.49634483 0.67876583
3 -0.21990162 0.45507762 -0.86287183 3 -0.81281418 -0.57457727 -0.095886901 3 -0.53942245 0.6802687 0.49624386
3 0.25213972 0.66495097 -0.70304042 3 -0.83397317 -0.21918362 -0.50640631 3 -0.49083033 0.71400189 0.49928638
3 0.7878741 0.1143468 0.60512769 3 0.36768028 0.70091927 -0.61116624 3 -0.49403045 0.70401537 0.51019287
3 0.82999009 0.55763549 0.012620002 3 -0.27005464 0.421543 -0.86566293 3 -0.48804417 0.71508348 0.50046849
3 -0.77482033 -0.050325066 -0.63017523 3 -0.43873322 -0.67488563 0.59333193 3 -0.4551557 0.73620445 0.50083578
3 -0.16274638 0.4829334 -0.86040032 3 -0.86870337 -0.48360905 -0.10712761 3 -0.46783301 0.72999817 0.49823162
3 -0.46788359 0.29335126 -0.83368462 3 -0.75702536 -0.61980653 0.20676728 3 -0.45606768 0.72786337 0.51207161
3 0.90510178 -0.17201078 -0.3888481 3 0.28681833 0.92210984 0.25970796 3 0.31388819 -0.34659097 0.88393933
3 0.082182743 0.61168987 -0.78681731 3 -0.9123224 -0.27159643 -0.30643702 3 -0.4011412 0.74301493 0.53573775
3 -0.048846424 0.53641462 -0.84253991 3 -0.92445207 -0.34365466 -0.16519718 3 -0.3781569 0.77081841 0.51267582
3 0.90799248 0.37072021 -0.195234 3 -0.30656102 0.90545058 0.29356426 3 0.28560489 -0.20670299 0.93579054
3 0.42358351 -0.4564209 0.7824685 3 0.85178018 0.49466395 -0.17256297 3 -0.30829766 0.73958611 0.59830165
3 -0.18997905 0.56315398 -0.80421734 3 -0.92195296 -0.38392258 -0.051050633 3 -0.33750659 0.73175204 0.59213871
3 0.49921274 0.68487853 -0.53078079 3 -0.82243145 0.18170004 -0.5390659 3 -0.27275169 0.70563924 0.65397245
3 0.25286809 0.71670234 -0.64991945 3 -0.93465656 0.0074161738 -0.35547423 3 -0.24994938 0.69733965 0.67174602
3 0.16991735 0.70399868 -0.68957508 3 -0.96604002 -0.019232564 -0.25767559 3 -0.1946656 0.70994079 0.67682308
3 0.023531452 0.71260691 -0.70116878 3 -0.98322475 -0.11039688 -0.14519511 3 -0.18087389 0.69282311 0.69805497
3 -0.4760347 0.69380206 -0.54039782 3 -0.86954749 -0.46318457 0.17131147 3 -0.1314477 0.55145168 0.8237856
3 -0.65130568 0.59978658 -0.46481931 3 -0.75009274 -0.60150301 0.27487284 3 -0.11472517 0.52768379 0.84165788
3 0.85389447 -0.52035296 0.0098419562 3 0.48003155 0.78013927 -0.40118837 3 0.20108147 0.34729707 0.91594261
3 -0.088712782 0.86467314 -0.49443951 3 -0.99203593 -0.12126057 -0.034067858 3 -0.089413576 0.48747951 0.86854416
3 0.92997754 -0.35235932 0.10480782 3 0.36372551 0.84057701 -0.40141496 3 0.053343251 0.41142818 0.9098798
3 0.97587788 0.1532809 -0.15545839 3 -0.20180932 0.90498513 -0.37453312 3 0.083278723 0.39687154 0.91408849
3 0.97577327 0.11553331 -0.18579155 3 -0.17445453 0.92334348 -0.34205613 3 0.13203055 0.36618143 0.92112923
3 0.49386388 0.77590275 -0.39252156 3 -0.86953855 0.44117895 -0.22195394 3 0.00095755304 0.45092773 0.89255989
3 0.80911976 -0.21759799 -0.54587185 3 0.56580645 0.037598439 0.82368022 3 -0.15870729 -0.97531396 0.15354005
3 0.99132007 -0.12683563 0.034602787 3 -0.019835958 0.11589016 0.99306405 3 -0.12996601 -0.98513061 0.11236832
3 -0.31119594 -0.21737549 -0.92515135 3 0.94894177 -0.12397213 -0.29006964 3 -0.051638942 -0.96818322 0.24485631
3 -0.96339089 0.16105124 0.21433759 3 -0.2325508 -0.10415824 -0.96699095 3 -0.13341005 -0.98143452 0.13779768
3 0.49069935 -0.21071181 -0.84546715 3 0.85726124 -0.056907751 0.51172733 3 -0.15594064 -0.97589046 0.15271048
3 0.89064753 -0.45439628 0.016471326 3 0.038939688 0.11231623 0.99290955 3 -0.45302427 -0.88369071 0.11772818
3 0.87809062 -0.41820556 0.2325103 3 -0.16204643 0.1973021 0.96685737 3 -0.45021984 -0.88666576 0.1054804
3 -0.93318635 0.20100352 -0.29792732 3 0.26424533 -0.17812735 -0.94786328 3 -0.24359289 -0.9632591 0.11311179
3 -0.91777664 0.17820024 -0.35486746 3 0.32574341 -0.1732437 -0.92945057 3 -0.22710681 -0.96862358 0.10095144
3 0.94211227 -0.29925421 -0.15123314 3 0.19925314 0.13691293 0.97033668 3 -0.26967153 -0.9442997 0.18861467
3 -0.81143886 0.2506555 -0.52795726 3 0.476414 -0.23956138 -0.84595519 3 -0.33852148 -0.93796706 0.074973613
3 -0.37593302 0.060184214 -0.92469037 3 0.86541766 -0.33391455 -0.37356877 3 -0.33125049 -0.94068015 0.07344503
3 -0.69431418 0.2063483 -0.68945491 3 0.61079603 -0.33768609 -0.71616769 3 -0.38059935 -0.91836184 0.10842355
3 -0.97213501 0.23245111 -0.030331582 3 -0.00079041533 -0.1326385 -0.99116415 3 -0.23442033 -0.96352136 0.12912627
3 -0.95137733 0.20287128 -0.23178536 3 0.19851466 -0.17155187 -0.96496737 3 -0.23552735 -0.96406078 0.12293763
3 0.75442439 -0.28259665 -0.5924381 3 0.61809605 0.002092436 0.78609973 3 -0.22090957 -0.95923656 0.1762505
3 0.96270514 -0.22668055 0.14769924 3 -0.096668884 0.22168307 0.97031564 3 -0.25269401 -0.94840544 0.19150241
3 0.9163456 -0.31148556 -0.25157088 3 0.29738033 0.10875917 0.94854474 3 -0.26809725 -0.94400662 0.19229059
3 -0.68119931 -0.041491941 -0.73092133 3 0.72388607 -0.18729338 -0.66401064 3 -0.10934564 -0.98142731 0.15761955
3 0.93734562 0.043114223 0.34572279 3 -0.34794202 0.16674632 0.92256802 3 -0.017872212 -0.9850567 0.1713002
3 -0.78893441 0.3241607 0.52201748 3 -0.55862057 -0.024463147 -0.82906234 3 -0.25597924 -0.94568563 0.20038268
3 0.58047307 -0.63445598 -0.51040858 3 0.50115025 -0.21568692 0.83805037 3 -0.64179438 -0.74225682 0.19275731
3 0.72033584 -0.52027434 -0.45872757 3 0.48296484 -0.098476887 0.87008482 3 -0.4978568 -0.84830248 0.18033776
3 -0.42482057 -0.10172604 -0.89954394 3 0.89559561 -0.19216472 -0.40122473 3 -0.13204561 -0.97607613 0.17274091
3 0.9642849 0.10153458 -0.24463359 3 0.2265707 0.1621798 0.96039784 3 0.13718818 -0.98152369 0.13338274
3 0.96389329 0.26180935 -0.04863593 3 0.042887159 0.027630582 0.99869764 3 0.26281223 -0.96472394 0.015404676
3 0.92551082 0.26239359 -0.27309278 3 0.25487429 0.10181952 0.96159887 3 0.28012347 -0.95957416 0.027357681
3 -0.91373426 0.40629959 0.0032369792 3 -0.069171287 -0.14770021 -0.98661041 3 -0.40038145 -0.90172344 0.16306299
3 0.86813015 -0.36322218 0.33825982 3 -0.24557611 0.27791464 0.92868495 3 -0.43132651 -0.88928783 0.1520673
3 0.51021123 -0.31889522 -0.79874295 3 0.76804554 -0.24898687 0.59000981 3 -0.38702786 -0.91450065 0.11789018
3 0.52513176 -0.59211296 -0.61126012 3 0.5757041 -0.28180379 0.76756221 3 -0.62673891 -0.75497621 0.19289774
3 0.68396169 -0.57313204 -0.45134905 3 0.46235216 -0.13801482 0.87588942 3 -0.56429321 -0.80775714 0.170592
3 0.63349873 0.35110793 -0.68949455 3 0.68285662 0.165342 0.71159613 3 0.36384943 -0.92162102 -0.13501242
3 -0.080799162 -0.17457865 0.98132253 3 -0.92635989 -0.35021928 -0.13857821 3 0.36787081 -0.92025471 -0.13342522
3 0.93367165 0.30936319 0.18042038 3 -0.14446682 -0.13562754 0.98017049 3 0.32769871 -0.94122231 -0.081938878
3 0.067188084 -0.1114058 -0.99150115 3 0.97191471 -0.21732728 0.090279885 3 -0.22553794 -0.9697203 0.093675122
3 0.37934667 -0.22608277 -0.89720839 3 0.89091301 -0.1724823 0.42014784 3 -0.2497407 -0.95871609 0.13598949
3 0.23477584 -0.24044836 -0.9418413 3 0.92791635 -0.23320222 0.29084033 3 -0.28957152 -0.94223213 0.16836564
3 -0.94235253 0.27809757 -0.18610047 3 0.13405879 -0.1958089 -0.97143561 3 -0.30659404 -0.94038326 0.1472396
3 0.13846131 -0.57547683 -0.80601168 3 0.60313857 -0.5965212 0.52951527 3 -0.78552687 -0.55945414 0.26449722
3 0.56268096 -0.78362399 -0.2632944 3 0.33997074 -0.070965931 0.93775511 3 -0.75353205 -0.61716908 0.22647797
3 0.046363935 -0.38483194 -0.92182148 3 0.66542661 -0.67635852 0.31582704 3 -0.74502206 -0.62804747 0.22471873
3 0.62814581 0.34980577 -0.69503152 3 0.68778378 0.16807935 0.70618904 3 0.36384943 -0.92162102 -0.13501242
3 0.60722923 0.34640995 -0.71503341 3 0.70423269 0.18202022 0.68623972 3 0.36787081 -0.92025471 -0.13342522
3 -0.98406601 -0.14936158 0.096464559 3 -0.063659295 -0.2106026 -0.97549695 3 0.16601741 -0.96609408 0.19773856
3 -0.56717414 -0.15154344 -0.80953574 3 0.8232193 -0.074511051 -0.56281275 3 0.024971196 -0.98563826 0.1670142
3 -0.98419261 0.062080648 0.16586404 3 -0.17406455 -0.16638923 -0.97057503 3 -0.032655943 -0.98410386 0.17456509
3 -0.98551345 0.10714786 -0.13146292 3 0.10859941 -0.19669503 -0.97443163 3 -0.13026635 -0.97459239 0.18220943
3 0.76102233 -0.22493804 -0.6084801 3 0.63306993 0.052687518 0.77229959 3 -0.14166023 -0.97294754 0.18249786
3 0.85056162 -0.1608565 -0.50066954 3 0.515908 0.070756599 0.85371667 3 -0.1019002 -0.98443818 0.14317001
3 0.29438904 -0.13771553 -0.94571102 3 0.95443648 -0.0082094185 0.29830062 3 -0.048844375 -0.99043769 0.12902398
3 -0.60193026 -0.09897358 -0.79239142 3 0.79813468 -0.10651515 -0.59298879 3 -0.02571146 -0.98937297 0.14310895
3 -0.99799562 -0.056549881 0.028405627 3 -0.020008162 -0.14387794 -0.98939323 3 0.060037047 -0.98797846 0.14245808
3 0.91041362 -0.082613111 -0.40536681 3 0.41295874 0.12287275 0.90242308 3 -0.024743453 -0.98897791 0.14598081
3 0.37678552 -0.17508012 -0.90960407 3 0.91845065 -0.056957275 0.39141312 3 -0.12033723 -0.98290527 0.13934177
3 0.79766846 -0.17637166 -0.57673055 3 0.59094125 0.037548028 0.80584037 3 -0.1204723 -0.98360723 0.13417615
3 -0.82401514 0.07835447 -0.56112337 3 0.53251606 -0.23106325 -0.81427038 3 -0.19345674 -0.96977854 0.14867464
3 0.3588095 -0.77383882 -0.52194762 3 0.47073731 -0.33284485 0.81708062 3 -0.80601621 -0.53887647 0.24484688
3 -0.34722987 -0.1652163 -0.92311168 3 0.93744767 -0.034941114 -0.3463687 3 0.024971196 -0.98563826 0.1670142
3 -0.83297706 0.13201945 0.53732693 3 -0.55181915 -0.12702814 -0.82423276 3 -0.040559106 -0.98307413 0.17866234
3 -0.92823929 0.059071615 -0.36726302 3 0.34572697 -0.22735092 -0.91037571 3 -0.13727497 -0.97201949 0.19061345
3 0.046961427 -0.46536911 -0.88387001 3 0.5713802 -0.71327662 0.40590784 3 -0.81934083 -0.52408785 0.23240623
3 0.26537937 -0.6941427 -0.66913384 3 0.51827049 -0.48251683 0.70609766 3 -0.81300056 -0.53417587 0.23170353
3 -0.093205735 -0.33329362 -0.93820471 3 0.5686661 -0.79130715 0.22461483 3 -0.81727076 -0.51258981 0.26328716
3 -0.55547094 0.57090485 -0.60458225 3 0.16409364 -0.63751125 -0.75276363 3 -0.81518435 -0.51734638 0.2604371
3 0.43077567 -0.89996231 0.067083627 3 0.18031357 0.15866734 0.97072744 3 -0.88426208 -0.4060697 0.23062545
3 0.42056805 -0.90599298 0.047949769 3 0.17937256 0.13484128 0.97449636 3 -0.88935256 -0.40124121 0.21922024
3 0.93387747 -0.35751963 0.0072549731 3 0.11436211 0.27937964 -0.95334589 3 0.33881301 0.8911379 0.30179301
3 0.87608165 -0.19386853 -0.44147035 3 -0.34012568 0.40048689 -0.85083783 3 0.34175372 0.89555871 0.28491953
3 0.67918921 -0.0030580685 -0.73395681 3 -0.65697086 0.44332746 -0.60979503 3 0.32724804 0.8963545 0.29909417
3 0.26521277 0.11959916 0.95674348 3 -0.38446346 0.92309803 -0.0088185892 3 -0.88422287 -0.36549416 0.2907989
3 -0.45007572 0.54500413 -0.70739138 3 0.098893687 -0.75686741 -0.64604336 3 -0.8874976 -0.3607249 0.28675011
3 0.83112097 -0.44407144 0.33472204 3 0.43545991 0.14537087 -0.88839328 3 0.34585118 0.88411999 0.31419602
3 0.90216118 -0.39991528 0.16178046 3 0.25833419 0.20047337 -0.9450258 3 0.34549758 0.89435905 0.2841711
3 0.68107605 -0.027010977 -0.73171455 3 -0.65793294 0.41598839 -0.6277566 3 0.32134098 0.90896875 0.26554823
3 -0.80016518 0.37128663 -0.47104347 3 -0.53996009 -0.10402791 0.83523738 3 0.26111075 0.92267251 0.28371945
3 0.044605568 0.30381233 -0.9516871 3 -0.92372358 0.37533772 0.07652621 3 0.38045371 0.87568241 0.29738081
3 -0.5343188 0.6154862 -0.5793792 3 -0.74426824 -0.017636687 0.66764802 3 0.40070978 0.78795034 0.4675104
3 -0.60485733 0.57794863 -0.54783463 3 -0.69155484 -0.040122941 0.72120857 3 0.39484081 0.81508619 0.42395189
3 -0.85540473 0.37812006 -0.35398865 3 -0.42902088 -0.13430867 0.89325374 3 0.29021344 0.91596198 0.27710968
3 -0.94588852 0.31627667 -0.072553247 3 -0.15521687 -0.24464846 0.9571076 3 0.28496075 0.91657859 0.28050163
3 -0.7667529 0.37713668 -0.51947856 3 -0.58504248 -0.077452451 0.8072958 3 0.26422596 0.92291337 0.28002787
3 -0.93426174 0.34265637 0.098699749 3 -0.02593267 -0.34134555 0.9395802 3 0.35564387 0.87525421 0.32779208
3 -0.62208289 0.5998053 -0.50323635 3 -0.67228591 -0.079766944 0.73598206 3 0.40130416 0.79616028 0.45286214
3 -0.77732956 0.44677973 -0.44288447 3 -0.5280683 -0.080778509 0.84535122 3 0.34191018 0.89098972 0.29872173
3 0.22531706 0.47036892 -0.85322052 3 -0.63867992 0.73263538 0.23523043 3 0.73574466 0.49193341 0.46549049
3 -0.025433451 0.74860156 -0.66253221 3 -0.63598728 0.49921215 0.5884791 3 0.77128047 0.43632907 0.46340442
3 -0.024656624 0.74010444 -0.67203969 3 -0.64687693 0.50072575 0.57517308 3 0.76219583 0.44890884 0.46641034
3 0.24226364 0.54461074 -0.80293685 3 -0.41499388 0.80623007 0.42163169 3 0.87697691 0.23106781 0.4213303
3 0.0094098747 0.76995635 -0.63802731 3 -0.50540125 0.55422211 0.66136831 3 0.86283344 0.31623632 0.39435202
3 -0.030295208 0.72770739 -0.68521839 3 -0.61653447 0.52598274 0.58585638 3 0.78674495 0.44020939 0.43272188
3 0.42227885 0.32845539 -0.8448655 3 -0.25949323 0.93683898 0.23451224 3 0.86852968 0.12020734 0.48083913
3 0.50083333 0.53731602 -0.67857015 3 -0.32264981 0.84337264 0.42967385 3 0.80315816 0.0037455636 0.59575403
3 0.29165241 0.80681598 -0.51379669 3 -0.35850582 0.59019721 0.72328502 3 0.88679904 -0.026748717 0.46138057
3 0.49482757 0.42767572 -0.75646484 3 -0.18341118 0.90229899 0.39014962 3 0.849415 -0.054312721 0.52492303
3 0.60780126 0.24089813 -0.75666749 3 -0.086481124 0.96728778 0.23848584 3 0.78936601 -0.079514556 0.60875189
3 -0.21813467 0.33806479 -0.91549414 3 -0.35407227 -0.90158165 -0.24856256 3 -0.90942287 0.26993096 0.31636557
3 0.38904691 -0.5869506 -0.71002221 3 0.53720868 0.77067518 -0.34273419 3 0.74836451 -0.24809042 0.61514372
3 0.21438515 0.85877275 -0.46534795 3 -0.47248757 -0.32579491 -0.81891012 3 -0.85486537 0.39543316 0.33591375
3 0.47209457 0.12457941 0.87270093 3 0.45778456 0.8113727 -0.36346692 3 -0.75336605 0.57109964 0.32601401
3 -0.64896166 -0.13536239 -0.74868274 3 -0.54450339 -0.60465419 0.58130002 3 -0.53138024 0.78490168 0.31869212
3 -0.8444891 -0.53302497 -0.052179378 3 0.13381477 -0.30433196 0.9431203 3 -0.51858646 0.78947234 0.32833159
3 0.17013411 0.44795647 -0.87771833 3 -0.85893869 -0.36915228 -0.35489622 3 -0.48298973 0.81428611 0.32196173
3 0.45794258 0.55005455 -0.69837558 3 -0.74537438 -0.19054183 -0.63883543 3 -0.48446414 0.81310135 0.32273936
3 0.73490328 0.57276165 -0.36312717 3 -0.50630939 0.10715047 -0.85566926 3 -0.45118529 0.81268877 0.36873984
3 0.17781603 0.49022341 -0.85326576 3 -0.87504113 -0.31791979 -0.3650071 3 -0.45020512 0.81154668 0.37243447
3 -0.12958778 0.04310853 -0.99063051 3 0.95432019 0.27667594 -0.11279801 3 0.26922104 -0.95999581 -0.076993167
3 0.95943153 0.21879686 0.17781715 3 -0.15883212 -0.1016401 0.98205978 3 0.23294498 -0.97046232 -0.062764756
3 0.80388111 0.55060172 -0.22497317 3 -0.38913769 0.20080489 -0.89902687 3 -0.44983003 0.81025618 0.37568313
3 -0.52182293 0.14383453 -0.84084034 3 -0.75158298 -0.54377025 0.37341249 3 -0.40351433 0.8268165 0.39185536
3 -0.92797869 -0.26216558 -0.26481032 3 -0.10534862 -0.49707705 0.8612873 3 -0.35743111 0.82715386 0.43365824
3 -0.25788924 0.3665812 -0.89393026 3 -0.91171885 -0.39856344 0.099578924 3 -0.31978419 0.84069347 0.43700421
3 -0.88631201 -0.17931294 0.4269633 3 -0.42408711 -0.056058515 -0.90388453 3 0.18601315 -0.98219359 -0.026358973
3 -0.96694469 -0.23711661 -0.093774602 3 0.08843793 0.033068474 -0.99553257 3 0.2391583 -0.97091818 -0.011005282
3 -0.61999023 0.078308187 -0.7806921 3 -0.67393023 -0.56267452 0.4787651 3 -0.40178421 0.82296151 0.40162688
3 -0.89536506 -0.13825227 -0.42332941 3 -0.29358667 -0.53152221 0.79453826 3 -0.33485568 0.83568561 0.4353174
3 -0.76325285 0.046341684 -0.644436 3 -0.55917883 -0.54705447 0.62293756 3 -0.32367355 0.83581364 0.44345406
3 -0.39679018 -0.12187303 -0.90978265 3 0.89537877 0.16686149 -0.4128606 3 0.20212427 -0.97841913 0.042913519
3 0.86254811 0.45390305 -0.22356805 3 -0.37175784 0.26878911 -0.8885653 3 -0.34322986 0.84954363 0.40058559
3 0.21897823 0.51302367 -0.8299731 3 -0.88939816 -0.24487177 -0.38601711 3 -0.40127283 0.82270581 0.40266061
3 -0.65345663 0.014982756 -0.75681573 3 -0.59914505 -0.6212734 0.50501978 3 -0.46262279 0.78345084 0.41495201
3 -0.37427178 0.25950828 -0.89026749 3 -0.80098051 -0.57424057 0.16934708 3 -0.46728066 0.77646863 0.42278305
3 -0.84152567 -0.24314383 -0.48240611 3 -0.27148503 -0.58168584 0.76677084 3 -0.46704441 0.77622336 0.42349362
3 0.48778877 0.64125168 -0.59233314 3 -0.72435641 -0.08137542 -0.68460637 3 -0.48720628 0.76300347 0.42480072
3 0.27716565 0.61594969 -0.73741794 3 -0.82472706 -0.24124929 -0.51149213 3 -0.49295497 0.74993658 0.44112438
3 0.48755077 0.66092151 -0.5705058 3 -0.72190279 -0.062361628 -0.68917865 3 -0.49107075 0.74785942 0.4467167
3 0.31111985 0.62791371 -0.7133925 3 -0.81389451 -0.21153331 -0.54113746 3 -0.49069387 0.74898475 0.4452433
3 0.66943598 0.6143111 -0.41770506 3 -0.58672988 0.092355058 -0.80449915 3 -0.45563558 0.78364056 0.42226043
3 0.04213053 0.45759332 -0.88816285 3 -0.91278553 -0.34383869 -0.22044879 3 -0.4062607 0.81998992 0.40319851
3 -0.25985432 0.30170524 -0.91730571 3 -0.87865072 -0.4679181 0.095004149 3 -0.40056068 0.83067852 0.38668403
3 -0.5844059 0.12809972 -0.80128664 3 -0.74191225 -0.48432714 0.46367395 3 -0.32868835 0.86545813 0.37808236
3 0.040022954 0.41040978 -0.91102254 3 -0.94268638 -0.28677079 -0.1706024 3 -0.3312715 0.86563647 0.37541023
3 0.15894607 0.43687481 -0.88536811 3 -0.93057132 -0.23327689 -0.28216904 3 -0.32980841 0.86874771 0.36946467
3 0.69289505 0.49136329 -0.52769202 3 -0.64764649 0.10243 -0.75502509 3 -0.31694001 0.86491078 0.38920283
3 0.76440972 0.4606767 -0.45105946 3 -0.56158727 0.13210025 -0.81680423 3 -0.31669766 0.87768245 0.35968897
3 0.74559176 0.44398156 -0.49696422 3 -0.58767235 0.086424217 -0.80447024 3 -0.31422016 0.8918584 0.32535285
3 -0.7017585 -0.075138934 -0.70844144 3 -0.56674331 -0.54366165 0.61905909 3 -0.43166783 0.83593434 0.33893466
3 -0.78913361 -0.20856863 -0.57772601 3 -0.40922168 -0.52289534 0.74774224 3 -0.45804575 0.82648647 0.32728341
3 -0.87348402 -0.45542639 -0.17208284 3 0.0048944205 -0.36165625 0.93229866 3 -0.48682833 0.81350571 0.31812999
3 0.083012193 0.8592577 -0.50476259 3 -0.7433995 0.3907173 0.54286045 3 0.66367644 0.3301762 0.671206
3 -0.74151474 -0.15361086 -0.65311533 3 -0.47336242 -0.57008493 0.67151451 3 -0.47548309 0.80709809 0.35001272
3 -0.79297662 -0.25458255 -0.55351233 3 -0.33713987 -0.57337308 0.74671298 3 -0.50746912 0.77873695 0.3688415
3 -0.27840319 0.23736012 -0.93067282 3 -0.82751763 -0.55115354 0.1069782 3 -0.48755121 0.79993123 0.34986258
3 -0.15633395 0.36028871 -0.91964757 3 -0.86392552 -0.50118244 -0.049485788 3 -0.47874042 0.78677076 0.38961449
3 0.43601027 0.63045973 -0.64219594 3 -0.5169639 0.75957501 0.39470798 3 0.73664343 0.15989536 0.65710741
3 0.78189516 0.58325028 -0.22013383 3 -0.38723683 0.17766558 -0.90470016 3 -0.48855647 0.79262477 0.3647719
3 -0.43068025 0.1655241 -0.88719589 3 -0.75485659 -0.60488605 0.25358391 3 -0.49467805 0.77891904 0.38545936
3 -0.57469678 0.044753999 -0.81714171 3 -0.64672661 -0.63668454 0.41997308 3 -0.5014661 0.76982456 0.39484423
3 0.61884177 0.280489 -0.73373073 3 -0.21250516 0.95902514 0.18738335 3 0.75622517 0.039960939 0.65309012
3 0.61216956 -0.38272721 -0.69193089 3 0.21008633 0.92233074 -0.32429916 3 0.76230723 0.053160857 0.64502853
3 -0.79987973 -0.10883336 -0.59020996 3 -0.5271306 -0.34275365 0.77759469 3 -0.28692487 0.93309987 0.21679227
3 -0.80407977 -0.59451091 0.0035219416 3 0.24775597 -0.32969469 0.91099858 3 -0.54043746 0.73338819 0.41239449
3 -0.5928638 0.021204084 -0.80502367 3 -0.59876543 -0.68007958 0.42305079 3 -0.53850961 0.73283172 0.41589078
3 0.61717439 0.016955115 -0.78664356 3 0.03855985 0.99791455 0.051761571 3 0.78588086 -0.062278785 0.61523366
3 0.60120392 -0.29043475 -0.74444711 3 0.23871347 0.95434809 -0.17954315 3 0.76260728 -0.06976752 0.64308852
3 -0.841667 -0.16745132 -0.51337785 3 -0.4183974 -0.39880013 0.81602836 3 -0.34138015 0.90162003 0.2655957
