ply
format ascii 1.0
comment PCL generated
element vertex 14841
property list uint float x_axis
property list uint float y_axis
property list uint float z_axis
element camera 1
property float view_px
property float view_py
property float view_pz
property float x_axisx
property float x_axisy
property float x_axisz
property float y_axisx
property float y_axisy
property float y_axisz
property float z_axisx
property float z_axisy
property float z_axisz
property float focal
property float scalex
property float scaley
property float centerx
property float centery
property int viewportx
property int viewporty
property float k1
property float k2
end_header
3 nan nan nan 3 nan nan nan 3 nan nan nan
3 nan nan nan 3 nan nan nan 3 nan nan nan
3 -0.59222066 0.60901427 -0.52761376 3 0.80577242 0.44949606 -0.38559568 3 0.0023270466 -0.65349436 -0.75692779
3 0.99459797 -0.084510982 -0.060273856 3 -0.10357365 -0.7693904 -0.63032639 3 0.0068953731 0.63316399 -0.77398711
3 0.59051406 -0.67702806 -0.43923354 3 -0.78571177 -0.35804465 -0.50444138 3 0.18425576 0.64299071 -0.74337935
3 0.92394662 -0.38252032 0.00095260143 3 -0.23351929 -0.56601572 -0.79062963 3 0.30297109 0.73027706 -0.61229414
3 nan nan nan 3 nan nan nan 3 nan nan nan
3 0.16350918 -0.76157105 0.62711608 3 -0.96804446 -0.0013373867 0.25077596 3 -0.19014496 -0.64808023 -0.7374531
3 0.78500646 0.14306974 -0.60274023 3 -0.61594307 0.07632862 -0.78408396 3 -0.066172384 0.98676479 0.14804131
3 0.57790339 0.40754297 -0.70706183 3 -0.7878679 0.0526748 -0.6135875 3 -0.21281894 0.91166556 0.35153097
3 0.92486918 -0.1302017 -0.35730213 3 -0.28057584 -0.86784941 -0.4100185 3 -0.25669926 0.47946367 -0.83917838
3 0.93095887 -0.096498072 -0.35214189 3 -0.24928865 -0.87265778 -0.41990936 3 -0.26677892 0.47870323 -0.83646423
3 0.98826945 0.12367067 -0.089604557 3 0.014345519 -0.65930378 -0.75173968 3 -0.15204479 0.74163598 -0.65334398
3 0.97309911 -0.0089030638 0.23021472 3 0.22274682 -0.21884023 -0.94999611 3 0.058838077 0.97571999 -0.21097012
3 -0.39183015 -0.47812641 -0.78604347 3 -0.8966769 0.38975975 0.20990011 3 0.2060093 0.78707218 -0.5814445
3 0.2686525 -0.95646596 -0.11401168 3 -0.67034948 -0.10065296 -0.73518741 3 0.69170612 0.27393758 -0.66820717
3 -0.45119947 -0.76839972 -0.45385128 3 -0.85567212 0.22805533 0.46456003 3 -0.25346455 0.59795713 -0.7603966
3 0.64199662 -0.42973399 -0.63495594 3 -0.68509799 -0.69333267 -0.22345175 3 -0.34421086 0.5784623 -0.73952711
3 0.72656167 -0.37548536 -0.57542938 3 -0.63853157 -0.67825818 -0.36365286 3 -0.25374329 0.63164598 -0.73255563
3 0.45587903 -0.56956393 -0.68393797 3 -0.86774194 -0.45535535 -0.19918674 3 -0.19798526 0.68428677 -0.70182157
3 -0.29411525 -0.530487 -0.79503453 3 -0.86688668 0.49836487 -0.01183784 3 0.40249705 0.68572307 -0.60644871
3 nan nan nan 3 nan nan nan 3 nan nan nan
3 nan nan nan 3 nan nan nan 3 nan nan nan
3 0.43590406 -0.87500399 0.21060811 3 -0.8815273 -0.36794487 0.29584861 3 -0.18137652 -0.31461835 -0.93172848
3 0.59837186 -0.79158252 0.12388824 3 -0.79037845 -0.55782795 0.25323921 3 -0.1313514 -0.2494498 -0.95943826
3 0.88550144 0.30835241 -0.34757161 3 0.44796687 -0.76514721 0.46246687 3 -0.12334067 -0.56521559 -0.81567061
3 -0.64094979 -0.74541909 -0.18312234 3 -0.72419304 0.50818264 0.46614927 3 -0.25441697 0.43139413 -0.86554682
3 0.22189203 -0.58958566 -0.77662903 3 -0.97475094 -0.11371375 -0.19217086 3 0.024987802 0.79966104 -0.59993142
3 nan nan nan 3 nan nan nan 3 nan nan nan
3 0.67531186 -0.19852123 -0.71031225 3 -0.24799533 -0.96813607 0.03480354 3 -0.69458795 0.15265083 -0.70302594
3 0.21235332 0.31049985 -0.92655057 3 0.055775624 -0.95048112 -0.30573624 3 -0.97559983 0.013245174 -0.21915615
3 nan nan nan 3 nan nan nan 3 nan nan nan
3 nan nan nan 3 nan nan nan 3 nan nan nan
3 0.070389278 -0.99568903 -0.060406182 3 -0.99750733 -0.069958434 -0.0092205182 3 0.0049548456 0.060904633 -0.99813122
3 0.3727355 -0.88362712 -0.28332216 3 -0.91100222 -0.40652534 0.069369607 3 -0.17647448 0.23225057 -0.95651263
3 0.16757348 -0.93869233 0.30129087 3 -0.97638845 -0.11576201 0.18238825 3 -0.13632835 -0.32474026 -0.93592668
3 -0.086817071 0.87381554 -0.47844461 3 0.99618828 0.080229759 -0.034236234 3 0.008469943 -0.47959924 -0.87744677
3 -0.33219796 0.83409536 -0.44037414 3 0.93029153 0.36675203 -0.0071184635 3 0.15557037 -0.41204038 -0.89778656
3 0.088218629 -0.98882675 -0.12016352 3 -0.99390239 -0.09539216 0.055304788 3 -0.066149503 0.11455187 -0.99121249
3 -0.43627316 0.86759537 -0.23863038 3 0.89060402 0.45419392 0.023089744 3 0.12841697 -0.20245166 -0.9708361
3 0.74880105 0.63994682 0.17252544 3 0.64451629 -0.64234048 -0.41472572 3 -0.15458231 0.42174253 -0.89344144
3 -0.5150066 0.81936097 0.25182498 3 0.84916335 0.44757301 0.28035694 3 0.11700344 0.35822624 -0.92627436
3 -0.95908886 0.26421556 -0.10167978 3 0.18455395 0.85585934 0.48316121 3 0.21468228 0.4446291 -0.86960715
3 -0.53365004 0.80888277 -0.24683258 3 0.83746004 0.46478099 -0.28747118 3 -0.11780739 -0.3601214 -0.92543733
3 0.54508966 -0.82289886 0.16035791 3 -0.82852036 -0.49949059 0.25310647 3 -0.12818377 -0.27082554 -0.95405567
3 -0.16405217 0.94836605 -0.27145654 3 0.98272026 0.13320936 -0.12851471 3 -0.085718527 -0.2878485 -0.95383203
3 -0.83654141 0.48912495 0.24689126 3 0.53068715 0.83540428 0.14307788 3 -0.13627103 0.25071257 -0.95842254
3 0.68034285 -0.69714069 -0.22611624 3 -0.73140121 -0.66551745 -0.14879194 3 -0.046755388 0.26661119 -0.96266949
3 0.55137181 -0.83025753 -0.08161816 3 -0.83400482 -0.54614156 -0.078519441 3 0.020616291 0.11136334 -0.99356586
3 0.40633082 -0.90980834 0.084523603 3 -0.90184289 -0.41419718 -0.12296547 3 0.14688441 -0.026262347 -0.98880506
3 0.23937684 -0.96744573 0.082142949 3 -0.95898819 -0.24881221 -0.13577259 3 0.15179078 -0.046273313 -0.98732889
3 0.19184114 -0.96536148 0.17684485 3 -0.9420833 -0.13062882 0.30889392 3 -0.27509329 -0.22586112 -0.93451101
3 0.42565864 -0.90483129 0.0097503364 3 -0.85650128 -0.39939985 0.32693323 3 -0.29192516 -0.14751309 -0.94499713
3 0.99853975 0.012962356 -0.052443914 3 0.025643175 -0.96817696 0.24894929 3 -0.047548022 -0.24993059 -0.96709555
3 -0.1197111 -0.97760779 0.17306766 3 -0.97011995 0.15223905 0.18892018 3 -0.21103746 -0.1452805 -0.96662134
3 0.78523964 -0.60003859 -0.15281428 3 -0.55127001 -0.78986019 0.26874161 3 -0.2819573 -0.12678465 -0.95101297
3 -0.36955553 -0.49972829 0.78339022 3 -0.76272929 -0.31839186 -0.56291264 3 0.53072852 -0.80554223 -0.26349398
3 0.32601336 -0.94091272 -0.091643117 3 -0.93385267 -0.33560902 0.1236356 3 -0.14708659 0.045274332 -0.98808694
3 0.69140291 -0.67289728 -0.26300427 3 -0.69903904 -0.71503574 -0.0082584172 3 -0.18250041 0.18956016 -0.96475929
3 0.30514249 -0.92491287 -0.2267693 3 -0.93734926 -0.33374885 0.099940926 3 -0.16812064 0.1820658 -0.96880728
3 0.18715143 -0.95984614 -0.20897283 3 -0.97395426 -0.20903039 0.087858707 3 -0.12801252 0.1870871 -0.97396666
3 -0.76091385 -0.6486519 0.016153798 3 -0.62475526 0.73914903 0.25167447 3 -0.17518915 0.18141039 -0.9676773
3 -0.8173492 -0.57200259 0.068947762 3 -0.49524614 0.75868565 0.42323548 3 -0.29440132 0.31178492 -0.90339273
3 -0.14034633 0.98939145 0.037517499 3 0.97463226 0.14472649 -0.1707225 3 -0.17434072 0.012602581 -0.98460466
3 0.55495787 -0.79119909 -0.25695485 3 -0.82282019 -0.56753165 -0.029577389 3 -0.12242708 0.22783998 -0.96597129
3 0.10841906 -0.94004411 -0.32336107 3 -0.98554599 -0.14423314 0.088858962 3 -0.13017073 0.30905324 -0.94209433
3 0.19495977 -0.91722518 -0.34740257 3 -0.96404499 -0.24441561 0.10430025 3 -0.1805781 0.31458041 -0.93189645
3 0.96548563 -0.16378793 -0.20251222 3 -0.21506111 -0.93992615 -0.26511908 3 -0.14692323 0.29952109 -0.94270945
3 0.89798617 -0.35835165 -0.25535238 3 -0.40608412 -0.89839333 -0.16728726 3 -0.16945922 0.2539162 -0.9522658
3 -0.33985373 -0.86457264 -0.37015358 3 -0.92420632 0.23412225 0.30171061 3 -0.17419104 0.4446319 -0.8786124
3 -0.40129972 -0.43780878 -0.80453843 3 -0.42026055 0.86846268 -0.26297086 3 0.81384325 0.23258641 -0.53250611
3 -0.026106471 -0.72447705 -0.68880439 3 -0.99777079 -0.023449998 0.062481109 3 -0.061418653 0.68889827 -0.72225147
3 0.48804519 -0.53848469 -0.68691051 3 -0.86720204 -0.38829762 -0.31174579 3 -0.098855026 0.74783593 -0.65648234
3 0.79174018 -0.45072311 -0.41230592 3 -0.58212137 -0.35212055 -0.73290229 3 0.18515468 0.82028025 -0.54116356
3 0.97888082 -0.12242827 -0.16371949 3 -0.080899246 -0.96745622 0.2397593 3 -0.18774468 -0.22145091 -0.95692831
3 0.94336414 -0.26893583 -0.19426143 3 -0.26356465 -0.96315783 0.053485747 3 -0.20148867 0.00074390933 -0.97949064
3 0.2272234 -0.88859057 -0.39846736 3 -0.97249913 -0.18556005 -0.14075842 3 0.051136997 0.41949278 -0.90631723
3 -0.026686057 -0.94040549 -0.33900684 3 -0.88050014 0.18267699 -0.43743473 3 0.47329465 0.28682208 -0.83290184
3 0.69561672 -0.10672572 -0.71044141 3 -0.18348043 -0.98250067 -0.032056071 3 -0.69458795 0.15265083 -0.70302594
3 nan nan nan 3 nan nan nan 3 nan nan nan
3 -0.93539214 -0.31242862 0.16561997 3 -0.3513726 0.76858628 -0.53461438 3 0.039737541 -0.55826771 -0.82870871
3 -0.072382152 -0.96590894 -0.24855734 3 -0.98947299 0.038230769 0.13957642 3 -0.12531558 0.25604361 -0.95850807
3 0.60150987 0.7571581 -0.25474983 3 0.79298013 -0.60454291 0.075567596 3 -0.096790597 -0.24746622 -0.96404988
3 -0.059191719 -0.98867434 0.13791147 3 -0.99341679 0.07191442 0.089172408 3 -0.098080277 -0.1317253 -0.98642224
3 0.15504017 -0.98000503 0.1247101 3 -0.987903 -0.15420286 0.016398642 3 0.003159899 -0.12574391 -0.99205762
3 0.72175288 0.67908537 -0.13384987 3 0.69210219 -0.70578855 0.15118469 3 0.0081975898 -0.20175579 -0.97940147
3 -0.36599067 0.81827044 -0.44326565 3 0.90664524 0.42093343 0.028456271 3 0.20987023 -0.39146993 -0.89593858
3 0.73757827 -0.58480942 -0.3376039 3 -0.65863204 -0.73331964 -0.1686604 3 -0.14893736 0.34675694 -0.92605472
3 -0.45524675 -0.87434363 -0.16814798 3 -0.85983068 0.48075703 -0.17194228 3 0.23117493 0.066302605 -0.97065043
3 -0.89562041 0.18628918 0.40393156 3 0.3565264 0.84364963 0.40142822 3 -0.26599491 0.50353944 -0.82200658
3 0.47446537 -0.8448199 0.24730976 3 -0.87713271 -0.4300158 0.21383384 3 -0.074303955 -0.31838018 -0.9450466
3 0.96891081 -0.14188471 0.20268327 3 -0.2219658 -0.86036491 0.45880669 3 0.10928386 -0.48953155 -0.86511046
3 -0.37986681 -0.82050323 0.42717195 3 -0.92034268 0.28874204 -0.26381385 3 0.09311761 -0.49335858 -0.86482751
3 -0.35819083 0.89853925 -0.25362691 3 0.93089151 0.36456403 -0.023111522 3 0.071696632 -0.24437743 -0.967026
3 -0.78296232 0.48405969 0.39071244 3 0.58624953 0.78422999 0.20321131 3 -0.20804207 0.38816184 -0.89780229
3 -0.95780706 0.091118038 0.27258623 3 0.1722019 0.94127178 0.29043782 3 -0.2301136 0.32512322 -0.91724735
3 0.25958359 -0.95436764 0.14764403 3 -0.93915141 -0.21385892 0.26881042 3 -0.22496898 -0.20843884 -0.95180994
3 0.70570278 0.42507392 -0.56682956 3 0.6994282 -0.29029357 0.65309262 3 0.11306569 -0.85734588 -0.50216967
3 0.72327042 -0.29596603 -0.62392652 3 -0.68650204 -0.21029243 -0.696055 3 0.074801594 0.93176258 -0.35527948
3 0.30538112 -0.7259798 -0.61619467 3 -0.94975901 -0.18562628 -0.25199431 3 0.068560839 0.66219062 -0.74619251
3 0.22888458 -0.97308362 -0.026835918 3 -0.95308828 -0.22962044 0.19722405 3 -0.19807756 -0.019564567 -0.97999114
3 -0.35505274 -0.85463881 -0.37885371 3 -0.39781931 0.50486058 -0.76606518 3 0.84597725 -0.1212782 -0.5192439
3 -0.75191742 0.64724964 0.12525234 3 0.65042585 0.7593264 -0.019218788 3 -0.10754675 0.067016415 -0.99193865
3 -0.089634717 0.99457002 0.052878927 3 0.98957962 0.094940454 -0.10825192 3 -0.11268445 0.042624768 -0.99271607
3 -0.40481764 0.91289157 0.052454565 3 0.89983547 0.40791181 -0.15460923 3 -0.16253933 -0.015385791 -0.98658216
3 -0.051849514 0.99790442 0.038707696 3 0.98962528 0.056542549 -0.13207892 3 -0.13399078 0.031457894 -0.99048322
3 0.54016405 -0.81839693 -0.19608511 3 -0.83278275 -0.55338198 0.015538126 3 -0.12122675 0.15490383 -0.98046362
3 -0.55077964 -0.70319355 -0.44962278 3 -0.82810509 0.39306024 0.39968175 3 -0.10432406 0.59247243 -0.79880714
3 0.23047495 -0.73854971 -0.63358158 3 -0.96399003 -0.26207381 -0.045173377 3 -0.13268277 0.62117898 -0.77235484
3 0.86527205 -0.15287977 0.47742239 3 0.30445632 -0.59634382 -0.74275202 3 0.39825961 0.78803676 -0.46945438
3 -0.37370875 0.86268234 0.34076548 3 0.91000372 0.41211471 -0.045332402 3 -0.1795419 0.29315671 -0.93905485
3 -0.52478832 0.78852427 0.32066619 3 0.84283155 0.53412563 0.065916359 3 -0.11929937 0.3048597 -0.94489592
3 -0.3010858 0.90173149 0.31020597 3 0.95156795 0.30531493 0.036077637 3 -0.062178172 0.30604449 -0.94998467
3 -0.26308864 0.85638595 0.44428292 3 0.96399748 0.25178975 0.085503116 3 -0.038642224 0.4507826 -0.89179707
3 0.27801228 -0.74508148 -0.60626954 3 -0.95985466 -0.2399642 -0.14524648 3 -0.037262857 0.62231183 -0.78188223
3 0.99738258 0.0010513067 0.072298065 3 0.048416331 -0.75234848 -0.65698385 3 0.053702679 0.65876454 -0.75043011
3 -0.72129411 0.69101131 -0.047310978 3 0.65047699 0.65235019 -0.38899767 3 -0.23793846 -0.31135634 -0.92002314
3 0.26951671 -0.92992723 -0.25019196 3 -0.95768124 -0.28608257 0.031675261 3 -0.10103126 0.23106715 -0.96767795
3 0.20181301 -0.96077609 -0.19021249 3 -0.97938579 -0.19624536 -0.047867246 3 0.0086613856 0.19595164 -0.98057532
3 -0.44753414 0.89311278 -0.045416087 3 0.88967896 0.44980136 0.078422271 3 0.090468161 -0.0053090905 -0.99588525
3 -0.12735422 -0.99009609 0.059081774 3 -0.98986381 0.13064733 0.05568698 3 -0.062854335 -0.051390931 -0.99669874
3 0.37879938 0.65422904 -0.65459573 3 0.92413801 -0.30545077 0.22949758 3 -0.049802803 -0.69187021 -0.72030234
3 0.7735616 0.25876379 0.57848382 3 0.005106613 -0.91535223 0.40262103 3 0.63370037 -0.30849814 -0.70940292
3 0.7792325 0.58469898 -0.22566324 3 0.60112882 -0.79913557 0.0051639155 3 -0.17731619 -0.13967656 -0.97419173
3 -0.081741378 -0.93355709 -0.34898365 3 -0.38856983 -0.2925956 0.87372845 3 -0.91778642 0.20702364 -0.33883515
3 0.44429782 -0.75993109 -0.47445133 3 -0.88633668 -0.44995281 -0.10931435 3 -0.13040937 0.46909186 -0.87346798
3 0.92152393 -0.33266926 -0.20031215 3 -0.38536197 -0.84700578 -0.36616606 3 -0.047853339 0.41462341 -0.90873402
3 0.087224275 -0.91735446 -0.38839769 3 -0.99434459 -0.10388523 0.022061408 3 -0.060586914 0.38427687 -0.92122769
3 -0.64737284 0.7167955 -0.25906131 3 0.76214898 0.60608554 -0.2275724 3 -0.0061095767 -0.34476745 -0.93866813
3 -0.61982685 0.74134266 -0.25734386 3 0.78294438 0.56204724 -0.26664841 3 -0.053038429 -0.36676171 -0.92880189
3 -0.75631285 0.60423291 -0.25078592 3 0.65293169 0.67321563 -0.3470751 3 -0.040881164 -0.42624339 -0.90368432
3 -0.69760334 0.55225694 -0.45646673 3 0.71628267 0.52244556 -0.46259013 3 -0.016989563 -0.64966363 -0.76003182
3 0.69220793 0.67368972 -0.25882518 3 0.70840341 -0.56573749 0.42202592 3 0.13788743 -0.47548223 -0.86885196
3 -0.38133135 -0.91292214 0.14546326 3 -0.91666228 0.39377967 0.068320282 3 -0.11965156 -0.107288 -0.98700184
3 -0.75090504 0.64495939 -0.14201717 3 0.65926796 0.71942723 -0.21860951 3 -0.038823262 -0.25778237 -0.96542269
3 -0.13527036 0.934793 -0.32842666 3 0.98221517 0.17007822 0.079540834 3 0.13021243 -0.31182608 -0.94117433
3 0.5185864 -0.82432222 0.22707103 3 -0.85065621 -0.47059628 0.23435751 3 -0.086327285 -0.31469393 -0.94525945
3 0.95885944 0.28034332 -0.044679113 3 0.28334635 -0.93546706 0.2112253 3 0.017419748 -0.21519503 -0.97641569
3 0.13741526 -0.87467504 -0.46482322 3 -0.98120177 -0.18439966 0.056919906 3 -0.13549967 0.4482637 -0.88357198
3 0.16051453 -0.98647791 0.033114847 3 -0.98653281 -0.16141143 -0.026452277 3 0.031439696 -0.028422896 -0.99910152
3 0.12149593 -0.98480541 0.12408484 3 -0.9907636 -0.127905 -0.045031957 3 0.060218785 -0.11746754 -0.99124926
3 0.48377976 0.86120164 -0.15584902 3 0.8751896 -0.47615373 0.085561216 3 -0.00052263564 -0.17779022 -0.98406821
3 0.063274264 -0.9882741 0.13896263 3 -0.98735982 -0.041715298 0.15290669 3 -0.14531687 -0.14688118 -0.97842169
3 -0.068047047 -0.99462497 0.078042589 3 -0.99684155 0.070991606 0.035594687 3 -0.040943738 -0.075373992 -0.99631441
3 -0.01567632 -0.98452246 0.17455602 3 -0.99680537 0.0017143907 -0.079850487 3 0.07831534 -0.17525013 -0.98140413
3 -0.64049321 0.73775208 -0.21328481 3 0.76704472 0.62814349 -0.1306836 3 0.037560452 -0.24729989 -0.9682107
3 0.030671261 0.89090389 -0.45315516 3 0.9970718 0.0045035407 0.076339573 3 0.070052207 -0.4541643 -0.88815963
3 0.47673887 -0.78155464 0.40235853 3 -0.87901586 -0.4275772 0.2109713 3 0.0071537374 -0.45425776 -0.8908416
3 0.30744776 -0.86924422 0.38715684 3 -0.94594514 -0.32334501 0.025217026 3 0.10326548 -0.37398204 -0.92166901
3 -0.2037797 0.95631725 0.20959799 3 0.9750883 0.21741639 -0.043969139 3 -0.08761847 0.1954165 -0.97679865
3 0.28071636 -0.93933058 -0.19712044 3 -0.95923281 -0.28157458 -0.024252938 3 -0.032723777 0.19589661 -0.9800784
3 0.29152703 -0.94342488 -0.15799186 3 -0.95655537 -0.28687981 -0.051978584 3 0.0037120231 0.16628499 -0.98607075
3 -0.069275327 -0.97955585 -0.18886836 3 -0.99752349 0.070323758 0.0011527687 3 0.012152504 0.18847728 -0.98200232
3 -0.018694997 -0.99615669 0.085570224 3 -0.99969274 0.017230788 -0.017817954 3 0.016275031 -0.085877046 -0.99617279
3 -0.0039328039 0.97680366 -0.21410124 3 0.99487197 0.02546089 0.097886652 3 0.10106723 -0.21261834 -0.9718945
3 0.6438368 -0.74293131 0.18310425 3 -0.76364458 -0.63895726 0.092630997 3 0.048177287 -0.19946578 -0.97871971
3 0.67958313 -0.62662596 -0.38145339 3 -0.73074418 -0.62405348 -0.27671343 3 -0.06465169 0.46679482 -0.88199937
3 -0.99872011 0.015180826 0.048247248 3 0.035101663 0.89481485 0.44505557 3 -0.036416031 0.44617948 -0.89420235
3 -0.92628437 0.30589807 0.22005315 3 0.36770162 0.86145335 0.35027614 3 -0.082416743 0.40536931 -0.91043019
3 -0.082449883 0.94625056 0.3127487 3 0.98739713 0.12010007 -0.10306673 3 -0.1350881 0.30030933 -0.94422746
3 -0.029682219 0.97531557 0.21881148 3 0.99741584 0.043228693 -0.057383191 3 -0.065425657 0.21654278 -0.97407836
3 0.26006427 -0.95004123 0.17259286 3 -0.96204162 -0.23962288 0.13060239 3 -0.082720466 -0.20000647 -0.97629648
3 0.57188553 0.71417427 -0.40361133 3 0.8104707 -0.56795704 0.14339566 3 -0.12682518 -0.40912202 -0.90362316
3 -0.76083255 -0.64223558 0.093098477 3 -0.55528504 0.57004267 -0.60556585 3 0.3358458 -0.51243043 -0.79033083
3 0.91480184 -0.10694806 0.38948679 3 -0.275181 -0.87090361 0.40718877 3 0.29565731 -0.47967628 -0.82613409
3 -0.95447916 0.13480617 -0.26607665 3 0.24476813 0.86378825 -0.44040725 3 0.17046423 -0.48548663 -0.85746419
3 0.34753007 -0.80918169 -0.473759 3 -0.93238705 -0.35177064 -0.083135478 3 -0.099382818 0.47061893 -0.87672168
3 -0.12205949 -0.95931679 -0.25458339 3 -0.93687886 0.026684016 0.34863442 3 -0.32765722 0.2810708 -0.90201998
3 -0.18409316 -0.97248745 -0.14275092 3 -0.952025 0.21253851 -0.22017182 3 0.24445441 0.095370308 -0.96495932
3 0.179037 -0.97164392 0.15444721 3 -0.97714376 -0.193901 -0.087135591 3 0.11461222 -0.13531661 -0.98415112
3 0.45090723 -0.79451984 0.40671983 3 -0.89107078 -0.37429085 0.25670925 3 -0.051729072 -0.47816816 -0.87674373
3 0.4279536 -0.60236961 -0.67380005 3 -0.85552156 -0.51039052 -0.08708784 3 -0.2914421 0.61372 -0.73376369
3 -0.41396865 0.86807156 0.27400994 3 0.87941772 0.30365011 0.36663398 3 0.23506145 0.3927443 -0.88909942
3 0.016687244 0.954579 0.2974903 3 0.99249518 -0.051862314 0.11074199 3 0.12114051 0.29340973 -0.94828051
3 -0.97028959 0.23888901 0.038342606 3 0.24194136 0.9569757 0.16019307 3 0.0015754154 0.16471034 -0.98634064
3 -0.076378644 0.9967072 -0.027223375 3 0.99678165 0.075660802 -0.026490415 3 -0.024343444 -0.029159056 -0.99927825
3 -0.30087373 -0.95322704 0.028865578 3 -0.94190049 0.30176571 0.14751618 3 -0.14932705 0.017195247 -0.98863834
3 0.24919325 0.95188248 -0.17838889 3 0.96643555 -0.25630474 -0.017617535 3 -0.062491734 -0.16801117 -0.98380238
3 -0.36958149 -0.83191425 0.41391802 3 -0.91742998 0.25602517 -0.30458724 3 0.14741707 -0.49231064 -0.85784531
3 -0.19298306 0.97883868 0.068061538 3 0.97543359 0.19889691 -0.094706066 3 -0.10623919 0.048112854 -0.99317586
3 -0.47393873 0.87260592 0.11807209 3 0.87388337 0.48257715 -0.058714371 3 -0.1082134 0.075354218 -0.99126774
3 0.040459991 -0.99016058 -0.13395976 3 -0.99275678 -0.055015981 0.10680616 3 -0.11312515 0.12866805 -0.98521435
3 0.51881301 -0.85278046 0.059986461 3 -0.85471088 -0.51600045 0.056679957 3 -0.017382523 -0.08067739 -0.99658865
3 0.37095767 -0.9230544 0.10178933 3 -0.92766458 -0.36328349 0.086392999 3 -0.042767059 -0.12647448 -0.99104756
3 -0.36050469 0.81311041 -0.45704234 3 0.92792743 0.36243337 -0.087133855 3 0.094797991 -0.45551443 -0.88516647
3 -0.56897599 0.63909328 -0.51751924 3 0.81091934 0.5406127 -0.22393695 3 0.13666028 -0.5470804 -0.82584924
3 0.48608902 -0.66672838 0.5649696 3 -0.857494 -0.23917046 0.45552313 3 -0.16858621 -0.70588285 -0.68797386
3 0.27495697 0.65723771 -0.70173872 3 0.95732206 -0.25476363 0.13649257 3 -0.089069955 -0.70932078 -0.69923592
3 -0.93824977 -0.23497683 0.2539154 3 -0.3455835 0.67072636 -0.65627569 3 -0.016098162 -0.70349962 -0.71051317
3 0.049953371 0.86028588 0.50735861 3 0.97491586 0.068318173 -0.21182945 3 -0.21689573 0.50521356 -0.83529371
3 0.26068825 -0.9620961 0.080080487 3 -0.96115059 -0.26643538 -0.072124571 3 0.090727024 -0.058167379 -0.99417567
3 0.19695339 -0.97083044 0.13673961 3 -0.98004305 -0.19878598 0.00025829487 3 0.026931157 -0.13406157 -0.99060708
3 0.054154634 -0.97607309 0.21059136 3 -0.99848264 -0.055045951 0.0016315505 3 0.0099996878 -0.21036015 -0.97757292
3 0.26633063 -0.9357236 0.23127827 3 -0.96333998 -0.25035858 0.096422926 3 -0.032322709 -0.2484799 -0.96809781
3 0.2375651 -0.92578566 0.29408109 3 -0.96579725 -0.19272932 0.17346805 3 -0.10391582 -0.32523409 -0.9399066
3 -0.19860953 0.83564264 0.5121091 3 0.97385061 0.2270769 0.0071486309 3 -0.11031444 0.50013751 -0.85889065
3 0.23086724 -0.88614631 -0.4018023 3 -0.97253907 -0.22267276 -0.067711815 3 -0.029467843 0.40640083 -0.91321969
3 0.27233645 -0.91323507 -0.30304202 3 -0.96195322 -0.25124779 -0.10733375 3 0.021882312 0.32074317 -0.94691342
3 0.58630997 -0.80117518 -0.11982831 3 -0.80918884 -0.57225531 -0.13318016 3 0.038127828 0.1750492 -0.98382109
3 -0.30777118 0.94503123 0.11042147 3 0.95140803 0.3068926 0.025292743 3 -0.0099859368 0.11284281 -0.99356264
3 -0.58256948 0.80549216 -0.10860592 3 0.80962825 0.56334776 -0.16474696 3 -0.071518183 -0.18390875 -0.98033816
3 -0.066093132 -0.98462754 0.16167966 3 -0.99155736 0.082927078 0.099685714 3 -0.11156073 -0.15372342 -0.98179603
3 0.13278148 -0.98719579 0.08839339 3 -0.97617412 -0.11481246 0.18412526 3 -0.17161904 -0.11073578 -0.9789201
3 -0.73331213 0.51968026 0.43839028 3 0.67269349 0.64816105 0.35689151 3 -0.098677978 0.556615 -0.82488966
3 -0.81096447 0.45370561 0.36944267 3 0.57454169 0.73689795 0.35620722 3 -0.11062831 0.50113159 -0.85827076
3 0.09296447 0.91409922 0.39469019 3 0.9893195 -0.040105615 -0.14013788 3 -0.11227063 0.40350246 -0.90806448
3 -0.21196651 0.92636859 0.31130594 3 0.9701128 0.23795205 -0.047541305 3 -0.11811668 0.29192477 -0.94911993
3 -0.12766637 -0.95368838 -0.27235949 3 -0.96424854 0.055051088 0.25921816 3 -0.23221944 0.29571748 -0.92662036
3 -0.2646262 0.91979796 0.2897324 3 0.95405024 0.29350051 -0.060381584 3 -0.14057545 0.26044068 -0.95520121
3 -0.63955879 0.71393591 0.28506151 3 0.7599988 0.64297497 0.094790064 3 -0.11561199 0.27726868 -0.95381135
3 0.22293311 -0.93285578 -0.28298566 3 -0.97040236 -0.2400118 0.026720677 3 -0.092846557 0.26865354 -0.95875192
3 0.23845561 -0.90130639 -0.36164322 3 -0.9689002 -0.24614424 -0.025407087 3 -0.066116638 0.35645393 -0.9319706
3 0.25604522 -0.90411633 -0.34207401 3 -0.96625429 -0.24968734 -0.06331493 3 -0.028167127 0.34674066 -0.93753791
3 0.25618637 -0.89396006 -0.36770099 3 -0.9660362 -0.25008607 -0.065048367 3 -0.033806302 0.37187713 -0.92766625
3 0.55884916 -0.69958234 -0.44527763 3 -0.82601684 -0.51711375 -0.22425374 3 -0.073376022 0.49313185 -0.86685473
3 0.80611253 -0.32004809 0.49774683 3 0.26746801 -0.55325073 -0.78890741 3 0.52786708 0.76907939 -0.36037967
3 -0.3656722 0.76489633 0.53029937 3 0.88309997 0.46508577 -0.061884448 3 -0.2939699 0.44567797 -0.84554893
3 -0.49301785 0.80383521 0.33284003 3 0.86826563 0.4788731 0.12959793 3 -0.05521277 0.3528876 -0.93403536
3 -0.10609418 0.91659695 0.38547921 3 0.99424285 0.1036384 0.027209625 3 -0.015010186 0.38614666 -0.92231524
3 -0.45510113 0.80170375 0.38749713 3 0.89023757 0.41892809 0.17881918 3 -0.018973392 0.42634529 -0.90436149
3 -0.53094929 -0.73369533 -0.42400956 3 -0.84738606 0.45646125 0.27125698 3 -0.0054747481 0.50332528 -0.86407983
3 -0.53581876 -0.70323795 -0.46728435 3 -0.84431225 0.44238034 0.30238485 3 -0.0059297895 0.55655909 -0.83078694
3 0.62598974 -0.64450085 -0.4390395 3 -0.77970302 -0.50705051 -0.36737379 3 0.014157538 0.57229251 -0.81992751
3 -0.0069676354 -0.82199508 -0.56945187 3 -0.99997205 0.0041683391 0.0062184129 3 -0.0027378194 0.56948137 -0.82199985
3 -0.29114529 -0.72893244 -0.61959016 3 -0.95667845 0.22241491 0.1878774 3 0.00085603143 0.64744782 -0.76210922
3 0.9439075 0.22598355 0.24077012 3 0.32596868 -0.75417042 -0.57006311 3 0.052756768 0.61657023 -0.78553057
3 -0.70688248 0.53027332 0.46811038 3 0.69062233 0.66041386 0.29477865 3 -0.15283333 0.53166133 -0.83305365
3 -0.31957093 -0.81391495 -0.48519772 3 -0.93975687 0.20664856 0.27231091 3 -0.12137213 0.54299158 -0.83092052
3 -0.6674825 0.60324931 0.43652868 3 0.74330693 0.57466668 0.3424221 3 -0.044292618 0.55303562 -0.83197945
3 -0.55740809 0.6794796 0.47707856 3 0.82970101 0.47657642 0.29063997 3 -0.029880475 0.55783749 -0.82941222
3 -0.80075896 0.50980294 0.31446156 3 0.59888792 0.67188019 0.43578735 3 0.010885097 0.53728789 -0.84332883
3 0.68394667 -0.48565361 0.54438734 3 -0.70895517 -0.61844468 0.33898222 3 0.17204554 -0.61779195 -0.76728976
3 -0.25206095 0.90933496 0.33102107 3 0.90461183 0.34290889 -0.25316125 3 -0.34371853 0.23563355 -0.90902936
3 -0.16664124 -0.97703475 -0.1327924 3 -0.9509843 0.12367597 0.28343093 3 -0.26049855 0.17351538 -0.94975412
3 -0.23827001 0.94718271 0.21464477 3 0.96585119 0.25425962 -0.049835544 3 -0.10177886 0.19544061 -0.97541994
3 -0.99117064 0.10187757 -0.084864348 3 0.081808083 0.97356367 0.21326424 3 0.10434766 0.20443863 -0.97330189
3 -0.31580701 -0.91434711 -0.25344709 3 -0.93606645 0.34389532 -0.074269369 3 0.15506724 0.21378851 -0.96449405
3 -0.36757013 0.85351455 -0.36933064 3 0.92796612 0.31038228 -0.20625651 3 -0.061409246 -0.41854003 -0.90611982
3 -0.33339486 0.77353644 -0.53897071 3 0.94054604 0.31229076 -0.13359708 3 0.064973354 -0.55146724 -0.8316626
3 -0.8468762 0.39413658 -0.3570115 3 0.51551443 0.77327251 -0.36918119 3 0.13055858 -0.49669492 -0.85804939
3 0.67771071 -0.56131047 0.4750146 3 -0.72093058 -0.63440722 0.27890286 3 0.14480159 -0.53146791 -0.83461034
3 0.56339401 -0.76491141 -0.31224638 3 -0.74757385 -0.63287681 0.20149492 3 -0.35173923 0.11990619 -0.92838669
3 0.094474912 -0.9659155 0.24100167 3 -0.98924941 -0.11823089 -0.086064957 3 0.11162531 -0.2302798 -0.96670109
3 -0.07761246 0.8487606 0.52305073 3 0.90342003 0.28176641 -0.32317245 3 -0.42167404 0.44745219 -0.78865564
3 0.41200018 -0.79051703 -0.45314324 3 -0.86082113 -0.50072968 0.090869471 3 -0.2987361 0.35263699 -0.88679439
3 -0.15251768 0.94256866 0.29715747 3 0.96459717 0.20742838 -0.16286778 3 -0.21515298 0.26179704 -0.94083565
3 -0.6159398 0.75270855 -0.23248273 3 0.76757604 0.63983274 0.037968159 3 0.17732899 -0.15506205 -0.97185928
3 0.12205353 0.96585751 -0.22852154 3 0.96887988 -0.065989122 0.23857325 3 0.21534786 -0.25052866 -0.94385421
3 -0.32216614 0.82994229 0.45541701 3 0.93808609 0.34455764 0.035696164 3 -0.12729166 0.43872049 -0.88956225
3 -0.25464687 0.89608663 0.36357075 3 0.96632373 0.25019968 0.060155306 3 -0.037060913 0.36664537 -0.92962235
3 0.29017302 -0.91526949 0.27943081 3 -0.95546418 -0.29348707 0.030884765 3 0.053741448 -0.27594802 -0.95966905
3 -0.41211125 0.77897245 -0.47261652 3 0.8874377 0.46070006 -0.014494583 3 0.20644185 -0.4253878 -0.88115102
3 0.13763827 -0.91803581 -0.37184134 3 -0.98584586 -0.16325691 0.038149554 3 -0.095728479 0.36132839 -0.92751175
3 0.08037366 -0.98437184 -0.15669131 3 -0.98666269 -0.10089414 0.1277394 3 -0.14155233 0.14433505 -0.97935212
3 0.51471329 -0.85660052 0.036133785 3 -0.85474128 -0.50939089 0.099690519 3 -0.066988736 -0.082197085 -0.99436218
3 0.25617564 -0.957075 0.13557887 3 -0.96372491 -0.26374754 -0.04088654 3 0.07489007 -0.12018657 -0.98992258
3 0.10409933 -0.91981357 0.37829396 3 -0.97963965 -0.16048205 -0.12063037 3 0.17166685 -0.35803425 -0.9177919
3 0.78664476 0.45683441 -0.41532218 3 0.61728358 -0.5685454 0.54379892 3 0.012296498 -0.68414807 -0.72923946
3 0.67003894 -0.54447007 -0.50457925 3 -0.68560255 -0.71449691 -0.13943937 3 -0.28459969 0.43937057 -0.85203081
3 0.27954173 0.90593278 -0.31802827 3 0.95291775 -0.30231136 -0.023562342 3 -0.11748947 -0.29646817 -0.9477883
3 0.29747757 0.8983922 0.32310742 3 0.89728403 -0.14746116 -0.41609669 3 -0.32617229 0.41369858 -0.84997952
3 0.28600499 0.95798665 0.021512438 3 0.92231804 -0.26912901 -0.27730742 3 -0.25986716 0.099152587 -0.96054053
3 0.32690424 0.85044873 -0.41215354 3 0.92077184 -0.3848505 -0.063790411 3 -0.21286799 -0.35864601 -0.90887851
3 0.45725146 -0.53991306 -0.70669281 3 -0.84597874 -0.50915062 -0.15838274 3 -0.27430025 0.670268 -0.689565
3 0.97835279 0.13643365 -0.15559998 3 -0.013574533 -0.70796776 -0.70611387 3 -0.20649756 0.69294089 -0.69079041
3 0.47840056 0.82785249 -0.29290462 3 0.53728962 -0.53977603 -0.64804465 3 -0.69458795 0.15265083 -0.70302594
3 0.10155668 0.97347116 -0.20503728 3 0.94907379 -0.15659256 -0.27338225 3 -0.29823703 -0.1668317 -0.93979883
3 -0.49202958 0.86656994 -0.083447427 3 0.83672827 0.44425204 -0.32019669 3 -0.24040113 -0.22736906 -0.94366872
3 0.20929062 -0.96425122 0.16253379 3 -0.96454585 -0.17624187 0.19644499 3 -0.16077703 -0.19788536 -0.96695006
3 -0.041002393 0.95145231 -0.30505285 3 0.99620211 0.015457321 -0.085689299 3 -0.076813988 -0.30740774 -0.94847262
3 -0.34081942 -0.82049257 0.45894942 3 -0.93954587 0.31445813 -0.13553765 3 -0.033112723 -0.47739768 -0.87806344
3 -0.18226548 0.82547814 -0.5341959 3 0.98323131 0.15632769 -0.09390568 3 0.0059925229 -0.54235381 -0.84012896
3 -0.71799386 0.46626887 -0.51679617 3 0.68873793 0.58325088 -0.43064922 3 0.1006235 -0.66514057 -0.7399075
3 -0.9834094 -0.032486528 -0.17846753 3 0.068578817 0.8442359 -0.5315665 3 0.16793741 -0.5349865 -0.82800156
3 -0.61839479 -0.7139194 0.32849199 3 -0.76845539 0.46182862 -0.44293433 3 0.16451238 -0.52633971 -0.83420759
3 -0.24953891 0.9680407 0.025049351 3 0.95025426 0.24976948 -0.18609697 3 -0.18640602 -0.022635184 -0.98221207
3 0.55262828 -0.83064967 -0.067993246 3 -0.83094597 -0.55543733 0.031909294 3 -0.064271025 0.038864125 -0.99717546
3 0.3261857 -0.94320488 -0.062987939 3 -0.94511646 -0.32672915 -0.0017612372 3 -0.018918788 0.060105424 -0.99801278
3 -0.9748776 0.11516702 -0.19065809 3 0.12992074 0.98927587 -0.066741779 3 0.18092696 -0.089835487 -0.9793852
3 -0.32790887 0.80201668 0.49924466 3 0.91284895 0.40507844 -0.051174119 3 -0.2432757 0.43895444 -0.86494869
3 -0.52852774 0.84762269 0.04684189 3 0.84835786 0.52537507 0.065344065 3 0.030777561 0.074274831 -0.99676269
3 -0.079258472 -0.99616659 0.037016675 3 -0.99518424 0.0769227 -0.060755324 3 0.057675 -0.041653786 -0.99746603
3 0.27779371 -0.95766592 0.075543508 3 -0.96063036 -0.27656153 0.026521284 3 -0.004506099 -0.079936825 -0.99678981
3 0.83413982 0.50106508 -0.23053113 3 0.53928727 -0.65327555 0.53141379 3 0.11567254 -0.56759584 -0.81514108
3 0.77486014 0.53752959 -0.33264661 3 0.62595737 -0.57908356 0.52234066 3 0.088143334 -0.6129635 -0.78517932
3 -0.19504252 0.70047021 -0.68651289 3 0.97910392 0.18014169 -0.094365329 3 0.057569481 -0.69057262 -0.72096843
3 0.70613372 0.48906776 -0.51204258 3 0.70778221 -0.46661246 0.53039294 3 0.02047267 -0.73694319 -0.67564446
3 0.74897641 0.4886899 -0.44745573 3 0.6625843 -0.55653274 0.50125188 3 -0.0040669702 -0.67190289 -0.74062806
3 -0.027823538 -0.84800059 0.52926439 3 -0.99942148 0.013242632 -0.031322118 3 0.019552322 -0.52982974 -0.84787852
3 -0.85876048 -0.39878285 0.32171825 3 -0.51237708 0.66891408 -0.53853858 3 -0.00044190878 -0.62731677 -0.77876419
3 -0.48501599 0.64596105 -0.58948618 3 0.87052274 0.42088979 -0.255034 3 0.083366692 -0.63685662 -0.76646191
3 -0.049841184 0.74367201 -0.66668421 3 0.99721724 -3.8743019e-07 -0.074552208 3 -0.055442754 -0.6685431 -0.74160397
3 -0.58207566 0.81166959 -0.048791364 3 0.80312407 0.5644871 -0.19064729 3 -0.12720048 -0.15015663 -0.98044538
3 0.7929998 0.58286107 -0.1772687 3 0.60910881 -0.76415038 0.21227455 3 -0.01173338 -0.27630964 -0.96099699
3 -0.51855397 0.67975879 -0.51868093 3 0.8516475 0.46463427 -0.2425112 3 0.076147817 -0.56748837 -0.81985265
3 -0.36106709 0.66253334 -0.65626228 3 0.93038595 0.30373493 -0.2052491 3 0.063345388 -0.68468589 -0.72608036
3 0.78300881 0.48132774 -0.39398086 3 0.61926365 -0.5437721 0.56641406 3 0.058394913 -0.68748516 -0.72384703
3 0.19475546 -0.95675385 -0.21608464 3 -0.98026049 -0.18220657 -0.076748893 3 0.034057755 0.22676647 -0.97335356
3 -0.43091273 -0.79602492 0.42503944 3 -0.89866561 0.42131898 -0.12202647 3 -0.081941046 -0.43455106 -0.89691198
3 0.28699389 -0.88581443 0.36464661 3 -0.95784122 -0.27061453 0.096477889 3 0.013217158 -0.37696216 -0.92613447
3 0.0075734234 0.83473784 -0.55059546 3 0.99968088 0.0069453032 0.024280103 3 0.024091583 -0.55060256 -0.83441967
3 0.11718399 0.82371068 -0.55476892 3 0.9838177 -0.0200468 0.17804697 3 0.13553776 -0.56665647 -0.81272995
3 -0.10985568 0.92472625 0.36443514 3 0.97129118 0.17771395 -0.15814856 3 -0.21100935 0.33659917 -0.91770148
3 -0.21839723 0.94561982 0.24105138 3 0.94854599 0.2637392 -0.17522074 3 -0.22926691 0.1903806 -0.9545638
3 0.0062285922 0.9992075 0.039312527 3 0.98699701 0.00017156638 -0.16073839 3 -0.16061777 0.039802503 -0.98621386
3 0.99856681 -0.033399642 0.041816719 3 -0.036101568 -0.99719137 0.065619498 3 0.039507601 -0.067035116 -0.99696815
3 0.85525984 0.51617312 0.045781069 3 0.51666695 -0.85618556 0.0012114495 3 0.039822411 0.022617463 -0.99895072
3 0.296819 -0.49980301 -0.81369251 3 -0.95410597 -0.19069082 -0.23090902 3 -0.03975467 0.84488702 -0.53346562
3 -0.30534378 -0.60103178 -0.73859727 3 -0.95051396 0.145666 0.27441698 3 -0.057344791 0.7858386 -0.6157673
3 -0.015317559 -0.70921171 -0.70482928 3 -0.99548072 -0.055256397 0.077234045 3 -0.093721598 0.70282686 -0.70516002
3 -0.04661721 -0.71699572 -0.69551724 3 -0.98789096 -0.070056766 0.13843384 3 -0.14798212 0.69354844 -0.70504755
3 -0.26514238 -0.76282293 -0.5897463 3 -0.96201766 0.16807258 0.21511291 3 -0.064972892 0.6243819 -0.77841234
3 0.15756398 0.91097981 0.38116843 3 0.97162342 -0.074060075 -0.22463985 3 -0.176413 0.40574732 -0.89679849
3 0.021412939 -0.92531151 0.37860277 3 -0.99826986 -0.04053051 -0.042597305 3 0.054760743 -0.37703562 -0.92457849
3 0.35623786 0.78123289 -0.51261085 3 0.9280532 -0.23201363 0.29135358 3 0.10868196 -0.57952195 -0.80767715
3 0.51662672 -0.62521309 -0.58498329 3 -0.82544649 -0.54519022 -0.14630787 3 -0.22745487 0.55846053 -0.79773825
3 -0.1239951 -0.90551686 -0.40578872 3 -0.97630608 0.038242228 0.21298815 3 -0.17734608 0.42258349 -0.88880342
3 0.54109859 -0.80986565 -0.22656101 3 -0.83804303 -0.54170108 -0.065142892 3 -0.069971159 0.22511633 -0.97181612
3 -0.79183388 0.6004284 0.11173587 3 0.61053467 0.78291613 0.11954048 3 -0.01570431 0.1628748 -0.98652178
3 -0.7370882 0.67577821 -0.0049812295 3 0.67578912 0.73709476 -0.00071885297 3 0.0031858531 -0.0038961184 -0.99998736
3 -0.17485951 0.93460405 0.30974126 3 0.98306894 0.18322474 0.0021191277 3 -0.054771703 0.30486751 -0.9508186
3 0.1717058 0.97614294 0.1328979 3 0.97942656 -0.15463001 -0.12966521 3 -0.1060218 0.15242803 -0.98261142
3 -0.15031192 0.94179994 0.30069792 3 0.97597581 0.18988085 -0.106848 3 -0.15772621 0.27741334 -0.94771528
3 0.23509407 0.96411926 0.12330782 3 0.97180021 -0.23076332 -0.048505411 3 -0.018310074 0.13123392 -0.99118239
3 0.6197508 -0.78479809 0.00093777484 3 -0.78363693 -0.61876792 0.055130903 3 -0.042686544 -0.03490207 -0.99847871
3 -0.12993112 -0.98850709 0.077275269 3 -0.98934925 0.13440968 0.055873904 3 -0.065618306 -0.069192469 -0.99544287
3 0.017695595 0.70876384 -0.70522386 3 0.99947286 0.0066644112 0.031776804 3 0.027222186 -0.70541304 -0.70827371
3 0.054475568 0.72100562 -0.69078451 3 0.99690485 1.8626451e-08 0.078616366 3 0.056682844 -0.69292939 -0.71877384
3 -0.24003699 0.67300045 -0.69960892 3 0.96537113 0.24134317 -0.099056378 3 0.10218142 -0.69916105 -0.70762485
3 -0.28451064 0.74251199 0.60640728 3 0.9584527 0.23387049 0.16331986 3 -0.020553803 0.62767881 -0.77820116
3 -0.076341137 -0.88364154 -0.461898 3 -0.99528515 0.039736398 0.088479422 3 -0.059829853 0.46647561 -0.88250828
3 -0.77250606 0.47663745 0.41958445 3 0.62326771 0.69559109 0.35733765 3 -0.1215387 0.53755897 -0.8344211
3 0.087395191 0.87821293 0.47021687 3 0.98373109 -0.0017131865 -0.17963801 3 -0.15695488 0.4782666 -0.86407524
3 -0.27856362 0.81217033 0.51262242 3 0.95693254 0.2801404 0.07616698 3 -0.081745662 0.51176238 -0.85522914
3 -0.07106334 -0.87938017 -0.47078723 3 -0.99363989 0.021077957 0.11061437 3 -0.087348633 0.47565621 -0.8752836
3 -0.04343012 0.93605268 0.34916946 3 0.99195135 0.082010403 -0.096473195 3 -0.11893951 0.34216923 -0.93208033
3 0.96368873 -0.15029737 0.22071359 3 -0.22892728 -0.89052415 0.39313936 3 0.137463 -0.42939144 -0.89259547
3 0.13497999 0.91199279 0.38736242 3 0.98428446 -0.078490198 -0.15818833 3 -0.11386246 0.40262699 -0.90825486
3 0.59669018 -0.74247843 -0.30444467 3 -0.79986405 -0.58084655 -0.15111122 3 -0.064638078 0.33368003 -0.94046766
3 0.11309436 -0.97111166 -0.2101233 3 -0.91716516 -0.020701624 -0.39796928 3 0.38212273 0.23772588 -0.89301103
3 0.16321805 -0.95700824 0.23978138 3 -0.98591161 -0.16722719 0.003673248 3 0.036582634 -0.23700278 -0.97082001
3 0.68273109 -0.63466191 0.36205286 3 -0.73066157 -0.5906955 0.34236279 3 -0.0034216016 -0.49827999 -0.86700946
3 0.79729784 -0.53660417 0.27635515 3 -0.60335523 -0.69588393 0.3894974 3 -0.016694793 -0.47728577 -0.87858963
3 -0.052868366 0.91264737 -0.40531427 3 0.99663883 0.022788987 -0.078685507 3 -0.06257543 -0.40811181 -0.91078472
3 -0.28082269 0.81474859 -0.50727051 3 0.95924723 0.25553501 -0.12060943 3 0.03135914 -0.52046806 -0.85330516
3 -0.14000624 -0.75016248 -0.64626205 3 -0.96798003 -0.033648916 0.24876194 3 -0.20835778 0.66039735 -0.72143078
3 0.98055011 0.10862063 -0.16347103 3 -0.0078561977 -0.81050664 -0.58567643 3 -0.19611093 0.57556951 -0.79388922
3 -0.17057373 -0.81517434 -0.55352998 3 -0.9556545 5.9604645e-08 0.29449081 3 -0.24006139 0.57921535 -0.77902526
3 0.51475656 -0.53245217 -0.67195261 3 -0.81093627 -0.55673826 -0.18006966 3 -0.27822405 0.63760364 -0.71836847
3 -0.75156271 -0.59099519 0.29304981 3 -0.64318991 0.55786264 -0.52449584 3 0.14649297 -0.5826782 -0.79939091
3 -0.93332517 0.16012028 -0.32134956 3 0.32725564 0.74754578 -0.57799578 3 0.14767468 -0.64462149 -0.75010359
3 -0.30837986 0.67302662 -0.67226261 3 0.94382524 0.30467847 -0.12792614 3 0.11872623 -0.67394823 -0.72917622
3 0.76997691 -0.39650002 0.49992323 3 -0.62483919 -0.62727869 0.46486282 3 0.12927306 -0.67030531 -0.73073888
3 0.21340176 -0.72656715 0.65311557 3 -0.9718827 -0.22597867 0.066164114 3 0.099517502 -0.64887118 -0.75436229
3 0.17384011 -0.71542263 0.67672002 3 -0.98048425 -0.18981278 0.051204525 3 0.091817245 -0.67241478 -0.73445773
3 0.24248798 -0.62971181 -0.73801261 3 -0.96413434 -0.24103352 -0.11112187 3 -0.10791044 0.73848754 -0.66557628
3 0.031894341 -0.70491582 -0.70857352 3 -0.99898851 4.0978193e-08 -0.044966556 3 0.031697582 0.70929283 -0.70420098
3 -0.99556649 0.024828196 -0.090723723 3 -0.040397592 0.75817692 0.65079618 3 0.084942773 0.65157598 -0.75381261
3 0.14690685 -0.84240061 -0.51843947 3 -0.98062682 -0.19269164 0.03522639 3 -0.1295737 0.50322074 -0.85438848
3 0.16365689 -0.83661824 -0.5227679 3 -0.97348875 -0.22279418 0.051792607 3 -0.15980029 0.50043249 -0.85090029
